# avg	std	min	max
0.04977 0.01274 0.03200 0.06422
0.00000 0.00000 0.00000 0.00000
0.72372 0.23020 0.26755 0.86598
-0.00026 0.05023 -0.06404 0.07234
0.85506 0.06183 0.77938 0.91373
-0.03031 0.19805 -0.40712 0.17662
-0.07471 0.10957 -0.21943 0.03832
0.25099 0.24348 -0.02073 0.57665
-1.20834 0.03903 -1.27880 -1.16231
-0.00673 0.00024 -0.00706 -0.00638
0.70767 0.04101 0.66548 0.77594
0.46069 0.02069 0.43060 0.48415
-0.03156 0.32728 -0.59386 0.32392
0.18548 0.00341 0.17877 0.18829
0.26967 0.02199 0.25301 0.31251
0.36379 0.00567 0.35851 0.37073
0.19521 0.12967 -0.06375 0.27339
-0.01518 0.02188 -0.05487 0.01026
0.07147 0.00662 0.06471 0.08354
0.45009 0.00146 0.44722 0.45125
