# avg	std	min	max
-0.04744 0.00000 -0.04744 -0.04744
0.00000 0.00000 0.00000 0.00000
-0.07371 0.00003 -0.07374 -0.07365
-0.16609 0.00517 -0.17131 -0.15870
-0.25889 0.00028 -0.25924 -0.25842
-0.05207 0.05130 -0.13645 0.00756
0.04740 0.00814 0.03906 0.05848
-0.09628 0.00484 -0.09873 -0.08660
-0.31865 0.00020 -0.31882 -0.31837
-0.00038 0.00055 -0.00147 -0.00010
-0.07484 0.00038 -0.07521 -0.07432
-0.22911 0.00273 -0.23168 -0.22578
0.04352 0.00536 0.03696 0.04834
-0.28089 0.00552 -0.28672 -0.27072
-0.06472 0.00317 -0.07094 -0.06251
-0.47221 0.00100 -0.47419 -0.47142
-0.27187 0.00601 -0.27999 -0.26537
-0.30213 0.00201 -0.30615 -0.30097
-0.19011 0.00555 -0.19520 -0.18042
-0.12515 0.00489 -0.13319 -0.11961
