# avg	std	min	max
1.11693 0.10690 0.99790 1.24151
0.00000 0.00000 0.00000 0.00000
0.03603 0.06426 -0.04955 0.14732
-0.91631 0.07216 -0.99341 -0.79548
-0.68020 0.05175 -0.73866 -0.59628
-0.87421 0.12077 -1.09309 -0.74031
-0.78093 0.05800 -0.82521 -0.67367
-0.66225 0.04424 -0.70094 -0.58080
3.33945 0.14586 3.21821 3.61283
0.74170 0.00178 0.74081 0.74526
0.98751 0.00004 0.98747 0.98758
0.43115 0.14988 0.29811 0.62969
-0.80321 0.00804 -0.80741 -0.78714
-0.16311 0.00396 -0.16595 -0.15548
-0.30194 0.16063 -0.51028 -0.12421
0.39381 0.01046 0.38135 0.41318
-0.15700 0.10200 -0.23660 0.04100
-0.66640 0.09062 -0.77321 -0.50122
-0.43251 0.06790 -0.51673 -0.32756
-0.08905 0.11400 -0.28233 0.05482
