# avg	std	min	max
0.98728 0.01632 0.96191 1.01352
0.00000 0.00000 0.00000 0.00000
1.20107 0.26075 0.91971 1.59573
-0.43162 0.15742 -0.56797 -0.12289
0.76212 0.33781 0.36840 1.37218
-0.30303 0.08369 -0.37714 -0.16647
-0.35353 0.03043 -0.37360 -0.29313
-0.12928 0.06056 -0.17326 -0.01137
3.55818 0.02065 3.51910 3.57875
0.58384 0.01610 0.56829 0.61500
1.29861 0.16589 1.01153 1.47568
0.81088 0.03633 0.76082 0.84330
-0.17320 0.13236 -0.32787 0.02014
0.69281 0.08811 0.52763 0.77092
0.21235 0.28546 -0.08172 0.62169
1.15531 0.04229 1.08899 1.21716
0.83319 0.06139 0.74125 0.92642
-1.04605 0.31989 -1.46433 -0.60650
-0.24210 0.33860 -0.91397 -0.03039
0.67933 0.15951 0.56434 0.99228
