# avg	std	min	max
0.77334 0.00000 0.77334 0.77334
-0.00000 0.00000 -0.00000 0.00000
0.30079 0.00011 0.30058 0.30088
-0.17566 0.02657 -0.20823 -0.15332
-0.06358 0.00276 -0.06722 -0.05878
-0.27216 0.02167 -0.29718 -0.23727
-0.00650 0.01158 -0.01933 0.00748
0.05358 0.02940 0.02675 0.09241
2.92568 0.12513 2.77113 3.03208
0.51724 0.00114 0.51592 0.51887
0.36866 0.00167 0.36659 0.37020
0.53439 0.01943 0.49622 0.54999
0.07809 0.00692 0.06780 0.08959
-0.07959 0.00011 -0.07971 -0.07943
-0.29334 0.01275 -0.30541 -0.27500
0.43950 0.00923 0.43406 0.45792
0.17745 0.00747 0.17076 0.19127
-0.10065 0.05466 -0.17921 -0.03910
0.11100 0.04274 0.02615 0.13847
0.07889 0.01501 0.05796 0.10398
