# avg	std	min	max
1.54991 0.00886 1.54548 1.56763
-0.00000 0.00000 -0.00000 0.00000
1.72237 0.40322 1.37177 2.41768
2.26445 0.00894 2.24695 2.27236
2.98786 0.75216 2.04210 3.73208
0.13364 0.67553 -0.91824 0.97806
8.31698 1.75148 6.41872 10.42730
13.55586 1.49937 10.79140 15.35800
4.22896 0.12690 3.98461 4.33738
0.64488 0.04431 0.55628 0.66871
1.54066 0.23378 1.30621 1.85915
1.54453 0.00157 1.54219 1.54623
9.59715 3.18926 4.28428 12.92100
2.92027 0.16085 2.79526 3.23439
2.89056 0.16246 2.57995 3.02038
4.43230 0.27811 4.16471 4.92765
2.45585 0.31048 1.94256 2.90162
3.90211 0.96533 2.88765 5.44570
7.59657 1.86055 6.15943 11.16310
11.71206 2.50392 7.94078 14.06840
