# avg	std	min	max
0.54653 0.00000 0.54653 0.54653
0.00000 0.00000 0.00000 0.00000
0.20196 0.00562 0.19441 0.20861
-0.55039 0.02848 -0.58609 -0.51524
-0.51239 0.00681 -0.52379 -0.50545
-0.67473 0.06694 -0.79090 -0.59017
-0.68177 0.03223 -0.72096 -0.62646
-0.59753 0.02493 -0.63621 -0.56416
2.37212 0.06666 2.29323 2.48168
0.61917 0.00009 0.61906 0.61925
0.43044 0.00249 0.42559 0.43261
0.54645 0.00282 0.54409 0.55017
-0.66020 0.19349 -0.94140 -0.42885
0.40885 0.00557 0.40194 0.41512
-0.53172 0.07066 -0.62091 -0.46022
0.17013 0.00029 0.16965 0.17056
-0.11163 0.00779 -0.11839 -0.09712
-0.50167 0.03025 -0.54525 -0.45894
-0.46439 0.07142 -0.58070 -0.40160
0.25964 0.02416 0.23042 0.29009
