# avg	std	min	max
1.29063 0.02096 1.24870 1.30111
-0.00000 0.00000 -0.00000 0.00000
0.94630 0.08073 0.84713 1.05088
-0.94794 0.03312 -1.00096 -0.90041
0.37313 0.07080 0.28400 0.45804
-0.86042 0.11671 -1.05214 -0.71887
-0.04579 0.07959 -0.16753 0.05180
-0.54547 0.07318 -0.65539 -0.46070
2.65873 0.09934 2.56416 2.81894
0.80128 0.00726 0.79267 0.81095
0.74281 0.20624 0.49715 1.01384
0.64572 0.01049 0.63765 0.66396
0.03904 0.16897 -0.17592 0.28627
-0.88819 0.01272 -0.90922 -0.87230
0.16969 0.00738 0.15871 0.18052
1.33091 0.32633 0.95701 1.72116
0.63124 0.00746 0.62151 0.64311
-0.49957 0.04692 -0.55448 -0.43811
-0.50060 0.18390 -0.76067 -0.28343
0.03741 0.05105 -0.05546 0.08753
