# avg	std	min	max
0.24198 0.00000 0.24198 0.24198
0.00000 0.00000 0.00000 0.00000
0.18231 0.00014 0.18221 0.18258
-0.12024 0.11408 -0.23567 0.02504
0.02317 0.00643 0.01379 0.03302
-0.21870 0.02529 -0.24751 -0.17252
-0.09710 0.01837 -0.12726 -0.07319
-0.11531 0.02352 -0.14572 -0.08748
-0.47901 0.21154 -0.68488 -0.19890
0.27552 0.00001 0.27551 0.27553
0.27281 0.02320 0.26018 0.31918
0.25489 0.00020 0.25469 0.25524
-0.03268 0.03149 -0.08463 0.00509
0.21356 0.00122 0.21163 0.21480
-0.33978 0.05943 -0.39492 -0.26189
0.58030 0.00660 0.57368 0.58847
0.18516 0.00453 0.17679 0.19011
-0.23836 0.06687 -0.35521 -0.17072
-0.84933 0.26083 -1.21793 -0.58125
0.12036 0.01884 0.10575 0.15620
