# avg	std	min	max
0.91106 0.05019 0.84139 0.97456
0.00000 0.00000 0.00000 0.00000
6.39502 0.57691 5.65594 7.01396
8.86932 2.42555 6.67044 12.26480
9.72877 1.26876 7.98020 11.27100
7.03957 1.28233 4.70259 8.63188
20.96102 4.81031 17.01770 30.21000
47.03502 15.86594 23.22490 60.89300
7.88513 0.67766 7.35959 9.20399
3.42942 0.00170 3.42749 3.43253
6.68033 0.50130 5.76247 7.22699
2.94149 0.06472 2.86202 2.99639
36.84588 10.31178 19.01090 45.61140
8.35295 1.65573 5.29888 9.75228
12.68347 1.83411 9.43986 15.00100
6.94016 0.93581 5.85223 8.36822
10.91118 1.59937 8.13622 12.97590
12.49096 2.62805 8.54699 16.46280
21.75014 0.88611 20.73090 22.80020
26.52156 3.01977 21.69750 29.83590
