# avg	std	min	max
0.28733 0.00000 0.28733 0.28733
0.00000 0.00000 0.00000 0.00000
0.46060 0.00043 0.46024 0.46118
0.31831 0.06629 0.26226 0.40365
0.15428 0.04459 0.10158 0.21160
-0.24820 0.03494 -0.30355 -0.19559
-0.02634 0.02421 -0.07475 -0.01404
-0.00438 0.02725 -0.03775 0.03984
2.14097 0.02824 2.12344 2.19722
-0.92839 0.00111 -0.93012 -0.92724
-0.56167 0.01864 -0.58508 -0.52886
-0.04339 0.05693 -0.15694 -0.01026
0.12352 0.03085 0.08928 0.17012
-0.06427 0.03358 -0.13079 -0.04307
-0.45223 0.10178 -0.60510 -0.30071
-0.38898 0.00525 -0.39593 -0.38345
-0.16111 0.06662 -0.27060 -0.09923
0.01648 0.09146 -0.16544 0.07866
-0.25350 0.06402 -0.37721 -0.19784
0.15312 0.07536 0.07726 0.24859
