# avg	std	min	max
0.51373 0.04468 0.44264 0.56409
0.00000 0.00000 0.00000 0.00000
1.16375 0.07694 1.06442 1.28369
-0.44866 0.35980 -0.71829 0.25453
1.18937 0.18827 0.82820 1.35709
-0.52365 0.09848 -0.64822 -0.40426
0.28572 0.04414 0.23776 0.33959
5.96719 1.66678 3.67308 8.70925
3.54290 0.09062 3.42328 3.63829
-0.14264 0.05516 -0.20115 -0.05760
0.73608 0.36106 0.15983 1.09139
-0.28770 0.00059 -0.28848 -0.28669
2.47944 0.04864 2.38453 2.52373
1.28058 0.00163 1.27833 1.28312
1.94570 0.69967 0.70951 2.64385
2.52324 0.00757 2.51619 2.53303
3.48093 0.01928 3.45227 3.51185
0.62628 0.67859 -0.39408 1.35362
-0.58467 0.72296 -1.91604 0.13490
1.48792 0.01705 1.46085 1.50539
