# avg	std	min	max
0.78521 0.22694 0.44686 0.99339
0.00000 0.00000 -0.00000 0.00000
1.31581 0.08328 1.21471 1.43877
7.28601 0.85667 5.57750 7.83665
4.12324 0.88550 3.09857 5.65394
3.61206 0.59039 2.56795 4.31422
18.91856 2.41652 16.27390 23.22280
18.85802 5.79489 13.72550 26.46410
3.80281 0.35430 3.10650 4.09854
0.19553 0.04825 0.13446 0.25882
0.49210 0.10665 0.38093 0.65500
1.77073 0.47742 0.99592 2.29625
17.38388 4.14573 10.28330 22.50460
4.11914 0.17733 3.77795 4.27237
4.63451 1.53416 2.76269 7.17843
9.27260 1.94792 7.57327 11.74360
6.60163 0.59736 5.71690 7.17366
6.15803 1.62161 3.89180 8.81611
7.30760 1.06653 5.96711 8.87543
21.59174 1.24909 19.94000 22.80550
