# avg	std	min	max
0.03498 0.00000 0.03498 0.03498
0.00000 0.00000 0.00000 0.00000
0.77402 0.00009 0.77394 0.77415
-0.07726 0.01029 -0.08489 -0.05752
2.18018 0.00018 2.18000 2.18048
-0.45469 0.02905 -0.49404 -0.42260
-0.02271 0.53690 -0.74946 0.52407
-0.95187 0.01017 -0.96423 -0.93405
1.78697 0.01716 1.75473 1.80599
-0.32578 0.00050 -0.32677 -0.32538
0.52394 0.15533 0.41846 0.82690
-0.13169 0.12331 -0.23453 0.02483
0.54056 0.00795 0.53016 0.55420
-0.35602 0.01867 -0.37625 -0.32513
0.13217 0.01925 0.10390 0.15438
0.79541 0.01112 0.78621 0.81066
0.63409 0.06662 0.53549 0.72597
0.05544 0.02293 0.03469 0.10014
0.05643 0.02460 0.03524 0.09651
0.50598 0.00618 0.49373 0.51015
