# avg	std	min	max
-0.49338 0.01661 -0.51565 -0.47443
0.00000 0.00000 0.00000 0.00000
3.63764 0.67498 2.29313 4.01612
2.00917 0.63829 1.46032 3.04554
4.25919 0.19941 3.95849 4.47267
-0.47389 0.46380 -0.85133 0.43641
3.19489 0.49897 2.58889 3.79560
5.86244 0.39802 5.49799 6.44104
3.25114 0.32336 2.82756 3.70966
0.22574 0.00483 0.22028 0.23291
-0.28253 0.07661 -0.41284 -0.20971
-1.14584 0.01016 -1.16504 -1.13579
3.88800 0.34395 3.53019 4.45357
1.62472 0.38389 0.85719 1.83439
2.13181 0.32263 1.75666 2.70029
3.03146 0.15974 2.91584 3.34870
2.81633 0.47171 2.53058 3.75471
0.54644 0.78024 -0.32174 1.69293
0.59785 0.99868 -1.04179 2.00341
2.97076 0.67069 2.14412 3.82141
