# avg	std	min	max
0.26586 0.01050 0.26061 0.28686
0.00000 0.00000 0.00000 0.00000
0.59591 0.08505 0.47589 0.74235
-0.04377 0.04642 -0.09263 0.03190
0.52584 0.21657 0.28457 0.90067
-0.47111 0.02654 -0.49903 -0.43140
-0.22745 0.01835 -0.24499 -0.19520
-0.33084 0.01205 -0.33816 -0.30683
-0.53871 0.06462 -0.62703 -0.47880
0.25147 0.16547 -0.07947 0.33477
0.54190 0.03934 0.48535 0.58974
0.22334 0.12844 0.06144 0.33725
-0.21693 0.02114 -0.24400 -0.18721
0.49008 0.19202 0.31818 0.72894
-0.31673 0.00740 -0.33124 -0.31052
0.64204 0.00185 0.63897 0.64480
-0.10051 0.00517 -0.10592 -0.09120
-0.30836 0.06024 -0.38941 -0.21147
-0.18583 0.15433 -0.33328 0.00442
-0.10087 0.00872 -0.10756 -0.08370
