# avg	std	min	max
0.75402 0.00002 0.75401 0.75406
0.00000 0.00000 0.00000 0.00000
0.61328 0.04133 0.58666 0.69444
-0.26030 0.02409 -0.29463 -0.23574
0.11097 0.05019 0.06019 0.18939
-0.31814 0.12616 -0.57042 -0.25078
0.05103 0.01124 0.02942 0.06237
0.01617 0.06976 -0.12193 0.06893
3.57751 0.48071 2.92705 4.40054
0.58322 0.00156 0.58127 0.58544
0.79110 0.07132 0.72870 0.87967
0.59193 0.03304 0.54605 0.64770
-0.32459 0.04902 -0.37847 -0.24166
0.42412 0.00503 0.41448 0.42931
0.23452 0.03653 0.17157 0.27065
0.22684 0.00259 0.22532 0.23201
-0.07649 0.04600 -0.12426 -0.01088
-0.26276 0.05092 -0.31272 -0.17163
-0.06141 0.03943 -0.11215 -0.00625
0.46244 0.01369 0.45179 0.48913
