# avg	std	min	max
0.96269 0.00072 0.96124 0.96305
0.00000 0.00000 0.00000 0.00000
-0.66522 0.07150 -0.73862 -0.52827
-0.62735 0.13137 -0.87626 -0.52097
-1.00028 0.15367 -1.26591 -0.82749
-0.55079 0.19977 -0.87863 -0.32505
-0.21344 0.15624 -0.43270 0.00191
-0.12229 0.14931 -0.37743 0.04792
-1.77481 0.11496 -1.93519 -1.57558
0.14493 0.00038 0.14420 0.14524
-0.09933 0.01180 -0.11578 -0.08125
-0.40477 0.38540 -0.69846 0.34152
-0.06118 0.04630 -0.12172 0.00741
0.69184 0.05314 0.62632 0.76027
-0.25856 0.09470 -0.34308 -0.08379
0.00922 0.09735 -0.13590 0.09391
-0.72089 0.47682 -1.66952 -0.40259
-0.46965 0.36579 -0.93541 0.02929
0.13449 0.14234 -0.01170 0.36925
0.72754 0.08672 0.65240 0.88700
