# avg	std	min	max
1.10834 0.02630 1.07250 1.15396
0.00000 0.00000 0.00000 0.00000
7.81508 0.03860 7.74952 7.86512
16.50864 0.14423 16.28390 16.70750
11.86286 0.08712 11.75640 11.95560
14.45364 1.06323 12.37290 15.35070
49.28988 0.03675 49.24680 49.33760
68.72946 2.06212 65.30920 71.37480
4.76042 0.20958 4.52254 5.02507
0.72328 0.00061 0.72290 0.72448
7.14748 0.00652 7.13583 7.15328
3.96988 0.01273 3.95017 3.98721
55.44504 0.04528 55.35880 55.48320
12.25928 0.23365 12.12660 12.72620
18.10874 0.42102 17.84260 18.93780
12.54698 0.52089 12.06500 13.55790
17.97254 1.11873 16.66650 19.31800
22.31014 0.44603 21.66160 22.88630
27.79940 0.89467 26.78810 29.16530
36.12030 0.43631 35.66070 36.68750
