# avg	std	min	max
-0.71179 0.02157 -0.75419 -0.69807
-0.60841 0.01679 -0.64090 -0.59539
0.19715 0.06770 0.08414 0.25102
-0.35492 0.14108 -0.48659 -0.16441
0.17475 0.08947 0.00023 0.25198
-0.46855 0.08390 -0.62735 -0.37923
-0.68798 0.10963 -0.82695 -0.54631
-0.96877 0.01851 -0.99905 -0.94786
0.12396 0.00427 0.11964 0.13168
-0.70294 0.11697 -0.88103 -0.53042
0.01535 0.00866 0.00396 0.02459
-0.24386 0.02855 -0.27284 -0.19498
-0.56463 0.09660 -0.70576 -0.40373
-1.02428 0.28526 -1.18546 -0.45495
-0.45386 0.07676 -0.52074 -0.33265
-0.00496 0.00583 -0.01127 0.00355
-0.13921 0.01703 -0.16636 -0.12209
-0.49615 0.03494 -0.54956 -0.44327
-0.86135 0.26117 -1.22234 -0.62916
-0.15550 0.00362 -0.16001 -0.15139
