# avg	std	min	max
0.54070 0.01048 0.52663 0.55479
-0.19718 0.05280 -0.26725 -0.13746
0.31410 0.60086 -0.26293 1.05261
-0.43014 0.09449 -0.53814 -0.27209
0.51522 0.02834 0.48792 0.56376
-1.01466 0.13752 -1.13712 -0.76556
-0.17891 0.13528 -0.33839 0.05740
-0.59543 0.07364 -0.67170 -0.46285
7.15558 0.23598 6.86763 7.46593
-0.11798 0.09435 -0.21874 0.05925
-0.32211 0.08305 -0.39652 -0.19912
0.57710 0.09685 0.41688 0.72098
-0.12275 0.11601 -0.31676 0.04469
0.70213 0.02224 0.67457 0.74275
-0.30229 0.07554 -0.38734 -0.18910
0.00884 0.01981 -0.00415 0.04833
-0.29473 0.06276 -0.34565 -0.17517
0.00839 0.07769 -0.07664 0.13971
0.31243 0.07620 0.19225 0.41909
0.34918 0.14966 0.16037 0.61731
