# avg	std	min	max
0.69350 0.04416 0.62142 0.74826
0.08510 0.01396 0.06370 0.10554
0.52502 0.00879 0.51646 0.54173
0.03865 0.05684 -0.02940 0.11182
0.19804 0.05071 0.13253 0.26289
-0.32407 0.21709 -0.58653 -0.02001
0.35309 0.04519 0.27223 0.39065
0.15093 0.04934 0.07958 0.22160
-0.09296 0.12092 -0.25689 0.07082
0.55661 0.01798 0.53736 0.58771
0.52409 0.01409 0.50417 0.54077
0.39857 0.02545 0.34916 0.42090
0.38617 0.06726 0.30085 0.47406
0.52361 0.02439 0.49772 0.56491
-0.02330 0.14892 -0.13654 0.26879
-0.00857 0.00668 -0.01864 -0.00122
-0.10385 0.02485 -0.13026 -0.06318
0.13950 0.07693 0.00545 0.24472
0.32498 0.08812 0.22147 0.43472
0.88633 0.03317 0.82833 0.92819
