# avg	std	min	max
1.12874 0.08630 0.98563 1.23391
0.24798 0.11658 0.11246 0.41755
-0.44423 0.13259 -0.61055 -0.22883
0.22478 0.61411 -0.54851 0.94292
0.79815 0.18235 0.61434 1.12125
-0.06540 0.29229 -0.44658 0.34114
13.80550 0.81630 13.31770 15.43440
17.75996 1.37926 15.43420 19.36430
0.99635 0.19155 0.71390 1.26755
0.57726 0.12819 0.47996 0.80580
0.70229 0.07231 0.57981 0.78314
0.00277 0.15753 -0.19875 0.18883
17.67724 1.23175 16.87510 20.11710
2.08756 0.00270 2.08438 2.09159
4.48351 0.18644 4.21107 4.65398
-0.00023 0.00199 -0.00336 0.00293
3.22818 1.07698 1.27032 4.55537
1.88154 0.54843 1.30971 2.81635
4.76978 0.66883 3.72153 5.42165
12.94142 1.63476 10.07390 14.93760
