# avg	std	min	max
0.59233 0.00340 0.58993 0.59883
-0.31497 0.00428 -0.32336 -0.31133
0.01334 0.00724 -0.00026 0.02061
-0.51305 0.00387 -0.51816 -0.50728
-0.56996 0.00461 -0.57817 -0.56418
-0.91579 0.06949 -0.98493 -0.82835
-0.78551 0.00316 -0.79071 -0.78130
-0.71889 0.00428 -0.72385 -0.71376
1.83091 0.02679 1.79575 1.86168
-0.33663 0.00209 -0.33918 -0.33442
0.30318 0.00440 0.29855 0.31115
0.18709 0.00447 0.18152 0.19133
-0.70308 0.02608 -0.74143 -0.67770
-0.24528 0.02627 -0.26151 -0.19291
-0.63986 0.02041 -0.65387 -0.59957
-0.01071 0.00273 -0.01446 -0.00696
-0.39199 0.00495 -0.39920 -0.38384
-0.35601 0.00898 -0.36690 -0.34296
-0.50204 0.03565 -0.53356 -0.45393
-0.00155 0.00422 -0.00736 0.00567
