# avg	std	min	max
0.14906 0.27456 -0.28910 0.40245
-0.31486 0.00162 -0.31695 -0.31259
-0.05830 0.03545 -0.12877 -0.03758
-0.89300 0.13778 -1.13357 -0.70931
-0.68439 0.15226 -0.88465 -0.49361
-0.91443 0.18078 -1.16577 -0.70628
-0.98839 0.34233 -1.34349 -0.37127
-0.34799 0.22508 -0.79784 -0.22257
-0.14545 0.37419 -0.53473 0.56276
0.25647 0.00981 0.23748 0.26449
0.24449 0.00366 0.24012 0.24995
0.35234 0.00752 0.34471 0.36527
-0.78880 0.27649 -1.16944 -0.34131
0.16915 0.00330 0.16506 0.17484
-0.58209 0.02690 -0.61878 -0.53804
-0.00266 0.00922 -0.01325 0.01199
-0.36605 0.01608 -0.38196 -0.34397
-0.81010 0.24569 -1.03035 -0.34403
-0.64517 0.38277 -1.02608 -0.17293
-0.74185 0.02551 -0.78642 -0.71670
