# avg	std	min	max
0.57574 0.01421 0.55541 0.59016
-0.42738 0.00061 -0.42768 -0.42616
-0.19030 0.01204 -0.20561 -0.16914
-0.80647 0.02460 -0.83339 -0.76406
-0.84516 0.01244 -0.86632 -0.83486
-1.01721 0.01845 -1.03483 -0.98822
-0.60764 0.05468 -0.68424 -0.53197
-1.13715 0.02404 -1.17602 -1.10065
3.05354 0.07061 2.97014 3.16045
0.32444 0.00297 0.32289 0.33038
0.29861 0.01850 0.27927 0.32194
0.19843 0.01085 0.17863 0.20863
-0.26206 0.13931 -0.48963 -0.14125
-0.16285 0.02361 -0.19309 -0.12069
-0.74710 0.20488 -0.93753 -0.45843
0.00091 0.00275 -0.00128 0.00515
-0.43855 0.01311 -0.45681 -0.41738
-0.85572 0.03364 -0.89404 -0.79544
-0.79685 0.05333 -0.89927 -0.75917
-0.05090 0.04424 -0.11573 0.01300
