# avg	std	min	max
1.49948 0.02331 1.47626 1.53995
0.26574 0.02929 0.22030 0.29561
1.17605 0.04377 1.09508 1.21939
2.36509 0.07349 2.30299 2.47416
1.40392 0.41047 0.99729 2.01378
1.69291 0.18620 1.35498 1.88300
5.70416 0.53872 5.01000 6.32554
17.94798 1.23089 15.94610 19.52080
5.08574 0.08644 5.01491 5.25450
0.71356 0.02582 0.66819 0.74778
1.29911 0.10614 1.22698 1.50953
0.63571 0.02289 0.59494 0.65865
6.80483 0.83405 5.99956 8.13503
2.96746 0.05603 2.86120 3.02459
3.47382 1.65740 2.23928 6.71225
-0.05982 0.02395 -0.10370 -0.03423
3.50503 0.67982 2.16198 4.04438
3.58723 0.31185 3.24615 4.06954
5.51014 1.70854 2.71782 6.99964
9.79332 1.42516 8.50444 12.50160
