# avg	std	min	max
0.46069 0.00050 0.45975 0.46114
0.40261 0.00033 0.40199 0.40291
0.55081 0.00071 0.54994 0.55206
0.47864 0.00642 0.47035 0.48474
0.53931 0.00431 0.53162 0.54436
0.27193 0.02489 0.24772 0.31975
0.35114 0.01065 0.33670 0.36729
0.36891 0.00123 0.36713 0.37028
0.41004 0.01036 0.39847 0.42479
0.67174 0.08027 0.51119 0.71247
0.43163 0.00024 0.43127 0.43192
0.39596 0.00090 0.39483 0.39758
0.43615 0.00450 0.42960 0.44149
0.27449 0.01241 0.24969 0.28138
0.17031 0.03052 0.14141 0.21913
-0.00109 0.00069 -0.00227 -0.00026
0.34513 0.00041 0.34446 0.34570
0.39332 0.01079 0.37707 0.40592
0.41995 0.05053 0.35457 0.46321
0.51734 0.00416 0.51348 0.52531
