# avg	std	min	max
5.77500 0.19598 5.50470 6.00196
4.29662 0.28627 3.92825 4.74867
6.33635 0.38892 5.82535 6.84504
3.54693 1.22661 2.43217 5.34283
7.62647 0.23874 7.36780 7.96693
4.76065 1.05678 3.45070 6.06305
14.00106 0.70551 12.70350 14.62250
25.36608 6.19518 17.70910 36.21290
11.37188 0.46700 10.64920 11.94260
4.61083 0.52529 3.66952 5.26483
5.86289 0.20567 5.64668 6.25294
4.36367 0.04630 4.30807 4.44043
19.28240 2.95150 15.66510 24.64810
4.52002 0.18709 4.33475 4.74958
7.09238 1.58083 4.45822 9.14261
0.00000 0.00000 0.00000 0.00000
4.89571 1.14450 2.61666 5.56196
9.89086 2.32438 7.45161 12.95810
10.95150 2.16676 9.26815 14.73940
18.32114 3.96755 11.07770 21.81390
