# avg	std	min	max
2.06280 0.08354 1.95034 2.14062
0.90799 0.00746 0.89865 0.91767
1.76465 0.08792 1.69430 1.93669
-0.09487 0.03337 -0.12268 -0.03191
1.25336 0.00774 1.24143 1.26033
-0.40164 0.07360 -0.50209 -0.31354
2.28071 0.83473 0.81022 3.00359
3.78129 1.66328 1.79779 6.05916
6.26774 0.34138 5.90130 6.67348
2.26308 0.00836 2.24830 2.27206
3.26852 0.01590 3.24955 3.29571
1.34411 0.04019 1.31882 1.42396
1.07742 0.71477 0.00149 2.14852
0.18477 0.01167 0.16852 0.20467
0.89037 0.01509 0.87562 0.91676
-0.02475 0.01407 -0.04680 -0.00395
0.57697 0.10537 0.42848 0.71564
1.48326 0.12080 1.35658 1.63758
1.80561 0.42242 1.18572 2.35974
3.90305 0.85456 2.55283 4.83159
