# avg	std	min	max
0.09538 0.00012 0.09532 0.09561
0.37406 0.00012 0.37401 0.37429
0.10537 0.00000 0.10537 0.10537
0.06314 0.01161 0.05236 0.07898
0.01948 0.01170 0.00591 0.03242
1.30795 0.02591 1.25720 1.32843
-0.27521 0.00192 -0.27735 -0.27211
-0.06239 0.00064 -0.06336 -0.06166
0.95405 0.05248 0.86197 1.02128
0.53790 0.00309 0.53536 0.54168
0.04383 0.00388 0.03907 0.04704
1.74282 0.00001 1.74281 1.74284
-0.28605 0.00200 -0.28746 -0.28213
0.14928 0.00244 0.14721 0.15239
-0.02287 0.02254 -0.04318 0.01684
-0.00000 0.00000 -0.00000 0.00000
-0.03722 0.00368 -0.04185 -0.03411
-0.13084 0.11631 -0.32132 -0.00530
0.05366 0.08565 -0.06634 0.15552
0.06937 0.01851 0.03234 0.07885
