# avg	std	min	max
0.42335 0.00175 0.41990 0.42472
0.64951 0.00167 0.64763 0.65151
2.01654 0.00092 2.01560 2.01792
0.14526 0.00167 0.14330 0.14738
1.46810 0.00707 1.46032 1.47899
-0.46034 0.05333 -0.51313 -0.38410
0.58081 0.00866 0.56924 0.58822
0.02349 0.05675 -0.04523 0.10464
-0.15987 0.00245 -0.16299 -0.15737
0.73312 0.00211 0.72972 0.73543
2.19746 0.01772 2.18414 2.22982
1.71792 0.00046 1.71748 1.71868
0.53134 0.11365 0.30487 0.59952
0.60674 0.00166 0.60416 0.60902
0.10378 0.00754 0.09263 0.11234
-0.00186 0.00079 -0.00226 -0.00028
-0.06668 0.03651 -0.10135 -0.00087
0.46958 0.06666 0.39529 0.56349
0.20513 0.04075 0.17271 0.28383
-0.20470 0.04855 -0.25647 -0.13558
