# avg	std	min	max
-0.36699 0.00548 -0.37539 -0.36088
-1.15058 0.01110 -1.16784 -1.13386
-0.96235 0.00265 -0.96584 -0.95884
-1.59961 0.00786 -1.60634 -1.58448
-1.45049 0.00227 -1.45316 -1.44687
-1.46837 0.01906 -1.48528 -1.43238
-1.52641 0.01302 -1.54376 -1.50455
-0.81696 0.05161 -0.89053 -0.74036
1.62221 0.11813 1.38885 1.71366
-0.34143 0.01107 -0.35503 -0.32450
-0.31854 0.01020 -0.33554 -0.30519
-0.48858 0.00851 -0.49784 -0.47635
-1.37763 0.00855 -1.38944 -1.36426
-1.39282 0.00527 -1.39923 -1.38450
-1.38147 0.01312 -1.39672 -1.36397
-0.01002 0.00558 -0.01973 -0.00275
-0.48280 0.01046 -0.49547 -0.46422
-1.50173 0.01038 -1.52147 -1.49263
-1.50895 0.01368 -1.52707 -1.48856
-0.66615 0.01422 -0.68074 -0.63943
