# avg	std	min	max
-0.27772 0.02259 -0.30960 -0.25316
-1.44212 0.00867 -1.45944 -1.43700
-1.84055 0.02938 -1.88693 -1.79623
-3.38627 0.00668 -3.39948 -3.38156
-2.49451 0.01999 -2.53067 -2.46927
-3.57601 0.11133 -3.70530 -3.43734
-3.51501 0.00546 -3.51873 -3.50428
-1.75649 0.06050 -1.87001 -1.68899
1.68114 0.01757 1.66601 1.70825
-0.22828 0.02316 -0.26100 -0.20916
-1.24854 0.00169 -1.25148 -1.24619
-0.91159 0.00920 -0.91936 -0.89351
-3.15225 0.02419 -3.18636 -3.12563
-0.41970 0.04057 -0.44819 -0.33924
-1.25042 0.00428 -1.25612 -1.24543
0.00860 0.00880 0.00074 0.02521
-0.18266 0.03620 -0.24686 -0.13585
-1.34633 0.24818 -1.78046 -1.07863
-1.58561 0.30518 -2.01703 -1.27618
-0.90150 0.06137 -0.97542 -0.82193
