# avg	std	min	max
1.67230 0.13309 1.52615 1.91255
0.79907 0.15290 0.60794 1.02457
3.40277 0.12735 3.20306 3.60418
0.47153 0.19211 0.15705 0.65103
3.98822 0.21287 3.69357 4.27881
0.28741 0.25882 -0.19825 0.53166
1.38911 2.00785 -0.18663 5.34996
1.48163 0.52999 0.46304 1.84125
3.85103 0.21193 3.45163 4.05466
1.54851 0.16373 1.28107 1.72213
2.59568 0.11013 2.49427 2.74936
1.11543 0.17399 0.94912 1.37474
4.72741 0.81715 3.33358 5.83854
0.69007 0.07253 0.61574 0.80536
1.70130 0.19020 1.49977 1.97822
-0.00019 0.00038 -0.00095 0.00000
1.74940 0.29876 1.30460 2.22604
0.92517 0.06991 0.83839 1.00709
0.77397 0.87825 -0.13850 1.88092
4.37591 2.68794 1.19100 9.04010
