# avg	std	min	max
0.31865 0.05222 0.24246 0.38415
-0.20505 0.06182 -0.28129 -0.11646
0.14197 0.03162 0.07957 0.16750
-0.66379 0.08271 -0.74388 -0.52575
-0.30564 0.04039 -0.36244 -0.23956
-0.86423 0.05985 -0.94434 -0.79376
-0.75635 0.03390 -0.77620 -0.68914
-0.69703 0.07725 -0.78666 -0.57250
0.46928 0.20650 0.30533 0.86325
0.09179 0.08288 0.01768 0.24252
-0.12834 0.05252 -0.21183 -0.07409
0.03771 0.03765 -0.01218 0.07584
-0.55752 0.01475 -0.57030 -0.53518
-0.13691 0.05502 -0.21944 -0.07559
-0.61094 0.04203 -0.67804 -0.56969
0.69174 0.03500 0.64740 0.72095
-0.00250 0.01200 -0.01069 0.02044
-0.49741 0.03474 -0.55588 -0.44689
-0.68697 0.10456 -0.83595 -0.51455
-0.38864 0.06492 -0.47263 -0.30019
