# avg	std	min	max
-0.64428 0.01255 -0.65724 -0.62029
-0.70985 0.01297 -0.73423 -0.69924
0.38702 0.01076 0.36847 0.39770
-0.65212 0.13036 -0.82376 -0.49974
0.34489 0.01143 0.32539 0.35834
-0.90168 0.04061 -0.98051 -0.86698
-0.15834 0.01630 -0.17663 -0.13718
0.06533 0.06125 0.00492 0.17494
1.77952 0.09891 1.63730 1.90381
-0.65032 0.01739 -0.67177 -0.62596
-0.13925 0.00776 -0.14842 -0.12922
0.01270 0.01463 -0.00863 0.03165
-0.10560 0.01176 -0.12085 -0.08972
-0.13272 0.10842 -0.34904 -0.07012
-0.97583 0.01484 -0.99109 -0.95425
0.71134 0.00616 0.70247 0.72084
-0.00558 0.01679 -0.03531 0.01491
-0.85009 0.03925 -0.90289 -0.78398
-0.57462 0.02698 -0.60239 -0.52427
0.26914 0.00627 0.26243 0.27965
