# avg	std	min	max
-0.29171 0.17561 -0.52857 0.00808
-0.58914 0.24094 -0.96037 -0.38448
-1.39984 0.33415 -1.94181 -1.06659
-2.44155 0.33373 -2.85924 -1.91109
-2.15737 0.09663 -2.29526 -2.00121
-2.68802 0.37442 -3.04027 -1.99008
-1.62879 1.53645 -2.66475 1.42474
-1.91143 1.72549 -3.32876 0.89373
-0.16986 0.28037 -0.47125 0.28559
-0.51673 0.02347 -0.56210 -0.49417
-1.30802 0.25319 -1.66319 -0.95909
-0.80983 0.24996 -1.06956 -0.39182
-1.22943 2.10305 -2.41816 2.97386
-0.58906 0.20545 -0.97885 -0.38951
-0.95613 0.39663 -1.57357 -0.50083
0.67570 0.13320 0.54529 0.89267
0.00000 0.00000 0.00000 0.00000
-1.11843 0.14424 -1.29272 -0.87391
-1.61693 0.30322 -1.93983 -1.04261
-0.12238 1.20798 -1.12551 2.23664
