# avg	std	min	max
1.13685 0.04401 1.06742 1.18429
-0.34783 0.05386 -0.40937 -0.28447
0.27800 0.05709 0.22819 0.37256
-0.76746 0.04129 -0.81710 -0.70783
-0.12171 0.07241 -0.20096 0.00288
-0.98124 0.03566 -1.04420 -0.93920
0.21941 0.22116 -0.06690 0.55100
0.53339 0.20152 0.31378 0.80682
1.11353 0.04330 1.04311 1.16456
-0.42634 0.01178 -0.44220 -0.40978
0.43394 0.21174 0.21764 0.73925
-0.78042 0.07757 -0.84690 -0.63497
0.04605 0.04740 -0.01344 0.10242
-0.01646 0.04279 -0.07212 0.05805
-0.60274 0.03564 -0.63516 -0.53726
-0.21624 0.04792 -0.27556 -0.15819
-0.07010 0.04081 -0.14663 -0.02793
-0.12264 0.08783 -0.25817 -0.01980
-0.01190 0.10609 -0.13339 0.16679
0.48091 0.24390 0.27716 0.90359
