# avg	std	min	max
0.31035 0.05347 0.23817 0.39208
-0.27522 0.05280 -0.31810 -0.17353
-0.02661 0.00342 -0.03258 -0.02233
-0.74370 0.11210 -0.90959 -0.62611
-0.31006 0.01664 -0.33054 -0.28363
-0.88758 0.11586 -0.97352 -0.65929
-1.09462 0.47559 -2.03299 -0.73857
-1.46949 0.03406 -1.52727 -1.42180
-0.26338 0.05186 -0.33019 -0.20352
0.72889 0.19779 0.33497 0.84544
0.69958 0.03104 0.66731 0.75109
0.18321 0.06048 0.13271 0.29025
-0.67246 0.18113 -0.86881 -0.35437
0.72378 0.42076 -0.11587 0.97242
0.37488 0.00733 0.36851 0.38786
0.46398 0.34127 -0.21641 0.66460
-0.02566 0.00481 -0.03529 -0.02326
0.31918 0.02205 0.27827 0.34023
0.28236 0.07437 0.22854 0.42763
1.13251 0.36976 0.68787 1.67724
