# avg	std	min	max
0.70363 0.01449 0.67706 0.71926
-1.22798 0.01122 -1.23651 -1.20870
-1.10809 0.01463 -1.12263 -1.08528
-1.00893 0.01294 -1.02813 -0.99474
-0.83457 0.13785 -0.93959 -0.56710
-1.13570 0.02354 -1.16220 -1.09652
0.24539 0.07838 0.13474 0.33080
-1.23839 0.02880 -1.27245 -1.20314
-1.56205 0.02051 -1.59877 -1.54102
0.39669 0.00495 0.39420 0.40660
-1.18827 0.06429 -1.22235 -1.05976
0.29565 0.01195 0.28453 0.31345
0.21246 0.06792 0.13962 0.32848
-1.07050 0.02118 -1.10648 -1.05090
-1.10862 0.01519 -1.11755 -1.07833
-1.42598 0.01416 -1.44377 -1.40552
-0.02156 0.01227 -0.03956 -0.01167
-1.16180 0.02887 -1.21587 -1.12874
-1.25507 0.06119 -1.30406 -1.13509
0.28589 0.04677 0.24726 0.37738
