# avg	std	min	max
-0.82649 0.05405 -0.87585 -0.75210
-0.29575 0.03982 -0.34440 -0.26030
0.29266 0.00397 0.28808 0.29988
-0.79331 0.00457 -0.79729 -0.78454
-0.00993 0.00526 -0.01941 -0.00436
-0.42541 0.00626 -0.43236 -0.41395
0.05521 0.12748 -0.11772 0.27675
1.56007 0.54361 0.95382 2.41559
-0.69969 0.02639 -0.74565 -0.67481
-0.71980 0.03190 -0.76395 -0.68767
0.35409 0.01133 0.33152 0.36177
-0.65623 0.00025 -0.65652 -0.65578
0.37095 0.02615 0.34623 0.40727
-0.21060 0.00511 -0.21573 -0.20282
-0.55856 0.01789 -0.57968 -0.52868
-0.29210 0.00219 -0.29423 -0.28922
0.00102 0.00204 -0.00000 0.00509
0.30972 0.02328 0.28425 0.33984
0.09190 0.23665 -0.31391 0.27740
0.99227 0.46131 0.51075 1.75384
