# avg	std	min	max
0.10536 0.06391 -0.00653 0.17995
0.38950 0.03646 0.32662 0.43311
0.57471 0.00638 0.56890 0.58354
0.22877 0.02213 0.20418 0.26800
0.59700 0.00653 0.58919 0.60435
-0.37978 0.09417 -0.49237 -0.22478
0.28183 0.09929 0.10461 0.40526
-0.27333 0.12214 -0.40153 -0.06188
-0.34956 0.30963 -0.62917 0.22333
0.28144 0.02263 0.25295 0.30545
0.71562 0.00478 0.71100 0.72275
0.68070 0.13173 0.56822 0.85523
0.36578 0.01788 0.33011 0.37680
0.30016 0.02190 0.25918 0.32340
0.20585 0.10104 0.03953 0.32420
-0.38886 0.00260 -0.39265 -0.38645
-0.02953 0.00000 -0.02953 -0.02953
0.23711 0.08893 0.13171 0.39129
0.26866 0.11286 0.06489 0.38558
0.69142 0.01441 0.68024 0.71614
