# avg	std	min	max
0.35970 0.00990 0.34686 0.37467
0.83112 0.01818 0.80654 0.85081
1.15608 0.02096 1.12964 1.19037
0.83893 0.18418 0.56040 1.09111
1.09706 0.19661 0.88619 1.42651
0.62305 0.25955 0.32794 1.10107
0.30435 0.20059 0.02880 0.64112
0.59430 0.09624 0.42734 0.68979
4.30738 0.03026 4.28076 4.34721
0.47932 0.00862 0.46852 0.48962
0.58135 0.01741 0.55789 0.59788
0.89766 0.00824 0.88218 0.90496
0.50855 0.02253 0.48329 0.54077
-0.71004 0.15588 -0.79490 -0.39870
0.24294 0.12201 0.04573 0.42016
-0.28854 0.04941 -0.33603 -0.19523
-0.02465 0.00632 -0.03729 -0.02149
0.75205 0.12565 0.53278 0.87523
0.74310 0.25518 0.41474 1.04505
0.75928 0.27215 0.30026 1.08770
