# avg	std	min	max
0.92922 0.00000 0.92922 0.92922
0.95383 0.02468 0.90447 0.96618
0.66186 0.00864 0.65649 0.67910
0.55367 0.00030 0.55336 0.55409
0.82605 0.01028 0.81496 0.84008
0.59284 0.02189 0.55950 0.61856
0.26729 0.11738 0.03370 0.34045
0.44190 0.05470 0.37152 0.53009
2.37378 0.00956 2.36131 2.38683
0.74042 0.00003 0.74039 0.74047
0.57869 0.00166 0.57726 0.58176
0.71038 0.00013 0.71030 0.71064
0.37240 0.01748 0.34868 0.40224
0.34843 0.07721 0.27898 0.49709
0.17067 0.00269 0.16869 0.17601
0.56434 0.00202 0.56199 0.56713
-0.00945 0.00000 -0.00945 -0.00945
0.37526 0.09709 0.18208 0.43747
0.33475 0.04184 0.28315 0.39634
0.47025 0.08014 0.37415 0.60478
