# avg	std	min	max
0.83713 0.18411 0.69876 1.18288
-0.47807 0.10393 -0.56402 -0.28021
-0.89350 0.13076 -1.04115 -0.66095
-2.26611 0.09658 -2.42870 -2.15226
-1.10693 0.18244 -1.30148 -0.86551
-2.18582 0.08962 -2.35157 -2.09564
-2.68474 0.12262 -2.88640 -2.55465
-1.90130 0.10721 -1.98389 -1.68936
2.07360 0.11645 1.88357 2.19595
-0.44099 0.36359 -1.16799 -0.24718
-1.23410 0.08231 -1.30217 -1.07578
-0.82709 0.11707 -0.93173 -0.60291
-2.28064 0.11463 -2.42872 -2.12202
-0.29503 0.28430 -0.79648 0.08542
-1.02683 0.58426 -1.97160 -0.26972
-0.30934 0.17484 -0.48758 -0.03409
-0.02499 0.23178 -0.38496 0.34632
-1.85210 0.10766 -2.00729 -1.73704
-2.09913 0.26564 -2.48417 -1.76817
-1.16502 0.03146 -1.20290 -1.12514
