# avg	std	min	max
0.05618 0.01873 0.02955 0.08583
-0.18399 0.01631 -0.20596 -0.15731
0.25235 0.00598 0.24353 0.25858
-0.31061 0.00015 -0.31075 -0.31033
-0.12743 0.03775 -0.16714 -0.06420
-0.43975 0.02239 -0.47104 -0.40138
0.22387 0.01681 0.20672 0.25549
0.07939 0.04311 0.03879 0.14949
-0.92130 0.04442 -0.96906 -0.84315
-0.01405 0.04684 -0.06852 0.06413
-0.03088 0.02422 -0.06397 0.00473
-0.66942 0.02044 -0.69493 -0.64161
0.25888 0.03346 0.21035 0.30764
0.12414 0.02987 0.06625 0.15028
-0.26745 0.04336 -0.32384 -0.20026
0.33510 0.00926 0.32410 0.34669
0.00159 0.00318 -0.00000 0.00795
-1.13643 0.23963 -1.28112 -0.65903
-0.98134 0.23240 -1.19791 -0.54869
-0.33437 0.03227 -0.37107 -0.28509
