# avg	std	min	max
-3.06261 0.23329 -3.25279 -2.61471
-2.48621 0.24506 -2.78017 -2.18587
-2.23043 0.03905 -2.27779 -2.17791
-2.86619 0.00798 -2.87964 -2.85671
-1.92763 0.03458 -1.96273 -1.88217
-4.71353 0.39906 -5.11275 -4.22713
-0.73516 0.11214 -0.85532 -0.53897
2.50147 0.56584 1.94824 3.34700
0.55432 0.06674 0.47395 0.67034
-2.31201 0.21141 -2.52597 -1.92106
-1.86279 0.11052 -1.97047 -1.67133
-2.76558 0.18536 -2.94380 -2.44728
1.11894 0.92611 0.58252 2.96853
-2.97363 0.11292 -3.06711 -2.76858
-1.82684 0.02561 -1.87001 -1.79109
-0.12688 0.55375 -0.77580 0.73882
-0.01491 0.00745 -0.01864 -0.00000
-2.20198 0.32804 -2.47266 -1.56403
0.79424 0.37182 0.32357 1.30273
3.57017 1.07304 1.42892 4.23053
