# avg	std	min	max
-0.52733 0.03270 -0.58671 -0.49074
-0.89736 0.05274 -0.99591 -0.83632
-0.62129 0.28568 -0.86155 -0.14300
-0.90970 0.14273 -1.01918 -0.64666
-0.90323 0.26816 -1.18169 -0.43891
-1.00747 0.38286 -1.52694 -0.66814
-1.13313 0.26461 -1.44170 -0.75572
-0.35491 0.53609 -1.14504 0.31334
-1.56817 0.09723 -1.73167 -1.43827
-0.98179 0.03466 -1.00265 -0.91277
-0.85554 0.15164 -0.96626 -0.57528
-0.49553 0.21461 -0.73183 -0.23041
-0.28644 0.25136 -0.75201 -0.01335
-0.79994 0.01318 -0.81627 -0.78179
-1.01729 0.13578 -1.22333 -0.87596
0.29032 0.11107 0.21974 0.51188
-0.03252 0.06781 -0.16808 0.00549
-0.78068 0.11381 -0.88807 -0.59234
-0.28288 0.05745 -0.38881 -0.21503
-0.53091 0.08158 -0.66445 -0.45605
