# avg	std	min	max
0.52930 0.07182 0.45370 0.66325
1.62414 0.04857 1.57811 1.71076
1.33311 0.62856 0.70342 2.10228
1.26836 0.14318 1.02735 1.42140
0.68058 0.20407 0.53786 1.08603
1.01459 0.06728 0.90643 1.09445
-0.08672 0.08328 -0.23729 -0.01450
-0.12175 0.10102 -0.25554 0.04007
1.97523 0.57351 1.24908 2.54997
0.51490 0.04338 0.44895 0.56372
1.30921 0.22089 1.06884 1.68526
0.27969 0.05292 0.22621 0.37124
-0.12050 0.07020 -0.19627 0.00676
-0.33080 0.06556 -0.44036 -0.24428
-0.38270 0.25607 -0.54821 0.12669
-0.46940 0.01706 -0.48881 -0.43864
-0.02505 0.02392 -0.06942 -0.00486
-0.73731 0.10886 -0.92475 -0.62351
-0.36160 0.08849 -0.43995 -0.23755
-0.08079 0.38423 -0.51007 0.45400
