# avg	std	min	max
1.04466 0.01159 1.02450 1.05441
0.20554 0.01062 0.19925 0.22654
0.83952 0.28198 0.27734 1.02339
0.42460 0.16195 0.21198 0.62125
0.63067 0.46449 0.10589 1.39870
-0.14468 0.26133 -0.47487 0.15980
0.02777 0.42721 -0.74410 0.35901
-0.00708 0.06381 -0.09313 0.10003
-0.71865 0.03026 -0.77318 -0.69094
0.18673 0.06803 0.10966 0.31391
0.14903 0.03917 0.08595 0.19792
0.64824 0.02697 0.62008 0.69983
-0.68202 0.36057 -1.14540 -0.15974
0.11266 0.01817 0.08873 0.13914
0.09736 0.08296 0.02501 0.25959
1.43535 0.07925 1.36847 1.59048
-0.08609 0.25723 -0.54355 0.21716
-0.29154 0.50940 -1.00622 0.30223
-0.47804 0.13054 -0.71018 -0.32931
-1.00664 0.15654 -1.27302 -0.79461
