# avg	std	min	max
0.22938 0.05175 0.16844 0.28787
0.17811 0.01417 0.16458 0.20540
0.72036 0.23398 0.25462 0.86481
-0.67134 0.01654 -0.70385 -0.65851
-0.39043 0.12244 -0.47226 -0.14924
-0.23202 0.04714 -0.32561 -0.20244
-0.16604 0.08269 -0.26380 -0.05615
-0.00687 0.06464 -0.09180 0.10544
-0.18991 0.02338 -0.20651 -0.14621
0.29634 0.00814 0.28663 0.30630
0.35783 0.00123 0.35595 0.35924
0.16181 0.01799 0.14428 0.18951
-0.06157 0.04208 -0.14355 -0.02784
0.28971 0.08006 0.12962 0.33164
-1.28126 0.32708 -1.54357 -0.65177
0.13037 0.16544 -0.05665 0.37367
-0.00054 0.00047 -0.00098 0.00031
-0.11971 0.01862 -0.14826 -0.09568
-1.13905 0.33840 -1.64474 -0.76209
0.23853 0.06428 0.15844 0.29429
