# avg	std	min	max
0.43255 0.00000 0.43255 0.43255
0.41555 0.00000 0.41555 0.41555
1.30555 0.27155 1.07137 1.82812
-0.03145 0.07940 -0.10830 0.12177
0.85120 0.23023 0.49779 1.12171
0.12804 0.09696 -0.00321 0.20807
0.17697 0.20365 -0.11146 0.34634
0.98406 0.22481 0.55416 1.17370
-1.24062 0.02931 -1.28810 -1.20237
0.06811 0.00012 0.06788 0.06824
1.27430 0.01637 1.24157 1.28271
0.78365 0.00819 0.77929 0.80002
0.37810 0.02011 0.35037 0.39673
0.14523 0.01310 0.12915 0.16920
0.35993 0.01162 0.34552 0.37349
-0.31837 0.00610 -0.32455 -0.30927
-0.00000 0.00000 -0.00000 -0.00000
0.11937 0.02230 0.08681 0.15362
0.09946 0.01709 0.07962 0.12391
0.96192 0.19252 0.57958 1.09842
