# avg	std	min	max
0.94186 0.02689 0.90846 0.98700
1.01405 0.02317 0.98191 1.04436
0.95887 0.01540 0.94107 0.97642
0.30937 0.01560 0.28895 0.33555
0.49783 0.17457 0.37854 0.84163
0.36773 0.03913 0.31752 0.43106
-0.02949 0.00083 -0.03015 -0.02785
0.55705 0.01222 0.54113 0.56933
0.24083 0.01319 0.22342 0.26178
0.80815 0.04822 0.77746 0.90344
0.32300 0.01176 0.31268 0.34491
0.94430 0.01367 0.92509 0.96080
0.18341 0.05215 0.13318 0.26649
0.60720 0.01963 0.57593 0.62479
0.84898 0.02089 0.82372 0.88287
0.42902 0.12568 0.26098 0.58567
-0.01431 0.00431 -0.01778 -0.00797
-0.01363 0.02519 -0.03668 0.02869
0.12180 0.04489 0.07591 0.19631
0.73323 0.00576 0.72754 0.74102
