# avg	std	min	max
0.37006 0.01211 0.34658 0.37960
0.83392 0.01233 0.82420 0.85798
0.03374 0.01705 0.01554 0.05972
-1.28584 0.06137 -1.39769 -1.22137
-0.43216 0.03017 -0.47267 -0.39363
-0.75092 0.08737 -0.83754 -0.62705
-1.48894 0.47766 -2.20973 -1.02861
1.07038 0.69467 0.20760 1.98373
2.44241 0.03209 2.38926 2.48980
0.53668 0.05694 0.49171 0.64905
-0.11041 0.06356 -0.17646 -0.01983
0.36777 0.01287 0.35702 0.38529
3.85733 0.87713 2.12903 4.48823
0.63973 0.08788 0.47257 0.72202
-0.20997 0.06373 -0.28156 -0.11488
1.18353 0.02912 1.14545 1.21816
0.00000 0.00000 0.00000 0.00000
-1.45121 0.45623 -2.20947 -0.91303
-0.17984 0.19386 -0.45935 0.00480
-0.39431 0.11670 -0.62477 -0.30918
