# avg	std	min	max
-0.25996 0.00991 -0.27187 -0.24406
-1.18808 0.08507 -1.25752 -1.02033
1.38295 0.13393 1.22418 1.59737
-2.15817 0.08598 -2.26101 -2.00244
1.50820 0.05427 1.47131 1.61545
-1.97800 0.07221 -2.08357 -1.87722
0.84520 0.35675 0.46282 1.32093
4.39569 0.87188 2.69259 4.99005
2.94586 0.13011 2.87621 3.20603
-0.94299 0.08993 -1.00213 -0.76496
-0.46561 0.19273 -0.76889 -0.23953
-2.53062 0.14135 -2.64339 -2.28539
0.62268 0.21616 0.44208 1.03954
-0.96811 0.02208 -1.00073 -0.94036
-0.21559 0.43837 -0.65263 0.48304
-0.19813 0.00992 -0.21751 -0.18976
-0.01965 0.00000 -0.01965 -0.01965
-0.88228 0.05566 -0.96678 -0.82195
-0.43242 0.14174 -0.57481 -0.17367
0.52978 0.42544 -0.00687 1.13966
