# avg	std	min	max
0.78797 0.00757 0.77674 0.80013
-0.23995 0.05009 -0.28836 -0.16618
0.57177 0.07113 0.47658 0.69232
-0.79881 0.10034 -0.87405 -0.60018
0.43787 0.10758 0.35107 0.64376
-1.16529 0.20203 -1.48243 -0.90249
-0.83454 0.02918 -0.85110 -0.77640
-1.72598 0.17497 -2.00514 -1.51174
4.95042 0.11391 4.86607 5.17543
0.11961 0.08741 0.06246 0.29350
2.13608 0.14764 1.91207 2.30134
0.77954 0.05104 0.73471 0.87028
-0.57310 0.05587 -0.60389 -0.46153
0.52595 0.08702 0.43941 0.68267
-0.01951 0.05736 -0.08638 0.07591
0.37954 0.10052 0.20570 0.51299
-0.00096 0.00000 -0.00096 -0.00096
-0.03190 0.03322 -0.09774 -0.00952
0.19627 0.13479 -0.05002 0.34293
0.24054 0.09681 0.12761 0.37514
