# avg	std	min	max
0.86583 0.00297 0.86072 0.86902
-0.05008 0.00156 -0.05167 -0.04760
-0.17420 0.00141 -0.17618 -0.17229
-0.57513 0.00348 -0.58114 -0.57141
-0.65851 0.00361 -0.66301 -0.65526
-0.95850 0.03193 -0.99743 -0.90304
-0.74272 0.02587 -0.77773 -0.71543
-0.19252 0.07670 -0.28427 -0.07245
0.87671 0.08421 0.78066 1.01469
0.16802 0.00073 0.16676 0.16900
-0.02901 0.00111 -0.03092 -0.02771
0.28513 0.00233 0.28098 0.28745
-0.39504 0.24524 -0.69595 -0.10099
0.46091 0.00608 0.45464 0.47169
-0.15645 0.03982 -0.18965 -0.09903
0.82015 0.01854 0.79923 0.84101
-0.00255 0.00000 -0.00255 -0.00255
-0.83978 0.03996 -0.87735 -0.78915
-0.72873 0.00810 -0.73977 -0.72001
-0.07156 0.00495 -0.07775 -0.06453
