# avg	std	min	max
0.50612 0.00006 0.50603 0.50616
-0.50035 0.00526 -0.50439 -0.49148
0.00278 0.00903 -0.00963 0.01698
-1.06161 0.01037 -1.06997 -1.04118
-0.52713 0.01832 -0.54333 -0.49136
-0.88186 0.01072 -0.89310 -0.86422
-1.61368 0.08386 -1.67576 -1.44815
-1.03787 0.01264 -1.06131 -1.02631
-1.42731 0.16368 -1.53415 -1.10549
-0.39851 0.00000 -0.39852 -0.39851
-0.30894 0.01743 -0.33383 -0.28689
0.21732 0.01248 0.20708 0.24146
-1.15251 0.01912 -1.18424 -1.12816
0.14716 0.00283 0.14361 0.15079
-0.48563 0.01793 -0.52103 -0.47276
0.54038 0.00085 0.53968 0.54195
-0.01225 0.00296 -0.01416 -0.00652
-0.97637 0.02860 -1.00983 -0.92494
-0.84608 0.03950 -0.88611 -0.77258
0.07578 0.00646 0.06705 0.08189
