# avg	std	min	max
-0.08668 0.00020 -0.08678 -0.08628
-0.51949 0.00588 -0.52256 -0.50773
0.28532 0.00089 0.28472 0.28708
-0.22400 0.02322 -0.25771 -0.19649
0.12337 0.02644 0.09416 0.16028
-0.14574 0.02685 -0.18644 -0.10485
-0.13925 0.01604 -0.16851 -0.12474
0.04782 0.07313 -0.09289 0.10734
1.37493 0.61100 0.62020 2.13999
-0.69988 0.00453 -0.70355 -0.69141
-0.22610 0.00328 -0.22989 -0.22022
-0.03151 0.07131 -0.07855 0.11017
-0.08214 0.00486 -0.08866 -0.07483
-0.25099 0.00963 -0.26337 -0.24199
-0.47408 0.04287 -0.55798 -0.44436
0.18134 0.01190 0.16168 0.19620
-0.00686 0.00545 -0.01757 -0.00352
-0.62943 0.01743 -0.64472 -0.60441
-1.10944 0.07533 -1.20523 -1.00960
-0.57440 0.00790 -0.58386 -0.56298
