# avg	std	min	max
1.35526 0.06246 1.25354 1.43062
0.39437 0.03656 0.34747 0.43918
0.77082 0.06442 0.66555 0.85640
0.12090 0.03845 0.07101 0.18611
0.60832 0.09704 0.47842 0.75135
0.51767 0.12917 0.35149 0.66398
-0.96631 0.02076 -0.99482 -0.93647
1.11021 0.10571 0.93196 1.25977
3.76455 0.05324 3.72002 3.86579
0.82003 0.08525 0.69866 0.94304
1.88867 0.14934 1.68231 2.13905
0.90260 0.11763 0.73952 1.07728
-0.02308 0.77226 -0.67759 1.00980
0.70212 0.06366 0.62692 0.77915
0.37904 0.03936 0.31613 0.41706
0.99886 0.24491 0.64906 1.39267
-0.02245 0.03262 -0.08433 0.00332
0.37228 0.05049 0.30019 0.44452
0.13272 0.10071 -0.01900 0.26049
1.22639 0.04898 1.14367 1.29425
