# avg	std	min	max
0.47612 0.00000 0.47612 0.47612
0.26704 0.00000 0.26704 0.26704
0.47858 0.00006 0.47851 0.47868
0.27325 0.00004 0.27320 0.27331
0.44678 0.00721 0.43266 0.45178
0.23341 0.00865 0.22330 0.24437
0.14235 0.00176 0.14058 0.14559
0.30311 0.00173 0.30168 0.30651
-0.34981 0.02370 -0.36899 -0.30527
0.48165 0.00023 0.48122 0.48184
0.38162 0.00361 0.37727 0.38623
0.56273 0.00043 0.56223 0.56352
0.21794 0.03249 0.17305 0.24465
0.58355 0.00275 0.58178 0.58901
0.29390 0.01404 0.28356 0.32156
-0.08664 0.16510 -0.23920 0.11522
-0.00000 0.00000 -0.00000 -0.00000
0.28961 0.00544 0.28403 0.29914
0.38717 0.01081 0.37072 0.39805
0.42462 0.00406 0.41656 0.42732
