# avg	std	min	max
1.33935 0.00068 1.33799 1.33969
0.35628 0.00000 0.35628 0.35628
0.72725 0.00834 0.72020 0.74300
-0.35177 0.04547 -0.39460 -0.26925
0.23241 0.01399 0.22482 0.26038
-0.36184 0.01683 -0.37209 -0.32826
-0.08325 0.00751 -0.09617 -0.07411
0.05802 0.00573 0.04820 0.06382
1.36532 0.03137 1.34293 1.42654
1.03795 0.00027 1.03761 1.03833
0.47686 0.04846 0.41972 0.54846
0.94140 0.00004 0.94136 0.94147
0.00451 0.01260 -0.01939 0.01366
0.54964 0.00134 0.54799 0.55139
0.22573 0.00573 0.21568 0.23022
0.50621 0.00256 0.50348 0.50952
-0.00119 0.00000 -0.00119 -0.00119
0.00283 0.01768 -0.01393 0.02596
0.01601 0.03065 -0.02322 0.06242
0.65464 0.00667 0.64176 0.66047
