# avg	std	min	max
0.39921 0.06384 0.30826 0.48862
-0.67471 0.14073 -0.87903 -0.47025
1.65194 0.35502 1.22500 2.14702
-1.15124 0.27338 -1.44223 -0.81985
1.26684 0.24094 1.02774 1.65361
-2.10081 0.09921 -2.22641 -1.98278
7.27952 0.66902 6.87998 8.61237
6.25681 1.72373 4.81959 9.45055
3.31371 0.14416 3.14684 3.55829
1.25283 0.02697 1.22482 1.30220
1.57248 0.16783 1.38002 1.86341
0.31005 0.06159 0.25093 0.42888
10.14786 0.14108 9.91769 10.32340
0.92712 0.15684 0.72550 1.13637
-0.62028 0.38071 -1.31937 -0.25724
0.97545 0.09622 0.87303 1.10046
-0.00836 0.00000 -0.00836 -0.00836
-1.32492 0.26206 -1.80467 -1.06304
-1.10454 0.26245 -1.48268 -0.79485
5.05269 0.18316 4.76352 5.29657
