# avg	std	min	max
0.76099 0.00689 0.75529 0.77413
-0.16297 0.00975 -0.17115 -0.14433
-0.37700 0.00850 -0.38651 -0.36370
-1.09469 0.08103 -1.25590 -1.04210
-0.94066 0.16353 -1.25359 -0.80730
-1.08992 0.06713 -1.19949 -1.00596
-0.17575 0.01595 -0.19964 -0.15892
-0.00216 0.07037 -0.11331 0.10647
4.30584 0.12771 4.10940 4.42297
0.26576 0.00137 0.26436 0.26826
0.11267 0.01364 0.09340 0.13451
0.52572 0.01322 0.51305 0.54947
0.26372 0.02019 0.24654 0.30323
0.43729 0.16922 0.21512 0.60794
-0.05838 0.06398 -0.13867 0.02149
1.86374 0.01710 1.84768 1.89436
-0.00661 0.00800 -0.01746 0.00556
-0.36625 0.12551 -0.61112 -0.27021
0.02871 0.52635 -0.66146 0.53952
1.03785 0.02007 1.01702 1.07369
