# avg	std	min	max
5.14464 0.11613 4.91773 5.23050
3.71056 0.21150 3.29063 3.84816
2.35353 0.17113 2.21831 2.68814
1.57468 0.19646 1.32251 1.86780
3.09736 0.10053 2.90771 3.19663
0.65784 0.08016 0.54575 0.79110
-0.00757 0.00458 -0.01634 -0.00352
5.98155 0.56831 5.17440 6.63722
3.80883 0.25593 3.41079 4.11149
3.98722 0.04137 3.92046 4.04411
3.15011 0.10612 2.94669 3.23494
4.23247 0.11218 4.01231 4.32792
1.35504 0.01798 1.33163 1.37675
4.42501 0.41824 3.86804 4.79595
3.12953 0.29828 2.82163 3.61022
5.00437 0.37733 4.52739 5.51647
2.90980 0.48749 2.52709 3.87324
4.60392 0.13695 4.43312 4.81208
6.48750 1.08270 4.96809 7.72858
3.54848 0.02991 3.52115 3.59844
