# avg	std	min	max
1.09603 0.00820 1.08613 1.10596
1.13167 0.03054 1.09406 1.16942
1.81040 0.05203 1.72997 1.87879
0.45722 0.01735 0.43162 0.48348
1.28254 0.11403 1.09223 1.41004
0.25272 0.02394 0.21895 0.28102
0.00906 0.01908 -0.00188 0.04705
0.20103 0.05585 0.14025 0.28625
1.50610 0.20224 1.20006 1.72257
0.53518 0.04887 0.47873 0.60034
0.61436 0.01059 0.59908 0.62827
1.00968 0.00720 1.00195 1.02108
0.06502 0.00172 0.06286 0.06726
0.64136 0.09238 0.56141 0.82046
0.77417 0.00621 0.76456 0.78314
0.33994 0.40258 -0.19227 0.85633
0.72014 0.00365 0.71394 0.72391
0.39757 0.08440 0.28050 0.50640
0.49546 0.09258 0.33413 0.58766
0.68624 0.12844 0.48004 0.82638
