# avg	std	min	max
0.96537 0.00000 0.96537 0.96537
0.59661 0.00007 0.59657 0.59675
0.55624 0.01316 0.54533 0.57382
0.13618 0.02046 0.11893 0.17312
0.89916 0.06021 0.80117 0.95494
0.24080 0.00870 0.22978 0.25090
-0.00274 0.00347 -0.00827 0.00000
-0.57400 0.13665 -0.77950 -0.40679
1.00363 0.00150 1.00116 1.00524
0.97172 0.03122 0.94112 1.02827
1.13265 0.00644 1.12152 1.14167
0.35134 0.00604 0.34827 0.36342
0.02373 0.00417 0.01887 0.03103
0.20957 0.01009 0.19579 0.22725
0.65798 0.13082 0.47363 0.81057
1.83185 0.02603 1.77981 1.84608
1.31495 0.05911 1.24119 1.41548
0.23016 0.07326 0.09507 0.31240
0.21525 0.34242 -0.39096 0.52062
0.28178 0.08816 0.16788 0.43019
