# avg	std	min	max
1.11469 0.30537 0.63459 1.58043
0.19930 0.08444 0.04348 0.28363
0.99780 0.28360 0.61777 1.35081
-1.11182 0.30440 -1.40141 -0.71633
0.56680 0.68245 0.03414 1.84761
-1.03479 0.30968 -1.44650 -0.74707
-0.00647 0.00625 -0.01275 0.00412
-0.29321 0.66071 -1.00537 0.55895
1.69795 0.40644 1.30262 2.30502
0.94261 0.30558 0.47417 1.25432
1.28552 0.16793 0.97770 1.44333
0.31638 0.38842 -0.23866 0.96496
0.05571 0.07157 -0.04023 0.13782
0.38406 0.27210 0.14139 0.91308
0.03534 0.23271 -0.20636 0.45104
1.20703 0.37062 0.71769 1.64808
0.92321 0.35654 0.52710 1.39327
1.07688 0.21175 0.76937 1.30986
1.95837 0.06758 1.84732 2.05997
-0.26144 0.42653 -0.83830 0.36924
