# avg	std	min	max
5.20172 0.10861 5.04514 5.37712
4.06240 0.02401 4.01860 4.09072
3.91090 0.06900 3.85478 4.03785
1.43564 0.01548 1.41328 1.45754
3.60929 0.13764 3.34397 3.74471
1.34836 0.01415 1.33142 1.37303
-0.01658 0.01123 -0.03098 0.00304
0.00827 0.00746 -0.00317 0.01934
3.96380 0.10701 3.80325 4.12840
4.39967 0.02054 4.37883 4.43583
3.49453 0.06844 3.40288 3.58945
4.27942 0.07224 4.14423 4.34874
-0.48768 0.02800 -0.52697 -0.44160
4.76748 0.03094 4.73396 4.81030
3.37462 0.02105 3.34410 3.40064
5.81286 0.07217 5.72902 5.94691
5.37470 0.04565 5.29871 5.43250
1.44973 0.47035 1.12578 2.37670
2.69179 0.16842 2.36738 2.81989
3.01922 0.01968 3.00252 3.05704
