# avg	std	min	max
3.02600 0.00898 3.01281 3.03538
1.84487 0.01064 1.83206 1.85968
2.41943 0.00788 2.41265 2.43393
0.97344 0.01618 0.96005 1.00158
2.15998 0.06670 2.02685 2.19955
0.94850 0.19975 0.62832 1.25935
-0.00658 0.01780 -0.02545 0.02034
13.29970 1.02085 12.06480 14.65950
3.07991 1.74398 0.88953 4.51038
2.65305 0.09975 2.51145 2.78653
2.10301 0.09668 1.91004 2.15607
2.71340 0.03215 2.66443 2.76127
1.09578 0.01167 1.07937 1.11554
3.76175 0.01542 3.74620 3.78556
2.33948 0.02362 2.30895 2.37638
4.78715 0.17934 4.56789 5.07236
3.73839 0.23942 3.57782 4.21079
1.72830 0.31180 1.12939 2.02182
2.20336 1.00442 1.13809 3.77701
3.39709 0.00347 3.39044 3.39985
