# avg	std	min	max
0.00000 0.00000 0.00000 0.00000
2.78926 0.00000 2.78926 2.78926
5.31761 0.18443 4.96818 5.44376
4.43302 0.00567 4.42547 4.43989
5.28925 0.00127 5.28756 5.29063
4.26596 0.01406 4.23816 4.27495
4.23607 0.00499 4.23082 4.24500
4.31824 0.01157 4.29939 4.33412
7.90744 0.10406 7.78567 8.06067
4.32529 0.00639 4.31739 4.33487
5.05605 0.00095 5.05503 5.05743
4.31034 0.00290 4.30828 4.31593
4.29354 0.00211 4.29095 4.29596
2.97693 0.00303 2.97257 2.98011
4.32509 0.01743 4.30332 4.34697
4.20294 0.04871 4.16087 4.26815
4.23866 0.00892 4.22287 4.24787
2.88554 0.01776 2.85736 2.90671
2.89226 0.00662 2.88436 2.90108
4.45565 0.02392 4.43491 4.49687
