# avg	std	min	max
0.00000 0.00000 0.00000 0.00000
2.63902 0.00875 2.62152 2.64340
4.50735 0.14271 4.33124 4.67617
2.71736 0.06503 2.65722 2.83709
4.53641 0.04824 4.45139 4.57556
2.52592 0.05545 2.45596 2.58161
2.31471 0.03553 2.26342 2.36227
2.64122 0.17684 2.32394 2.83632
7.65276 0.06530 7.57385 7.72177
2.88163 0.03637 2.83621 2.91747
3.57058 0.10635 3.36396 3.65390
2.88967 0.07675 2.76750 2.95807
2.45110 0.05130 2.36398 2.50989
2.89083 0.09788 2.75911 3.00309
2.65001 0.13735 2.44537 2.80096
2.44002 0.03585 2.39602 2.47959
2.86048 0.08778 2.75487 2.94999
2.65990 0.05384 2.57858 2.72777
2.75229 0.06934 2.67007 2.87851
2.97157 0.04129 2.91225 3.02447
