# avg	std	min	max
0.00000 0.00000 0.00000 0.00000
0.30138 0.00000 0.30138 0.30138
0.47356 0.00034 0.47325 0.47410
0.39334 0.10920 0.18634 0.47428
0.57504 0.00724 0.57117 0.58951
0.55573 0.00117 0.55476 0.55796
0.57603 0.05765 0.49074 0.65978
0.38306 0.06865 0.27276 0.44956
0.20148 0.02412 0.15370 0.21985
0.22797 0.00004 0.22793 0.22805
0.43221 0.00579 0.42814 0.44372
0.30854 0.00006 0.30846 0.30861
0.44272 0.07328 0.31035 0.51324
0.16722 0.00355 0.16021 0.16977
0.17011 0.06553 0.06080 0.22349
0.28051 0.00049 0.27983 0.28128
0.33584 0.01128 0.31642 0.34955
0.24413 0.01686 0.21433 0.26271
0.13869 0.02996 0.10903 0.17747
0.27983 0.06533 0.14922 0.31475
