# avg	std	min	max
0.00000 0.00000 0.00000 0.00000
-0.22063 0.00000 -0.22063 -0.22063
0.04925 0.00069 0.04851 0.05020
-0.12111 0.00292 -0.12537 -0.11865
0.07187 0.00113 0.07026 0.07358
-0.07852 0.00776 -0.08739 -0.06709
-0.32800 0.12691 -0.39983 -0.07456
-0.08948 0.00638 -0.09736 -0.08422
-0.56252 0.00014 -0.56276 -0.56234
-0.09070 0.00000 -0.09070 -0.09070
0.00499 0.00072 0.00423 0.00594
0.00785 0.00004 0.00781 0.00792
-0.22744 0.08554 -0.27723 -0.05673
-0.29935 0.00061 -0.29985 -0.29816
-0.14230 0.04055 -0.20312 -0.10337
-0.76101 0.00105 -0.76261 -0.75962
-0.45490 0.01834 -0.48032 -0.43177
-0.11808 0.05379 -0.22523 -0.08294
-0.30917 0.09090 -0.39098 -0.14858
-0.02564 0.02805 -0.05537 0.00876
