# avg	std	min	max
0.00000 0.00000 0.00000 0.00000
3.54494 0.00000 3.54494 3.54494
3.55573 0.00062 3.55519 3.55691
2.45494 0.04827 2.36851 2.51402
3.52608 0.00118 3.52506 3.52837
2.44923 0.02701 2.40924 2.49368
2.56090 0.02691 2.53016 2.59340
3.27254 0.09543 3.15987 3.44041
7.40233 0.01383 7.38231 7.42022
2.94589 0.00066 2.94524 2.94712
0.78290 0.00066 0.78233 0.78379
2.84421 0.00008 2.84415 2.84434
2.75427 0.01743 2.73117 2.78366
2.67198 0.00795 2.66278 2.68370
2.63193 0.07188 2.55771 2.76048
2.25282 0.00111 2.25119 2.25414
2.93704 0.30792 2.66086 3.31944
2.74518 0.16232 2.43053 2.86652
2.65728 0.01590 2.63621 2.67591
3.22807 0.20527 3.03465 3.62576
