# avg	std	min	max
0.00000 0.00000 0.00000 0.00000
1.07211 0.03302 1.02909 1.11994
7.55021 0.04102 7.48479 7.60315
8.62011 0.33475 8.26395 9.23545
9.12029 0.25233 8.79649 9.42015
3.97032 0.17824 3.80396 4.29600
15.79152 1.48915 13.96740 17.05480
14.89316 0.88915 13.71670 16.09910
7.67945 0.17854 7.32753 7.81272
1.79213 0.02905 1.74165 1.82322
5.09684 0.05050 5.00494 5.15590
4.27259 0.03982 4.22108 4.33532
16.94434 1.37510 14.43550 18.09860
8.99065 0.61025 8.11232 9.64579
5.80439 0.29864 5.45962 6.24165
8.63190 1.08970 6.45855 9.31824
4.56605 0.06597 4.47623 4.64949
8.07710 0.30666 7.78940 8.57549
9.01718 0.18979 8.82193 9.26106
15.22556 0.19350 14.88250 15.44370
