# avg	std	min	max
0.00000 0.00000 0.00000 0.00000
2.06120 0.00664 2.05271 2.07060
3.06446 0.04367 3.01477 3.14500
2.61284 0.03047 2.57905 2.65720
3.01991 0.01895 2.98741 3.04079
3.03028 0.31758 2.61937 3.41757
1.80680 0.06575 1.71967 1.88816
2.93876 0.21784 2.54702 3.18601
5.30183 0.35385 4.76844 5.84371
2.51180 0.03005 2.48064 2.56253
3.01014 0.03030 2.97429 3.04689
2.87907 0.02804 2.85698 2.93126
2.44843 0.09623 2.29346 2.54599
1.99650 0.05531 1.92118 2.08644
2.93031 0.14234 2.81071 3.20982
2.78735 0.08984 2.60908 2.84425
2.46450 0.06101 2.36050 2.52863
2.36784 0.22248 2.05890 2.62917
1.62072 0.31115 1.18521 2.07891
1.88122 0.04722 1.82964 1.95606
