# avg	std	min	max
-0.00000 0.00000 -0.00000 0.00000
0.43765 0.00000 0.43765 0.43765
1.93218 0.09101 1.83449 2.05627
0.06153 0.05811 -0.00687 0.15752
2.16759 0.05784 2.07383 2.25113
0.14836 0.08269 0.04068 0.25292
-0.31742 0.15171 -0.51531 -0.17431
0.49988 0.04355 0.43030 0.55421
2.38661 0.37175 1.96558 3.02600
0.27918 0.31853 0.10292 0.91560
1.71987 0.32188 1.32581 2.29300
1.37114 0.02417 1.32941 1.40458
0.31181 0.41427 -0.20009 0.80067
0.17032 0.02148 0.12850 0.18713
0.48391 0.11878 0.34086 0.66932
-0.74207 0.23300 -0.90775 -0.28908
0.12601 0.12607 -0.00113 0.33057
0.54969 0.09639 0.41970 0.66839
0.88327 0.13143 0.62577 0.97557
1.20966 0.12992 1.02450 1.35345
