# avg	std	min	max
0.00000 0.00000 0.00000 0.00000
0.60000 0.00046 0.59964 0.60082
2.66210 0.02539 2.63970 2.71075
0.58840 0.00965 0.57551 0.60143
2.61688 0.10014 2.42589 2.69104
0.75043 0.05221 0.69173 0.82755
1.08111 0.00320 1.07590 1.08498
1.20625 0.01855 1.17744 1.23180
6.56342 0.03869 6.51364 6.60635
0.87987 0.00531 0.87468 0.88696
1.64965 0.25728 1.41732 2.13719
1.45203 0.00750 1.43807 1.45970
1.16453 0.02478 1.11611 1.18225
1.09852 0.00380 1.09150 1.10281
0.36026 0.03018 0.31229 0.38608
1.78550 0.00514 1.77846 1.79315
0.88334 0.01112 0.86864 0.90150
0.91573 0.01651 0.89853 0.93782
0.88390 0.03204 0.83800 0.91591
0.15828 0.01761 0.14425 0.19206
