# avg	std	min	max
0.00000 0.00000 0.00000 0.00000
0.52882 0.00055 0.52771 0.52909
0.71167 0.03087 0.67996 0.75940
0.37849 0.06839 0.29835 0.47284
0.62208 0.17329 0.44226 0.91459
1.30649 0.13928 1.15738 1.50719
0.17824 0.13450 -0.00375 0.40841
0.52227 0.05398 0.44126 0.60449
1.72700 0.06332 1.65120 1.82683
0.03146 0.00005 0.03140 0.03151
-0.27974 0.02800 -0.30069 -0.22498
1.08258 0.03116 1.05098 1.14046
0.36923 0.05148 0.31527 0.45359
-0.07491 0.07122 -0.16064 0.02993
0.23410 0.07535 0.14727 0.36853
-1.41372 0.13108 -1.51315 -1.15857
-0.08428 0.01145 -0.10269 -0.07091
0.34362 0.03692 0.29221 0.39670
0.47765 0.01729 0.44947 0.50113
0.97758 0.06649 0.86548 1.03208
