# avg	std	min	max
0.29762 0.02125 0.25513 0.30824
-0.36323 0.01485 -0.37066 -0.33353
-0.18023 0.01061 -0.20146 -0.17469
-0.56976 0.02260 -0.59098 -0.53498
-0.55515 0.00983 -0.57423 -0.54584
-0.90580 0.16047 -1.01732 -0.58837
-1.19489 0.28583 -1.44944 -0.84478
-0.30879 0.01640 -0.33186 -0.29167
-0.88243 0.05111 -0.97378 -0.81541
0.09524 0.09553 -0.03991 0.17368
-0.08246 0.05122 -0.14191 -0.01885
-0.13676 0.04744 -0.20019 -0.09774
-1.27347 0.34172 -1.77889 -0.79103
0.02871 0.00144 0.02583 0.02947
-0.60966 0.16443 -0.73891 -0.28572
0.17668 0.01004 0.17025 0.19664
-0.27337 0.08999 -0.43229 -0.15738
-0.92435 0.02688 -0.96907 -0.89271
-0.88622 0.02949 -0.92147 -0.83403
0.00356 0.00559 -0.00414 0.01163
