# avg	std	min	max
1.71340 0.17980 1.59308 2.07102
0.61407 0.16814 0.37726 0.90441
1.57891 0.21960 1.40901 1.95066
-0.21713 0.46937 -0.97640 0.40336
1.17485 0.13880 1.10373 1.45245
-0.34621 0.28529 -0.70106 -0.01892
1.36457 0.57403 0.75346 2.38746
2.84968 1.10549 1.56448 4.11003
4.82133 0.69703 4.11526 6.12244
0.61110 0.17591 0.48961 0.95845
0.80327 0.02672 0.78862 0.85666
0.59123 0.00511 0.58822 0.60142
1.66588 0.77060 0.19063 2.42292
1.45654 0.24384 1.25417 1.93673
1.31519 0.25564 1.02257 1.79116
3.27029 0.21386 3.06086 3.67662
1.48963 0.19197 1.31436 1.85988
0.44682 0.26668 0.11720 0.79529
0.84395 0.18621 0.61500 1.18248
1.90767 1.05597 0.44928 3.72992
