# avg	std	min	max
0.94552 0.06978 0.85640 1.04644
-0.31906 0.01449 -0.34149 -0.29675
1.27614 0.31360 0.76342 1.73235
-0.88731 1.01298 -1.61482 1.10272
1.90879 0.58721 1.13969 2.56322
-0.13899 0.44157 -0.53376 0.72058
5.82827 1.63849 3.58446 8.68755
11.63974 0.41144 10.95280 12.12560
5.52575 0.22627 5.29578 5.95736
0.35457 0.10372 0.20928 0.50709
0.46849 0.30593 0.12078 0.92371
-0.27251 0.07520 -0.34020 -0.12577
6.34063 0.64990 5.66566 7.16668
3.99949 0.50334 3.25394 4.58704
-0.84428 0.62493 -1.46103 0.32470
4.20932 1.42045 2.55331 6.14813
2.87789 0.33514 2.51502 3.50796
2.23855 0.67983 1.44677 3.21287
2.23051 0.68266 0.93085 2.74226
-0.00198 0.00000 -0.00198 -0.00198
