# avg	std	min	max
-0.20631 0.00218 -0.20740 -0.20194
-0.30310 0.01620 -0.32274 -0.27339
0.64349 0.01453 0.62982 0.66350
-0.28722 0.05421 -0.34857 -0.21311
0.51902 0.01924 0.48326 0.53735
-0.31484 0.01591 -0.33092 -0.28516
-0.32650 0.01067 -0.33852 -0.30913
-0.22474 0.01476 -0.24814 -0.20692
-0.17824 0.06192 -0.23866 -0.06445
-0.06612 0.01100 -0.08282 -0.05341
0.53536 0.01879 0.50984 0.56312
-0.13722 0.02149 -0.16102 -0.10612
-0.25325 0.01767 -0.27531 -0.22488
-0.15798 0.01637 -0.18211 -0.13407
-0.04882 0.03450 -0.09989 -0.01377
-0.11113 0.02054 -0.14282 -0.07815
0.25579 0.01731 0.23183 0.27376
-0.43355 0.03665 -0.49678 -0.39686
-0.20069 0.01560 -0.21654 -0.17507
-0.02574 0.03452 -0.08894 0.00940
