# avg	std	min	max
2.59871 0.04758 2.51326 2.64416
2.11857 0.04839 2.06946 2.19759
2.45065 0.02305 2.41871 2.48356
0.78492 0.03559 0.72655 0.82694
2.39134 0.11045 2.28176 2.59079
0.80992 0.03091 0.77444 0.84642
0.56466 0.11731 0.37897 0.74195
3.81558 0.68100 3.18885 5.06947
4.35956 0.16005 4.16010 4.57641
2.26246 0.09091 2.18835 2.44012
2.97613 0.05570 2.92376 3.05026
1.72136 0.03000 1.69400 1.77790
1.49640 0.13911 1.29735 1.72125
1.52732 0.07713 1.42557 1.65859
1.39808 0.50261 0.65000 1.98579
6.93592 0.33283 6.28471 7.22820
5.56366 0.14557 5.38401 5.73682
0.47407 0.32090 0.16675 0.94957
1.10803 0.08420 0.95154 1.20562
-0.00278 0.01660 -0.03384 0.01192
