# avg	std	min	max
1.17819 0.02552 1.13530 1.20735
0.31300 0.01757 0.28120 0.33451
0.44121 0.05297 0.37333 0.50970
-0.34725 0.07237 -0.45708 -0.24322
-0.17050 0.04750 -0.24512 -0.10146
-0.13576 0.02630 -0.17977 -0.10203
-0.08677 0.09795 -0.26426 -0.01264
-0.04310 0.03621 -0.09782 0.00109
1.92833 0.04857 1.87668 2.00653
0.99833 0.14101 0.84981 1.26242
1.04219 0.00603 1.03713 1.05401
1.02524 0.03330 0.99714 1.08901
0.04412 0.09633 -0.02344 0.23337
0.55753 0.01369 0.53854 0.57367
0.23752 0.05990 0.12153 0.29298
0.95795 0.03615 0.91931 1.01232
0.50744 0.04159 0.45465 0.58254
-0.05533 0.09481 -0.22905 0.06167
-0.40362 0.20907 -0.79703 -0.17091
0.37053 0.03516 0.32383 0.42416
