# avg	std	min	max
0.65359 0.05785 0.58595 0.76010
0.05330 0.06875 -0.02314 0.17278
0.32459 0.06692 0.26176 0.44886
-0.02678 0.04879 -0.09761 0.04416
-0.07472 0.04457 -0.13017 -0.00850
-0.02910 0.08591 -0.15181 0.08119
-0.36211 0.05879 -0.41480 -0.25853
0.64471 0.05860 0.59252 0.74144
2.15296 0.05967 2.05266 2.22238
0.62004 0.02561 0.59808 0.65671
0.08585 0.04428 0.02676 0.14115
0.91506 0.02041 0.88981 0.95117
-0.84708 0.10779 -0.96129 -0.66056
0.88221 0.07300 0.77781 1.00385
-0.18747 0.09314 -0.26095 -0.00742
0.79426 0.02279 0.76039 0.81918
0.45574 0.08971 0.37617 0.61981
-0.00995 0.01075 -0.02000 0.01036
0.08000 0.03794 0.02718 0.14313
0.56390 0.16493 0.34751 0.82249
