# avg	std	min	max
1.97307 0.08539 1.87893 2.10341
0.71174 0.07668 0.57387 0.80071
-0.46928 0.06876 -0.56772 -0.37154
-0.78423 0.10990 -0.90312 -0.58252
-0.41843 0.31107 -0.69607 0.18798
-0.85308 0.16245 -1.10330 -0.70447
-1.62545 0.04221 -1.67314 -1.55548
-1.92333 0.19920 -2.12290 -1.67402
0.11704 0.10436 -0.04717 0.28024
1.45384 0.08389 1.37773 1.61254
0.59065 0.02187 0.55566 0.61937
0.12849 0.03479 0.09032 0.17862
-1.00849 0.19354 -1.27206 -0.67689
1.47469 0.08001 1.33394 1.57483
0.85907 0.07779 0.78482 1.00547
1.09539 0.33764 0.64495 1.52313
0.58485 0.08783 0.48698 0.69344
-0.03117 0.00000 -0.03117 -0.03117
1.18997 0.16758 0.89215 1.40486
0.07028 0.05782 -0.00366 0.12543
