# avg	std	min	max
0.88482 0.09064 0.70684 0.95010
0.02148 0.03797 -0.01427 0.08351
-0.34203 0.07686 -0.44657 -0.20974
-1.47879 0.04394 -1.53939 -1.41975
-0.84782 0.06317 -0.93129 -0.76494
-1.29836 0.08386 -1.38888 -1.16554
-0.91016 1.49962 -2.27256 1.11424
3.22440 0.63847 2.58032 4.08243
-0.61067 0.07098 -0.69504 -0.48971
0.67852 0.05292 0.60846 0.72689
-0.66631 0.03082 -0.71445 -0.62632
-0.01196 0.04886 -0.08081 0.06470
-0.18751 1.56821 -1.36170 2.87632
0.17240 0.07011 0.04489 0.23919
-0.24725 0.11861 -0.39089 -0.03439
1.98874 0.07289 1.85965 2.06976
1.95057 0.10175 1.79184 2.11017
-0.01792 0.01850 -0.03017 0.01892
-0.35858 0.46573 -1.22799 -0.03249
1.40457 0.09206 1.29136 1.50302
