# avg	std	min	max
1.12791 0.25283 0.67407 1.40448
0.25488 0.04395 0.21472 0.33827
0.71563 0.11432 0.58111 0.90226
-1.74269 0.39762 -2.09013 -1.14386
0.31571 0.22332 0.04733 0.68458
-2.36306 0.41992 -3.14557 -1.91804
-0.65566 0.28792 -0.98937 -0.18083
-0.38706 0.26320 -0.85785 -0.06093
-0.79907 0.14521 -1.04414 -0.64888
1.16490 0.42974 0.39885 1.52226
1.50990 0.09207 1.36536 1.62317
0.05396 0.46132 -0.29902 0.87625
0.31317 0.40264 -0.14359 0.88240
-0.05479 0.25919 -0.54195 0.21873
0.22915 0.13116 -0.00879 0.34907
0.84845 0.38047 0.11504 1.14209
-0.42096 0.40922 -0.86485 0.07098
-0.07359 0.05555 -0.16316 -0.00850
0.63453 0.33743 0.21943 1.10498
0.29512 0.28949 0.12175 0.87201
