# avg	std	min	max
1.52660 0.07087 1.40710 1.61129
1.50270 0.05382 1.43432 1.55133
1.33564 0.09230 1.19257 1.45683
1.04400 0.04940 0.99496 1.11506
1.32766 0.16830 1.12229 1.61392
0.69324 0.38256 0.35295 1.40915
0.39126 0.10537 0.23902 0.51934
0.80011 0.20670 0.56383 1.10651
1.32365 0.13473 1.14962 1.56573
1.88162 0.24304 1.45066 2.19255
1.88744 0.07012 1.79155 2.00427
1.22125 0.23987 0.97511 1.67984
0.58827 0.27076 0.34493 1.09764
1.42168 0.18183 1.17385 1.67672
1.30139 0.28385 0.91675 1.70471
2.00675 0.51420 1.36120 2.69482
1.13530 0.13283 0.96788 1.36767
0.02945 0.16416 -0.17487 0.29887
-0.09242 0.78743 -1.58086 0.59151
0.82531 0.48449 0.30429 1.62174
