# avg	std	min	max
-1.57443 0.00520 -1.58482 -1.57183
-0.31614 0.03261 -0.35459 -0.26981
1.20166 0.17434 1.07350 1.53471
0.04342 0.01313 0.01894 0.05479
0.93193 0.26596 0.66375 1.25806
-0.29322 0.03842 -0.34423 -0.22580
0.78280 0.00348 0.77724 0.78601
1.00970 0.00477 1.00324 1.01783
8.13699 0.48354 7.17080 8.41442
-0.13633 0.01463 -0.16559 -0.12888
3.57095 1.23377 1.49266 4.53422
0.79052 0.00139 0.78802 0.79232
1.03600 0.01317 1.02217 1.05851
0.89222 0.01323 0.86607 0.90233
0.50840 0.01073 0.49426 0.52521
1.78289 0.03027 1.73730 1.82959
2.01303 0.01388 1.99521 2.03370
-0.02819 0.03631 -0.10081 -0.01003
0.13216 0.05748 0.06261 0.21428
0.52905 0.02607 0.50123 0.57373
