# avg	std	min	max
1.98942 0.01349 1.96910 2.00715
1.99269 0.01559 1.97440 2.01978
2.56653 0.07673 2.48202 2.70007
-0.89742 0.07085 -0.95013 -0.76071
2.38499 0.23353 2.13472 2.68898
-1.23174 0.13375 -1.40590 -0.99448
3.66348 0.41907 3.09769 4.21006
2.82406 1.39781 1.04450 4.51697
10.91546 0.10665 10.75390 11.08940
2.22054 0.01472 2.20928 2.24920
3.17580 0.07019 3.09064 3.29208
1.06425 0.01131 1.04954 1.07711
6.82233 0.24737 6.45800 7.19178
1.10405 0.06175 1.02708 1.18838
1.32099 0.35809 0.74172 1.67681
2.86898 0.21515 2.49312 3.12047
3.28321 0.05158 3.23096 3.37918
-0.03787 0.03829 -0.06190 0.03691
-0.74926 0.51886 -1.06567 0.28216
2.43326 0.43580 1.74718 3.09782
