# avg	std	min	max
0.86067 0.02293 0.83007 0.89043
0.67485 0.00950 0.65730 0.68380
0.43603 0.01881 0.41035 0.46484
0.01686 0.01724 0.00169 0.04999
0.27149 0.05531 0.20799 0.34764
-0.34845 0.02395 -0.38072 -0.31090
-0.29871 0.04468 -0.38264 -0.25485
-0.59632 0.17516 -0.82591 -0.29044
0.99664 0.02965 0.97003 1.04781
0.63427 0.01844 0.60478 0.65596
0.48156 0.02810 0.45027 0.52851
0.52060 0.02696 0.48464 0.56075
-0.17520 0.03849 -0.23618 -0.11588
0.32924 0.02146 0.29443 0.36166
0.14458 0.05926 0.06716 0.21077
0.52220 0.01083 0.50244 0.53175
0.52174 0.00515 0.51609 0.52856
-0.00229 0.00245 -0.00413 0.00245
-0.02066 0.01621 -0.04073 -0.00235
0.61718 0.06664 0.51352 0.69974
