# avg	std	min	max
-0.28060 0.05615 -0.35033 -0.19575
1.44755 0.07236 1.32875 1.53137
2.22564 0.03217 2.17759 2.25942
0.15379 0.06529 0.06480 0.24930
1.68236 0.03740 1.64821 1.75063
-0.32944 0.04700 -0.39881 -0.27102
-0.65142 0.18933 -1.01641 -0.49896
0.10959 0.12822 -0.07948 0.27881
3.94388 0.24368 3.78835 4.42960
1.40412 0.14242 1.23155 1.64948
2.16856 0.04544 2.10704 2.22243
1.16242 0.11451 1.06770 1.37977
-0.24868 0.28213 -0.62365 0.04582
1.74040 0.13176 1.59938 1.95579
1.23778 0.31401 0.62755 1.47029
3.49348 0.10701 3.32978 3.64495
2.12297 0.09970 1.99304 2.27201
-0.04971 0.06591 -0.15698 0.03497
-0.28787 0.21875 -0.54732 0.04085
0.70460 0.13221 0.61746 0.96606
