# avg	std	min	max
2.24578 0.09047 2.13885 2.37772
0.53306 0.14316 0.36994 0.78609
-0.47458 0.03893 -0.51414 -0.41660
-0.84675 0.02716 -0.86937 -0.80974
0.03033 0.06065 -0.05376 0.13493
-0.99658 0.30669 -1.24415 -0.39888
0.11401 0.85895 -0.86058 1.36414
0.69171 0.91865 -0.30742 1.86685
4.45256 0.05148 4.36542 4.51276
2.12877 0.07645 2.03118 2.26365
1.11999 0.07587 1.02233 1.23125
0.36182 0.04636 0.30876 0.42439
1.24233 0.80282 -0.01294 2.37992
0.18102 0.01400 0.17228 0.20883
0.39161 0.05732 0.34454 0.50092
1.85379 0.03368 1.79468 1.89933
1.79546 0.10959 1.67917 1.97236
-0.06156 0.00869 -0.07893 -0.05721
-0.05738 0.03957 -0.09350 -0.00889
2.74645 1.26605 0.91189 4.60409
