# avg	std	min	max
0.94114 0.17604 0.59640 1.08653
1.15558 0.00505 1.14680 1.16190
2.20488 0.24664 1.93246 2.50942
-0.12743 0.25373 -0.41542 0.31252
1.41513 0.40987 0.75585 2.04935
-0.26985 0.21267 -0.66604 -0.07362
-0.97333 0.05991 -1.02814 -0.85768
-0.15320 0.28231 -0.41428 0.39186
6.13745 0.16821 5.85074 6.28175
1.80752 0.00512 1.80112 1.81507
2.38166 0.53012 1.34819 2.82046
0.89307 0.23213 0.48211 1.19746
-0.66585 0.32558 -1.21651 -0.36514
1.07556 0.02397 1.03780 1.10567
0.81095 0.32061 0.45137 1.31544
0.68041 1.10953 -1.44484 1.60290
1.20699 0.35430 0.54390 1.58776
-0.04405 0.04017 -0.12439 -0.02397
0.68128 0.24695 0.37494 0.96304
0.66074 0.13759 0.44580 0.77148
