# avg	std	min	max
1.73029 0.05679 1.68735 1.84114
0.12293 0.01942 0.09371 0.15440
-0.02785 0.09672 -0.18394 0.08137
3.40392 0.65978 2.31190 4.03263
2.95438 0.52925 2.46296 3.66509
-0.21300 0.34480 -0.89627 0.03684
8.27743 0.27181 8.04102 8.76988
10.63761 0.98235 9.48820 11.89580
5.53090 0.45231 4.62965 5.82376
1.40383 0.01847 1.36778 1.41863
1.44917 0.58572 0.30001 1.93678
0.62248 0.11906 0.54189 0.85875
7.06365 1.31504 5.69861 9.07683
1.57369 0.42994 1.27840 2.41111
0.94567 0.65650 0.51643 2.24047
5.73544 0.03265 5.68999 5.77871
3.83899 0.18443 3.63720 4.13129
0.00000 0.00000 0.00000 0.00000
0.07982 0.72162 -0.59730 1.41403
6.26848 0.62434 5.72974 7.47927
