# avg	std	min	max
0.01730 0.07898 -0.10044 0.13809
-0.66352 0.04601 -0.72646 -0.60156
-0.92445 0.30668 -1.20581 -0.50341
-3.07930 0.11399 -3.26315 -2.90710
-1.65135 0.16934 -1.94521 -1.49743
-3.39837 0.09487 -3.51925 -3.27896
-2.02682 0.07207 -2.15691 -1.94854
5.05658 1.19945 3.97115 7.31928
0.06711 0.11466 -0.13862 0.20395
-1.09726 0.03424 -1.16203 -1.06187
-1.24359 0.10271 -1.38627 -1.09747
-1.12244 0.05894 -1.22135 -1.04499
-0.90482 0.11107 -1.07878 -0.73012
-0.93197 0.05914 -1.01282 -0.83869
0.20975 0.05948 0.16142 0.32403
-0.89143 0.04575 -0.93362 -0.81512
0.30581 0.08342 0.18714 0.44886
-0.10470 0.10372 -0.29727 -0.01203
1.53091 0.66301 0.60450 2.35924
-0.80765 0.20044 -1.15899 -0.59709
