# avg	std	min	max
2.07678 0.13368 1.88352 2.24560
0.99665 0.06640 0.89922 1.09691
2.31631 0.08125 2.21710 2.42742
-0.69587 0.03812 -0.74716 -0.63054
1.80101 0.55622 0.87244 2.61788
-0.83503 0.09899 -1.01734 -0.71820
1.55968 0.87911 0.41970 2.95151
1.01279 0.49102 0.60177 1.95570
5.74250 0.04752 5.69541 5.80083
1.98879 0.07250 1.86596 2.06950
3.07670 0.30044 2.48531 3.29287
1.51781 0.07910 1.40394 1.62791
2.42550 0.65333 1.12387 2.82215
1.19377 0.26432 1.00569 1.71907
1.00339 0.02751 0.97368 1.05023
0.69025 0.33909 0.11952 1.17877
1.05871 0.07858 0.98732 1.21078
-0.06480 0.00272 -0.06616 -0.05935
1.98487 0.07061 1.87535 2.06755
2.17457 0.23921 1.83368 2.50934
