# avg	std	min	max
0.78383 0.02302 0.76992 0.82950
0.43782 0.00782 0.43095 0.44812
1.20657 0.18454 1.07094 1.57097
-0.13105 0.06008 -0.20350 -0.04119
0.63666 0.05679 0.58081 0.74472
-0.21117 0.06095 -0.32315 -0.14227
-0.03884 0.00708 -0.04736 -0.02710
0.12373 0.07125 0.01180 0.21521
0.11466 0.22777 -0.07911 0.55740
0.18219 0.03179 0.11958 0.20691
1.01622 0.06262 0.93507 1.09383
0.27617 0.04152 0.22561 0.35172
0.18297 0.01480 0.16355 0.20658
-0.01896 0.12028 -0.16955 0.11795
0.02858 0.04703 -0.05601 0.08646
0.86751 0.02065 0.85019 0.90692
0.25348 0.01911 0.22277 0.27910
-0.00973 0.00203 -0.01120 -0.00604
-0.01887 0.26593 -0.35300 0.30757
0.41019 0.04431 0.34012 0.46486
