# avg	std	min	max
1.09158 0.01892 1.07037 1.12500
0.11924 0.00915 0.10879 0.13347
1.48694 0.00532 1.47663 1.49105
-0.19484 0.03617 -0.23985 -0.13121
2.39000 0.50702 1.52316 3.05255
-0.23535 0.00610 -0.24084 -0.22360
-0.46185 0.04827 -0.51209 -0.37617
0.42245 0.18945 0.26451 0.78127
2.74112 0.04561 2.67310 2.80510
0.33452 0.10760 0.26787 0.54870
0.57524 0.00408 0.56978 0.58204
0.60919 0.02355 0.56511 0.63365
-0.48283 0.04882 -0.57538 -0.43585
0.42266 0.05262 0.33900 0.49930
0.62989 0.15818 0.45255 0.84283
3.51558 0.30167 2.92739 3.78752
2.23051 0.13500 2.05867 2.40787
-0.03459 0.05793 -0.15040 -0.00251
0.34363 0.23423 -0.11223 0.53018
-0.12671 0.04228 -0.17785 -0.06463
