# avg	std	min	max
1.00037 0.02174 0.97472 1.02634
0.63403 0.07380 0.57835 0.77988
1.44084 0.03770 1.37844 1.48194
-0.16760 0.05816 -0.24886 -0.06705
1.03606 0.06229 0.96963 1.12502
0.09881 0.05322 -0.00667 0.13398
0.16939 0.05225 0.10046 0.24644
0.40426 0.06283 0.32867 0.47208
2.34024 0.34594 1.96684 2.99197
0.23437 0.05706 0.15478 0.30239
0.41613 0.06083 0.33133 0.49232
0.67676 0.03086 0.63924 0.72299
0.18683 0.03241 0.14143 0.22882
0.22061 0.01547 0.20746 0.25013
0.11065 0.12927 -0.06752 0.26472
1.30672 0.03771 1.23723 1.34712
1.10668 0.05160 1.06185 1.20618
-0.00536 0.00000 -0.00536 -0.00536
-0.54021 0.20032 -0.72938 -0.19471
-0.10974 0.04534 -0.16600 -0.02794
