# avg	std	min	max
1.43760 0.06321 1.33228 1.51583
0.35055 0.06177 0.28069 0.44205
0.40742 0.03654 0.38576 0.48023
-0.44262 0.01389 -0.45851 -0.42691
-0.38491 0.00760 -0.39882 -0.37772
-0.34791 0.03562 -0.41176 -0.30441
-0.10272 0.07438 -0.18318 -0.00767
0.37720 0.06018 0.26218 0.42658
3.73197 0.60335 2.94285 4.77390
0.63545 0.05575 0.52966 0.69124
1.43047 0.06936 1.33100 1.53260
0.93321 0.07364 0.87030 1.05056
0.05917 0.01811 0.04165 0.09323
0.84566 0.03623 0.80298 0.90124
-0.43088 0.29378 -0.68448 0.13121
2.09617 0.09070 1.94302 2.17150
0.93646 0.08133 0.87255 1.09426
0.00067 0.01143 -0.01636 0.01971
-0.16254 0.26729 -0.46786 0.26119
-0.02880 0.20260 -0.28306 0.27711
