# avg	std	min	max
0.85666 0.05779 0.75871 0.93226
-0.14891 0.13313 -0.34756 -0.00397
-1.65669 0.11352 -1.76197 -1.44405
-3.16861 0.17261 -3.30763 -2.83407
-2.30953 0.07979 -2.40787 -2.18204
-2.59340 0.07105 -2.66128 -2.46506
-2.03797 0.52554 -2.61945 -1.33839
-0.12279 0.28815 -0.48153 0.39291
2.42889 0.18767 2.16962 2.66990
-0.09216 0.06174 -0.13309 0.02936
-1.03233 0.16822 -1.14981 -0.70090
-0.32097 0.12287 -0.47290 -0.10690
0.37433 1.18090 -0.97609 1.80776
-0.60299 0.41582 -1.25936 -0.06581
-1.07662 0.14604 -1.30316 -0.86953
1.64425 0.41475 1.29019 2.39215
1.07725 0.05987 1.00808 1.16404
-0.13282 0.20993 -0.46065 0.11169
-0.17477 0.33894 -0.65841 0.21735
-0.04322 0.40383 -0.82421 0.25065
