# avg	std	min	max
1.82496 0.07538 1.78727 1.97573
0.52200 0.00000 0.52200 0.52200
0.87222 0.07316 0.79649 1.00841
-0.44722 0.02594 -0.48890 -0.41152
0.19034 0.02229 0.14764 0.21334
-0.68394 0.04884 -0.75305 -0.60963
-0.75579 0.01367 -0.76997 -0.73256
-0.78221 0.26588 -0.96164 -0.25651
4.65597 0.21977 4.45538 5.07741
0.58805 0.00676 0.58001 0.59611
0.59418 0.03003 0.55713 0.64916
1.00705 0.07925 0.95696 1.16421
-1.03639 0.16053 -1.21386 -0.81396
1.39559 0.22629 1.00945 1.62409
0.51003 0.06419 0.45267 0.63147
2.13745 0.00247 2.13477 2.14198
0.80052 0.09308 0.74072 0.98119
-0.01689 0.01886 -0.05461 -0.00747
-1.51298 0.51358 -2.05476 -0.81206
0.47692 0.12245 0.25521 0.62459
