# avg	std	min	max
2.51132 0.04676 2.44646 2.57667
1.93967 0.00077 1.93927 1.94121
2.75324 0.32546 2.57741 3.40324
-0.05271 0.00000 -0.05271 -0.05271
3.33759 0.10645 3.14541 3.44861
0.50502 0.30840 0.17005 1.04628
6.04801 2.60773 1.76525 9.12504
11.19590 0.92836 9.87121 12.28690
2.85512 0.17190 2.54761 3.01367
1.91128 0.00243 1.90876 1.91550
3.76105 0.34594 3.07777 3.97162
2.44090 0.12496 2.32968 2.68500
9.74674 2.39483 7.25748 12.67280
2.07621 0.06915 1.98338 2.15870
1.55129 0.70725 0.30674 2.18660
-0.12581 0.11978 -0.26824 0.03181
2.26639 0.34609 1.73740 2.77692
4.64820 0.58338 3.63149 5.19862
4.52720 0.95881 2.92007 5.92076
5.06788 1.34271 3.38093 7.15809
