# avg	std	min	max
1.09209 0.10644 0.96201 1.21805
0.35306 0.26579 -0.12464 0.60457
0.97112 0.00021 0.97091 0.97150
-0.03856 0.08042 -0.19933 0.00651
0.52871 0.10400 0.42571 0.69363
-0.36827 0.13137 -0.45178 -0.10854
0.30557 0.21193 0.12347 0.66637
0.97625 0.12631 0.74704 1.12736
1.21961 0.10818 1.08746 1.35857
0.37226 0.05679 0.32924 0.48222
0.39244 0.07178 0.29167 0.46008
0.46816 0.06985 0.35263 0.53835
0.48808 0.27840 0.24276 1.01370
0.51510 0.13833 0.32956 0.74095
0.43991 0.10650 0.30637 0.61110
1.69255 0.08022 1.59824 1.79940
1.41984 0.05454 1.32802 1.47040
-0.12907 0.23135 -0.49505 0.15504
-0.59581 0.34804 -1.20390 -0.16460
0.33568 0.00556 0.33094 0.34531
