# avg	std	min	max
0.92319 0.29529 0.39093 1.19894
0.44009 0.00000 0.44009 0.44009
0.64244 0.00063 0.64196 0.64359
-0.02596 0.05193 -0.12982 0.00000
0.13713 0.01478 0.12255 0.15536
-0.34079 0.00937 -0.35930 -0.33420
-0.15639 0.01713 -0.16621 -0.12224
0.22367 0.15185 -0.07699 0.33871
3.87161 0.38448 3.48372 4.38090
0.23683 0.01106 0.23130 0.25894
0.53341 0.19179 0.26023 0.68873
0.23150 0.13795 -0.04440 0.30103
-0.07472 0.01164 -0.08117 -0.05145
0.79401 0.01046 0.78374 0.80753
-0.37907 0.07690 -0.52057 -0.29635
0.78553 0.00107 0.78458 0.78749
0.42059 0.03461 0.36621 0.47032
-0.42664 0.08531 -0.50259 -0.26169
-0.48280 0.05871 -0.58713 -0.42955
0.13480 0.23637 -0.15263 0.49160
