# avg	std	min	max
0.26996 0.00000 0.26996 0.26996
-0.01117 0.00344 -0.01289 -0.00428
0.25681 0.01335 0.24977 0.28349
-0.00306 0.00380 -0.00881 -0.00000
0.18729 0.00265 0.18477 0.19169
0.29523 0.01005 0.28188 0.30448
-0.00705 0.00695 -0.01890 0.00041
0.06440 0.00017 0.06422 0.06469
-0.80341 0.01446 -0.81979 -0.78502
0.23059 0.00002 0.23055 0.23061
0.17221 0.00006 0.17213 0.17232
-0.05540 0.00019 -0.05559 -0.05510
-0.02813 0.00288 -0.03189 -0.02353
-0.06570 0.00314 -0.06821 -0.06073
-0.30748 0.02138 -0.34882 -0.29039
0.00791 0.00092 0.00634 0.00888
-0.73320 0.05726 -0.77928 -0.62113
-0.07375 0.01300 -0.08737 -0.05012
-0.21432 0.01894 -0.24103 -0.18424
-0.31810 0.01301 -0.33996 -0.30147
