# avg	std	min	max
0.28617 0.00731 0.28247 0.30079
0.02558 0.00007 0.02555 0.02571
0.52747 0.00211 0.52437 0.53086
0.00018 0.00090 -0.00044 0.00195
0.38669 0.02058 0.37511 0.42782
-0.03955 0.01800 -0.05876 -0.01737
-0.06500 0.07550 -0.18282 0.00701
-0.01417 0.04857 -0.10223 0.03442
-0.25818 0.17354 -0.60189 -0.12907
0.26650 0.00052 0.26549 0.26693
0.40941 0.00003 0.40937 0.40943
0.38918 0.00359 0.38708 0.39636
0.11450 0.03654 0.08512 0.18615
-0.04300 0.00600 -0.04810 -0.03504
0.01820 0.16551 -0.14912 0.21907
-0.03824 0.00774 -0.04507 -0.02376
0.24079 0.01026 0.22707 0.25640
-0.04414 0.01427 -0.06388 -0.03178
0.19773 0.00727 0.18629 0.20591
0.31887 0.01020 0.29925 0.32763
