# avg	std	min	max
1.80044 0.06150 1.70838 1.87444
1.66518 0.02881 1.63225 1.70887
4.25603 0.01562 4.23838 4.27414
-0.00000 0.00000 -0.00000 -0.00000
3.60819 0.07860 3.56357 3.76465
0.08782 0.08624 -0.06932 0.19186
-1.04101 0.12534 -1.16662 -0.84913
1.63852 2.30452 0.03908 6.21574
6.86774 0.01961 6.85079 6.90310
1.50764 0.02846 1.46411 1.53815
3.75288 0.13010 3.49858 3.84962
0.99147 0.01770 0.97393 1.01416
-0.70391 0.04807 -0.76204 -0.62300
1.30994 0.04071 1.25587 1.34673
1.21711 0.23570 1.01147 1.50680
1.76621 0.07652 1.69597 1.86013
2.97381 0.49949 2.35532 3.39743
1.47655 0.09555 1.36877 1.64265
2.35446 0.13387 2.15563 2.54639
1.42315 0.41216 0.80856 2.09553
