# avg	std	min	max
-1.89195 0.01610 -1.90748 -1.87051
0.66284 0.01820 0.64836 0.69120
2.19874 0.04419 2.13320 2.25069
-0.00412 0.00000 -0.00412 -0.00412
1.90137 0.01089 1.89447 1.92281
-0.15489 0.05497 -0.24610 -0.08509
-0.15512 0.00241 -0.15953 -0.15294
-0.01102 0.03308 -0.05937 0.02089
3.45299 0.01880 3.42487 3.48107
-0.00313 0.00140 -0.00413 -0.00040
0.76398 0.04043 0.72438 0.83486
0.39256 0.02981 0.33305 0.41090
-0.12227 0.02019 -0.14601 -0.08840
0.27709 0.18462 0.10043 0.51195
0.26353 0.01790 0.25254 0.29912
-0.27474 0.00574 -0.28249 -0.26763
0.17827 0.01686 0.15866 0.19828
0.06074 0.03727 0.02750 0.12488
-0.99338 0.01797 -1.02389 -0.97662
0.33992 0.06528 0.22963 0.40309
