# avg	std	min	max
3.62541 0.02116 3.60433 3.65221
2.24818 0.02531 2.22086 2.29550
4.11774 0.02511 4.07993 4.14859
-0.00406 0.01022 -0.01596 0.01345
2.86375 0.05777 2.79105 2.95683
0.11587 0.04465 0.08367 0.20355
0.55851 0.20551 0.29982 0.80436
1.65346 0.28515 1.14671 1.99576
5.27829 0.08414 5.13516 5.36619
2.87524 0.01693 2.86054 2.90126
3.16010 0.02507 3.13981 3.20881
2.72545 0.02499 2.70912 2.77489
1.48388 0.85008 0.92210 3.17322
2.46681 0.17109 2.13000 2.60500
1.76479 0.06902 1.69979 1.85127
3.38857 0.17631 3.21138 3.64085
1.26065 0.77721 0.55763 2.32054
2.01830 0.17611 1.74068 2.24100
2.47126 0.27023 1.94104 2.66254
2.92486 0.23402 2.50772 3.20327
