# avg	std	min	max
2.08586 0.06009 2.02730 2.19390
1.24434 0.01819 1.22377 1.26873
1.11072 0.03040 1.07476 1.14760
-0.01938 0.00290 -0.02505 -0.01682
0.25609 0.01545 0.24160 0.27572
-0.10795 0.01720 -0.12338 -0.07441
0.47336 0.03565 0.44622 0.54176
1.04739 0.01833 1.02888 1.08210
2.98649 0.18192 2.75255 3.19189
1.38479 0.02960 1.33093 1.41813
1.58465 0.21679 1.31724 1.81840
1.21721 0.00003 1.21717 1.21723
1.54468 0.16539 1.23617 1.73501
1.65603 0.04656 1.62463 1.74651
0.76760 0.08385 0.65760 0.85730
1.48094 0.01604 1.46692 1.50817
0.46705 0.03691 0.43583 0.51757
0.65677 0.10347 0.52396 0.81902
-0.20009 0.17679 -0.48651 0.05375
1.06133 0.00495 1.05643 1.06954
