# avg	std	min	max
2.87943 0.04776 2.82745 2.96940
1.44534 0.03680 1.41952 1.51838
1.21339 0.05822 1.10802 1.28361
-0.01091 0.00665 -0.02338 -0.00411
0.14507 0.07313 0.03550 0.23103
-0.00162 0.01803 -0.02664 0.02129
0.53819 0.10918 0.37775 0.70782
1.27999 0.21702 1.05533 1.67160
6.43598 0.15929 6.14676 6.57993
2.26350 0.03580 2.24052 2.33460
1.84986 0.01533 1.82552 1.87122
1.95919 0.00214 1.95691 1.96221
0.65296 0.13476 0.45383 0.82795
2.35913 0.12403 2.20661 2.47490
1.43544 0.09414 1.33458 1.61040
1.75818 0.00493 1.74926 1.76435
1.24270 0.08985 1.16464 1.40797
0.85430 0.03506 0.82446 0.92303
1.41872 0.06425 1.30192 1.49245
2.19367 0.12433 1.97202 2.32031
