# avg	std	min	max
1.36581 0.08068 1.28951 1.50503
0.23726 0.04730 0.19412 0.31634
0.34408 0.05537 0.27049 0.41343
-0.04431 0.09502 -0.21023 0.08052
-0.31658 0.10843 -0.43578 -0.15493
-0.52557 0.09670 -0.69807 -0.40892
0.68739 0.04273 0.60374 0.72049
0.50963 0.24747 0.19059 0.83185
10.13633 0.09627 9.97205 10.26040
0.89466 0.05083 0.84736 0.96657
0.64754 0.19113 0.42716 0.98010
0.88298 0.07005 0.80933 0.98143
0.72510 0.09326 0.64789 0.85773
1.38252 0.08928 1.26011 1.50918
0.81833 0.08246 0.70486 0.89328
1.19958 0.10261 1.08523 1.36107
0.57171 0.11035 0.43514 0.71137
0.46743 0.08627 0.30217 0.55299
0.79589 0.11549 0.61857 0.95866
1.38296 0.03297 1.35093 1.43304
