# avg	std	min	max
2.02184 0.01894 2.00142 2.04733
1.33579 0.01522 1.31942 1.35580
1.87991 0.10630 1.81230 2.08925
-0.00925 0.01997 -0.04327 0.01267
1.24463 0.02137 1.21281 1.28016
0.43205 0.04375 0.39337 0.51051
0.60570 0.02355 0.58342 0.65099
1.80345 0.02002 1.76522 1.82056
6.77400 0.29801 6.38027 7.16155
1.62898 0.01488 1.60848 1.65260
2.84980 0.02858 2.80995 2.88753
1.79190 0.01647 1.78011 1.82407
0.93407 0.02202 0.90642 0.96341
2.51306 0.01245 2.50127 2.53575
1.60702 0.03822 1.56821 1.67091
2.82058 0.01192 2.80657 2.83833
1.74038 0.05818 1.64983 1.82306
1.07058 0.03427 1.00432 1.09817
1.31448 0.02726 1.26599 1.34932
2.31973 0.01465 2.29733 2.33872
