# avg	std	min	max
1.03726 0.01871 1.00327 1.06090
1.16575 0.00840 1.16131 1.18255
1.50594 0.01806 1.46982 1.51565
-0.00470 0.00939 -0.02348 0.00000
0.75690 0.01464 0.72790 0.76746
-0.08196 0.08686 -0.21452 0.03242
0.27980 0.22714 0.03942 0.55737
0.63717 0.00559 0.62892 0.64433
3.64115 0.00427 3.63733 3.64915
0.48884 0.01051 0.47849 0.50168
1.23076 0.00450 1.22638 1.23703
0.69589 0.00210 0.69219 0.69851
0.32946 0.01177 0.31856 0.34540
0.72094 0.00136 0.71932 0.72290
0.46666 0.04325 0.41300 0.54333
1.47633 0.03777 1.44203 1.53601
0.85693 0.02230 0.82094 0.88799
0.06456 0.08812 -0.09420 0.17773
-0.14691 0.09925 -0.34270 -0.06634
0.37555 0.00805 0.36269 0.38318
