# avg	std	min	max
2.03342 0.01325 2.01554 2.05480
0.97240 0.01196 0.95482 0.98886
2.64573 0.04111 2.59086 2.68831
-0.00836 0.00634 -0.01654 0.00154
3.81250 0.38989 3.46495 4.29465
0.14794 0.10538 0.01662 0.29155
6.64676 0.93582 5.66696 8.18997
7.00759 1.30181 5.58232 9.25987
8.83274 0.04635 8.74221 8.87345
1.73124 0.02137 1.69695 1.75986
2.54762 0.02625 2.51837 2.59387
1.47572 0.01761 1.44206 1.49286
5.21215 0.54168 4.37051 5.90969
2.27599 0.71388 1.35086 3.31548
1.23764 0.01812 1.21474 1.26843
2.65905 0.55236 2.33237 3.76187
1.82511 0.08867 1.76293 1.99757
0.97481 0.15762 0.75544 1.16883
1.87751 0.10548 1.76846 2.04283
6.90605 0.59888 6.09488 7.81913
