# avg	std	min	max
0.68883 0.00037 0.68864 0.68956
0.27885 0.00000 0.27885 0.27885
0.06054 0.01574 0.05152 0.09186
-0.00467 0.00720 -0.01896 -0.00000
-0.12566 0.02865 -0.14010 -0.06835
0.06980 0.03139 0.04626 0.13137
0.09430 0.03952 0.05608 0.14878
0.15735 0.02279 0.13537 0.20058
2.58121 0.05538 2.51113 2.65490
0.39792 0.01456 0.39007 0.42700
0.06269 0.00013 0.06257 0.06285
0.22208 0.00289 0.21990 0.22780
0.10251 0.03063 0.07536 0.15645
0.39236 0.03555 0.37435 0.46345
-0.06881 0.04911 -0.14448 -0.01446
0.39094 0.00500 0.38293 0.39620
0.11453 0.02535 0.08974 0.16026
-0.19040 0.05525 -0.29772 -0.14431
-0.17134 0.02302 -0.20587 -0.14502
0.58598 0.08799 0.46234 0.66202
