# avg	std	min	max
0.12272 0.25335 -0.22237 0.46771
1.57950 0.57493 0.71008 2.32546
5.66884 0.01508 5.65896 5.69860
-0.00087 0.00414 -0.00666 0.00357
7.39139 0.43955 7.14969 8.26864
-1.08481 0.82995 -2.39703 -0.40980
6.00659 0.90869 5.02126 7.47022
10.44006 2.14990 7.22101 13.48920
6.54349 0.00671 6.53362 6.55175
0.36870 0.36972 -0.00860 1.02335
3.95937 0.01473 3.94724 3.98817
0.86062 0.57054 0.19403 1.63803
11.50881 1.80914 9.37620 14.03140
2.64130 0.00076 2.64013 2.64249
2.52892 0.01852 2.50625 2.54959
2.39242 0.22511 1.97289 2.59921
2.89389 0.27771 2.39920 3.21939
1.80568 0.36473 1.25220 2.10553
3.92450 0.56466 3.24493 4.58244
4.93286 0.93156 3.10586 5.50956
