# avg	std	min	max
0.22563 0.00000 0.22563 0.22563
0.01306 0.00000 0.01306 0.01306
0.21977 0.00026 0.21954 0.22027
0.00015 0.00024 -0.00009 0.00059
0.12468 0.01539 0.09629 0.13849
-0.21482 0.02462 -0.23895 -0.17991
-0.22529 0.01373 -0.23885 -0.20246
-0.06863 0.00394 -0.07179 -0.06108
2.24832 0.00796 2.23792 2.26114
0.23204 0.00075 0.23111 0.23294
0.14535 0.00004 0.14526 0.14537
0.22534 0.00005 0.22529 0.22543
-0.21250 0.01420 -0.22958 -0.19279
-0.24066 0.00129 -0.24225 -0.23953
-0.11664 0.00072 -0.11769 -0.11568
-0.23902 0.00276 -0.24280 -0.23480
0.03917 0.00023 0.03897 0.03961
-0.13552 0.01379 -0.15906 -0.12247
-0.04044 0.00081 -0.04171 -0.03932
-0.15797 0.00087 -0.15916 -0.15704
