# avg	std	min	max
0.78541 0.00315 0.78097 0.79010
0.59884 0.00615 0.59457 0.61106
0.75145 0.02505 0.73855 0.80153
0.00003 0.00005 -0.00000 0.00013
-0.09270 0.02973 -0.12347 -0.03594
-0.40775 0.25481 -0.83213 -0.04896
0.22489 0.02727 0.19075 0.25094
0.79108 0.02597 0.73920 0.80614
1.53713 0.03508 1.47773 1.57759
1.23924 0.01204 1.23231 1.26331
1.37708 0.01568 1.35774 1.38990
1.02631 0.00019 1.02603 1.02652
0.30232 0.09019 0.18187 0.37766
0.86853 0.08422 0.74557 1.00161
0.04926 0.06940 -0.08166 0.10797
1.51876 0.01341 1.50622 1.54024
1.27676 0.03256 1.21573 1.30444
-0.38931 0.03887 -0.44133 -0.33269
-0.05755 0.04527 -0.09767 0.02469
0.92227 0.15126 0.76492 1.11952
