# avg	std	min	max
2.09128 0.01130 2.07996 2.10755
1.67363 0.03166 1.64968 1.72953
0.76174 0.09526 0.62526 0.88366
-0.01756 0.00331 -0.02313 -0.01271
0.25753 0.16970 0.03085 0.45484
-0.01825 0.04210 -0.08526 0.02922
1.70570 0.02001 1.66719 1.72306
1.71111 0.45716 1.32882 2.29427
2.04542 0.00875 2.03911 2.06225
1.31521 0.01039 1.30166 1.32991
0.99817 0.01025 0.98206 1.00796
0.92200 0.06118 0.81459 0.98247
1.67336 0.01163 1.65931 1.69161
1.41707 0.01512 1.39507 1.43986
0.59814 0.07197 0.47574 0.66830
2.19276 0.01596 2.17277 2.21245
1.28816 0.01000 1.27782 1.30034
0.50191 0.00770 0.48691 0.50705
0.19663 0.21005 -0.01543 0.48639
1.88303 0.06766 1.79746 1.99649
