# avg	std	min	max
0.28826 0.00000 0.28826 0.28826
0.09260 0.00000 0.09260 0.09260
0.08783 0.00107 0.08673 0.08966
-0.00037 0.00059 -0.00126 0.00044
0.13461 0.00102 0.13358 0.13615
-0.09446 0.04452 -0.18166 -0.06063
-0.37263 0.01056 -0.37860 -0.35154
-0.56638 0.00527 -0.56990 -0.55595
-0.51923 0.00102 -0.51982 -0.51719
0.13372 0.00034 0.13328 0.13414
0.04477 0.00206 0.04252 0.04781
0.19054 0.00004 0.19050 0.19059
-0.33062 0.01073 -0.35173 -0.32164
0.19279 0.00305 0.19053 0.19831
-0.25573 0.02520 -0.28482 -0.20988
0.08462 0.00238 0.08249 0.08921
-0.53655 0.00470 -0.54210 -0.52854
-0.43054 0.05918 -0.50252 -0.32614
-0.36282 0.07869 -0.44698 -0.22784
0.10432 0.00779 0.09477 0.11193
