# avg	std	min	max
2.87332 0.05950 2.77020 2.93974
2.08868 0.04756 1.99528 2.12082
1.33558 0.04898 1.23793 1.36623
-0.00734 0.00815 -0.02256 0.00000
0.95789 0.05132 0.85716 0.99864
0.17950 0.03529 0.13073 0.23179
2.31844 0.80290 0.84501 3.16073
4.15700 0.51850 3.68820 4.85780
3.51438 0.12083 3.42898 3.75442
2.70191 0.03003 2.67610 2.76082
2.41733 0.05494 2.33864 2.47893
1.81129 0.06805 1.70758 1.87105
3.01410 1.05649 1.73175 4.37241
2.54478 0.01219 2.52574 2.55680
2.41230 0.04236 2.32898 2.44177
3.29179 0.06705 3.16588 3.35423
2.85322 0.02826 2.82486 2.89803
1.47744 0.05207 1.40419 1.54005
1.50935 0.22240 1.22558 1.85320
4.30455 1.81653 2.81314 7.27400
