# avg	std	min	max
1.94377 0.04298 1.86006 1.97889
1.75937 0.01121 1.74532 1.77027
1.61107 0.00607 1.60496 1.62169
-0.08366 0.00000 -0.08366 -0.08366
0.80284 0.04595 0.73045 0.85299
0.32201 0.01971 0.30728 0.35999
0.80165 0.29752 0.44152 1.21429
0.36755 0.08789 0.25024 0.48612
1.92911 0.00448 1.92027 1.93242
1.87400 0.01232 1.85986 1.89141
1.87178 0.00857 1.86249 1.88512
1.39117 0.01095 1.38024 1.41067
1.09814 0.38703 0.64354 1.57649
1.89244 0.01459 1.87121 1.90971
1.37557 0.04282 1.32312 1.42494
2.12722 0.01795 2.10728 2.15718
1.75678 0.02420 1.72492 1.79260
1.19019 0.02748 1.16516 1.24078
0.87091 0.07665 0.78952 1.00351
1.40831 0.04922 1.34702 1.46512
