# avg	std	min	max
1.89129 0.06160 1.82871 2.00251
0.62012 0.24430 0.28174 0.95775
1.83626 0.03622 1.79462 1.90221
-0.04246 0.03973 -0.11335 -0.00193
1.90138 0.03346 1.85306 1.95370
-0.38446 0.09057 -0.47195 -0.22275
-0.57448 0.01780 -0.60033 -0.55232
0.54630 0.01935 0.52148 0.57666
6.81260 0.20212 6.54166 7.07819
0.43526 0.41336 -0.28272 0.76651
1.38352 0.04953 1.30582 1.44620
1.51734 0.08571 1.39506 1.61447
-0.06322 0.03839 -0.13969 -0.03866
0.28083 0.08970 0.19425 0.39302
1.14328 0.12916 0.94796 1.31148
0.91410 0.48357 -0.04995 1.19960
0.48387 0.30658 -0.00006 0.85002
2.37509 0.05878 2.30479 2.44996
3.24892 0.05833 3.18737 3.33812
0.75303 0.01310 0.72927 0.76527
