# avg	std	min	max
-0.15405 0.00467 -0.16046 -0.14876
0.03109 0.00336 0.02787 0.03722
0.25181 0.01321 0.23497 0.27009
-0.01455 0.01503 -0.03303 0.00608
0.45051 0.01141 0.43466 0.46442
0.01059 0.01369 -0.00752 0.02678
-0.51087 0.01396 -0.52955 -0.48800
-0.15895 0.02407 -0.19102 -0.13032
0.37745 0.17786 0.16207 0.64048
-0.00637 0.00794 -0.01783 0.00611
0.33525 0.00480 0.33019 0.34153
0.11105 0.00432 0.10630 0.11622
-0.51942 0.00299 -0.52405 -0.51483
-0.31642 0.03275 -0.36051 -0.25965
-0.76768 0.01417 -0.78879 -0.75246
0.20394 0.00780 0.19197 0.21645
0.22335 0.01431 0.20825 0.24906
-0.36473 0.10786 -0.56547 -0.28233
-0.17042 0.07600 -0.24675 -0.02935
-0.37006 0.04645 -0.43425 -0.29132
