# avg	std	min	max
3.87971 0.04673 3.82841 3.95205
1.69438 0.17658 1.44082 1.95184
1.65199 0.20835 1.28626 1.88664
-0.01310 0.00940 -0.03049 -0.00367
2.74698 0.39117 1.96683 2.96411
1.23014 0.03596 1.19682 1.29914
5.18785 0.21061 4.97981 5.55135
11.76206 3.58188 8.10594 17.47010
2.29085 0.26582 1.90882 2.65930
2.26119 0.19067 1.95014 2.47587
2.04090 0.13121 1.84996 2.24201
3.28246 0.00336 3.27730 3.28724
8.82110 1.39292 7.59563 11.40380
1.50269 0.38076 0.91815 1.93593
2.86995 0.11613 2.71008 3.00586
3.22284 0.09661 3.07266 3.31983
3.02807 0.23032 2.74721 3.44667
3.45271 0.23110 3.03998 3.75653
5.34344 0.32739 4.96659 5.89346
3.13435 1.29769 1.66715 5.48305
