# avg	std	min	max
0.54241 0.00024 0.54220 0.54287
0.80037 0.00378 0.79418 0.80424
2.11730 0.18387 1.75810 2.23859
0.00005 0.00025 -0.00041 0.00032
0.58715 0.08581 0.46643 0.67965
0.71878 0.01674 0.70175 0.74465
0.89273 0.06126 0.84643 1.00965
0.83829 0.25514 0.45766 1.06846
2.27712 0.20341 2.13917 2.67140
0.43396 0.00831 0.42006 0.44534
2.03938 0.15603 1.88092 2.26893
0.14855 0.00827 0.13789 0.15674
1.29662 0.33221 0.99634 1.71273
0.20233 0.04555 0.15871 0.28346
0.47944 0.11700 0.24579 0.55047
0.07433 0.28358 -0.19077 0.47600
0.55357 0.00810 0.54900 0.56974
0.11396 0.01429 0.09244 0.13134
0.18421 0.23782 -0.07810 0.58485
0.54607 0.12301 0.30887 0.66835
