# avg	std	min	max
1.66466 0.21536 1.40647 2.05602
1.22226 0.13652 1.03020 1.37756
0.71062 0.00783 0.70347 0.72344
-0.04818 0.02024 -0.07876 -0.03197
0.62170 0.02090 0.59246 0.64667
0.37239 0.04456 0.31442 0.41739
0.47260 0.04016 0.40877 0.51858
0.81739 0.22870 0.50948 1.05386
4.92842 0.28799 4.56908 5.28936
0.82657 0.36428 0.41129 1.27829
1.01546 0.22322 0.61242 1.21410
1.16142 0.01544 1.13541 1.18006
0.63447 0.02909 0.58601 0.67457
1.18010 0.22367 0.75214 1.33236
1.00944 0.47677 0.08750 1.38831
0.69059 0.24700 0.47418 1.02478
0.57960 0.14772 0.33314 0.79375
0.67852 0.05838 0.57414 0.74538
1.46581 0.07812 1.32877 1.53413
1.31669 0.31953 0.67789 1.48800
