# avg	std	min	max
0.08870 0.06052 0.00916 0.16149
-0.00669 0.03392 -0.03676 0.03830
0.43902 0.02009 0.41796 0.46447
-0.00746 0.02223 -0.04324 0.02672
0.17526 0.05129 0.09564 0.24900
-0.09783 0.04413 -0.17358 -0.04427
-0.10915 0.04689 -0.15504 -0.03025
-0.49953 0.01526 -0.51497 -0.47181
-1.42770 0.06419 -1.53336 -1.34134
0.38710 0.02684 0.34676 0.43129
0.19794 0.05794 0.12873 0.30470
0.06167 0.05220 -0.00631 0.14210
-0.06212 0.06055 -0.16040 0.02383
0.28246 0.05215 0.19039 0.35118
-0.20968 0.05800 -0.26561 -0.09951
-0.18152 0.27935 -0.73214 0.01744
-1.40348 0.06862 -1.51923 -1.32554
0.29306 0.05701 0.19439 0.34321
0.50117 0.14170 0.28297 0.63223
0.12447 0.13404 -0.00017 0.28768
