# avg	std	min	max
1.36892 0.03213 1.34195 1.42491
0.98241 0.01920 0.95815 1.01565
0.76387 0.02176 0.72324 0.78214
0.00001 0.00513 -0.00810 0.00814
0.30330 0.04258 0.24985 0.36383
-0.07112 0.02877 -0.12539 -0.04554
-0.03860 0.11481 -0.15256 0.17868
0.05382 0.05081 -0.01862 0.12458
1.30364 0.01284 1.28021 1.31695
1.10175 0.06135 1.01719 1.16976
1.16636 0.03893 1.10554 1.22245
0.98198 0.11614 0.90302 1.21322
0.14433 0.15258 -0.04050 0.30889
0.53485 0.26427 0.31204 0.86660
0.57859 0.16978 0.40255 0.79591
0.61414 0.04353 0.53293 0.66014
0.25035 0.01888 0.21785 0.27470
0.19571 0.06528 0.11251 0.30583
0.77971 0.10557 0.62482 0.91832
0.55774 0.00948 0.54939 0.57501
