# avg	std	min	max
2.09200 0.05462 2.01378 2.14678
1.81901 0.05238 1.74267 1.89363
1.99784 0.05400 1.96060 2.10365
-0.00724 0.01343 -0.03409 -0.00015
0.75159 0.04685 0.72138 0.84278
-0.82837 0.04727 -0.86834 -0.73683
0.65127 0.11977 0.56060 0.88317
4.20652 0.24199 3.72473 4.35745
4.39130 0.05283 4.29330 4.44819
1.18660 0.04661 1.12611 1.25619
1.46246 0.05480 1.40612 1.53305
1.45743 0.04889 1.40691 1.54148
3.77986 0.18927 3.63066 4.14648
1.15142 0.01552 1.13505 1.17817
1.27328 0.00585 1.26777 1.28086
2.10774 0.01581 2.08814 2.13357
1.52589 0.05570 1.47269 1.62645
1.67510 0.06501 1.57646 1.74591
2.29939 0.20940 1.93375 2.52558
1.23271 0.23377 1.01581 1.68312
