# avg	std	min	max
1.62351 0.00993 1.60609 1.63094
0.90060 0.08065 0.76320 0.97947
0.57826 0.01776 0.56915 0.61377
-0.03992 0.00000 -0.03992 -0.03992
0.34633 0.06176 0.28629 0.42128
0.01173 0.07462 -0.07974 0.12045
0.06892 0.00820 0.06424 0.08522
0.19441 0.14252 0.05905 0.44004
2.48439 0.00326 2.47957 2.48806
0.31480 0.02575 0.26330 0.32788
0.49330 0.10739 0.40603 0.65031
0.35788 0.00817 0.34767 0.36472
0.20703 0.02205 0.18704 0.24743
-0.16085 0.01870 -0.18443 -0.13497
0.37884 0.00952 0.36538 0.38976
1.08222 0.13987 0.89018 1.27568
0.64244 0.00188 0.63871 0.64359
-0.19916 0.02835 -0.24149 -0.15746
0.02490 0.03358 -0.01063 0.06760
0.37552 0.27135 -0.09092 0.58463
