# avg	std	min	max
2.36459 0.00752 2.35035 2.37282
1.75795 0.00921 1.74618 1.76931
0.93338 0.05122 0.86082 0.98560
-0.00571 0.00894 -0.01372 0.01104
0.44205 0.07490 0.37707 0.56133
-0.15936 0.02893 -0.21171 -0.13655
1.02308 0.01315 1.00695 1.04544
2.24610 0.08951 2.10607 2.34162
0.35543 0.00428 0.34902 0.36155
2.53324 0.01049 2.51460 2.54459
1.73497 0.04299 1.67988 1.78671
1.64635 0.03413 1.59585 1.69597
1.25947 0.02096 1.23881 1.29877
2.59745 0.00678 2.58765 2.60513
2.27304 0.02394 2.23699 2.30474
3.05923 0.00601 3.05127 3.06874
2.56367 0.01500 2.53384 2.57338
1.78473 0.04124 1.73924 1.85385
2.37925 0.05747 2.30707 2.44846
2.01062 0.00555 2.00576 2.02088
