# avg	std	min	max
2.65511 0.00595 2.64514 2.66249
1.66784 0.00624 1.66159 1.67782
2.39387 0.40253 2.17638 3.19862
-0.00722 0.01072 -0.01629 0.00598
1.07259 0.00755 1.06235 1.08383
-0.12278 0.26531 -0.40649 0.38161
0.92148 0.02862 0.86811 0.95092
1.10511 0.02905 1.07826 1.16133
5.43139 0.44728 5.00115 6.25207
1.73613 0.00423 1.73090 1.74126
3.23811 0.00574 3.23315 3.24667
2.12110 0.02043 2.10127 2.15989
1.17230 0.03620 1.10335 1.20400
2.40657 0.00365 2.40211 2.41177
1.38458 0.04288 1.30114 1.42172
3.42187 0.02116 3.39418 3.44898
2.44170 0.01404 2.42309 2.45776
0.05100 0.10494 -0.05168 0.24294
0.75637 0.30365 0.28342 1.08723
1.93977 0.00219 1.93647 1.94287
