# avg	std	min	max
1.66489 0.06444 1.57183 1.72301
1.77319 0.05577 1.66377 1.81100
0.90593 0.00654 0.89287 0.90976
-0.01153 0.00000 -0.01153 -0.01153
0.63849 0.00049 0.63785 0.63924
0.42876 0.04339 0.36647 0.48933
0.35035 0.23135 0.15157 0.77752
0.41597 0.05820 0.35226 0.52393
6.26600 0.08918 6.08781 6.31343
0.46967 0.58983 -0.69435 0.85640
0.49956 0.01764 0.46675 0.51926
2.85261 0.00658 2.84830 2.86558
0.99494 0.10668 0.82515 1.13254
0.48992 0.00280 0.48684 0.49516
0.89341 0.00901 0.87580 0.90133
1.64800 0.20141 1.25281 1.77316
1.35914 0.01696 1.34409 1.38059
0.67803 0.05431 0.61125 0.72876
0.33398 0.12350 0.13565 0.44186
1.49623 0.04439 1.41561 1.53893
