# avg	std	min	max
0.81553 0.03052 0.77008 0.86614
0.03516 0.03203 -0.01634 0.08253
1.54337 0.02853 1.49567 1.57157
-0.01256 0.01203 -0.02983 0.00655
1.30894 0.04398 1.22281 1.33981
0.05337 0.02378 0.01851 0.08658
-0.05013 0.07166 -0.18375 0.01997
1.20025 0.08339 1.03603 1.26209
7.93646 0.29125 7.47796 8.26769
0.28024 0.01811 0.24628 0.29679
0.76505 0.01861 0.73438 0.78897
0.39600 0.06355 0.33796 0.51075
0.40811 0.03212 0.34520 0.43057
0.76550 0.05452 0.67896 0.83761
0.53092 0.17844 0.23012 0.67635
2.08527 0.03559 2.03822 2.14586
1.09379 0.04369 1.04507 1.16477
0.12119 0.02306 0.07865 0.14302
0.20305 0.02904 0.16641 0.24631
0.15576 0.06937 0.06079 0.27240
