# avg	std	min	max
1.37892 0.01582 1.35580 1.39704
0.71832 0.00647 0.71004 0.72789
1.01711 0.00292 1.01435 1.02210
-0.00095 0.00189 -0.00473 0.00000
0.67343 0.01368 0.64998 0.68842
-0.04729 0.07199 -0.12676 0.05710
0.54972 0.01058 0.53732 0.56442
-0.77168 0.05709 -0.84934 -0.70073
0.47278 0.02262 0.44175 0.50835
1.26503 0.02898 1.23137 1.30968
1.13936 0.03283 1.11261 1.20291
1.33723 0.01399 1.31738 1.35336
0.51131 0.12797 0.27992 0.61152
1.20813 0.02850 1.17416 1.24767
0.56087 0.01144 0.54772 0.57563
0.85255 0.02473 0.82099 0.89354
0.30303 0.02373 0.27329 0.33404
0.61718 0.03182 0.56210 0.64730
0.70915 0.00946 0.69769 0.72447
1.56133 0.03944 1.48505 1.59194
