# avg	std	min	max
2.75608 0.03244 2.70704 2.79791
1.94320 0.07413 1.79854 2.00908
1.25870 0.00930 1.24795 1.27608
-0.00654 0.01079 -0.02292 0.00529
0.51498 0.03154 0.47410 0.57008
-0.07413 0.10226 -0.27808 -0.01150
0.88911 0.42063 0.49304 1.58277
5.77387 2.70652 1.46410 9.27321
4.52927 0.04731 4.43813 4.56830
2.19606 0.01771 2.16377 2.21348
1.41337 0.15122 1.12610 1.54809
2.07078 0.03319 2.02760 2.12452
7.86117 1.34382 5.28760 8.81080
2.04295 0.20196 1.86039 2.42596
1.27896 0.05332 1.20232 1.36182
2.32114 0.14134 2.15318 2.57665
2.00868 0.06188 1.89092 2.07394
2.51095 0.36326 1.92634 2.85956
3.94347 0.11265 3.82851 4.15811
3.50079 0.08472 3.39231 3.62656
