# avg	std	min	max
3.23765 0.03477 3.17697 3.28482
1.93880 0.03286 1.91187 2.00135
2.80677 0.17419 2.46012 2.91521
-0.02317 0.03793 -0.07121 0.02985
1.79924 0.16391 1.69446 2.12197
-0.02283 0.01426 -0.04170 -0.00305
-0.24330 0.20946 -0.39728 0.16923
1.59160 0.56280 0.86547 2.09854
6.52072 0.38117 5.77032 6.80054
2.43740 0.02061 2.41776 2.47690
2.72975 0.02290 2.70615 2.76957
2.31278 0.02670 2.26228 2.34148
-0.27131 0.23516 -0.58934 0.11233
2.02712 0.03105 1.98926 2.06570
2.31180 0.02915 2.26432 2.35236
3.04030 0.25879 2.73421 3.35376
2.18769 0.03441 2.13260 2.22677
2.48099 0.07402 2.36986 2.58055
2.93666 0.16773 2.76809 3.15374
2.05855 0.04289 1.99073 2.12457
