# avg	std	min	max
0.52267 0.11152 0.31329 0.62583
0.07928 0.10693 -0.05008 0.22143
0.49081 0.07936 0.34884 0.57747
-0.11149 0.04522 -0.14756 -0.03704
0.22804 0.12761 0.07536 0.40516
0.01903 0.10412 -0.10628 0.21103
0.11748 0.12781 -0.04100 0.27755
-0.00328 0.07972 -0.14572 0.08452
-0.35536 0.31180 -0.97822 -0.17445
0.63802 0.14051 0.42744 0.84884
0.21507 0.12688 0.09398 0.44725
0.58309 0.04233 0.50059 0.62040
0.20724 0.11333 0.09357 0.39737
0.60698 0.08225 0.52663 0.75415
-0.31480 0.04391 -0.37203 -0.26587
0.37512 0.05244 0.30283 0.45465
0.02961 0.07875 -0.05415 0.15979
0.29633 0.08700 0.21083 0.42104
0.22033 0.11070 0.10297 0.39912
0.58732 0.09870 0.43432 0.71643
