# avg	std	min	max
3.45884 0.63343 2.82897 4.39045
2.51577 0.26941 2.04128 2.75340
1.60491 0.06011 1.52426 1.67305
0.87538 0.03149 0.83088 0.90802
1.27835 0.03940 1.23679 1.34393
-0.04148 0.03614 -0.09021 -0.00170
1.01404 0.63711 0.40889 2.11197
2.62049 1.46340 1.17652 5.33239
4.62555 0.68990 4.07409 5.95412
3.14049 0.37054 2.71950 3.60435
3.07376 0.25046 2.74856 3.36033
2.62288 0.02246 2.59467 2.65622
0.62101 0.93751 -0.80096 2.07269
2.98848 0.25630 2.78300 3.49145
2.57196 0.25676 2.21757 2.93402
4.20535 0.86233 3.14128 5.75908
3.02148 0.12910 2.79881 3.15381
2.14723 0.26751 1.82525 2.46284
1.58113 0.35225 1.25372 2.25217
3.51855 0.49809 2.90043 4.27397
