# avg	std	min	max
1.40543 0.05734 1.31399 1.48209
1.00720 0.08809 0.93734 1.17170
2.12217 0.08679 2.01659 2.23422
1.09460 0.00825 1.08310 1.10750
1.57438 0.07425 1.48536 1.70051
0.98377 0.00372 0.97837 0.99002
1.05284 0.37625 0.70597 1.77084
0.68835 0.23019 0.35075 0.99979
3.06189 0.05174 2.98172 3.13214
1.34614 0.15282 1.04049 1.42364
1.91516 0.00333 1.91107 1.92042
1.38871 0.14109 1.10699 1.47243
1.68462 0.31571 1.41639 2.29614
-0.00810 0.00685 -0.01475 0.00303
1.45908 0.01658 1.43624 1.47629
0.98928 0.01898 0.96049 1.00829
2.92756 0.01270 2.91302 2.95040
1.53489 0.02732 1.49968 1.56152
1.48072 0.05999 1.41670 1.59034
1.40715 0.10651 1.33351 1.61894
