# avg	std	min	max
-1.64993 0.10980 -1.79083 -1.52180
0.05122 0.11202 -0.04800 0.26720
1.07623 0.19109 0.80519 1.31062
-0.06865 0.35087 -0.69002 0.33012
1.09409 0.20413 0.84020 1.45328
-0.74410 0.15211 -0.95713 -0.49861
1.50459 0.84226 -0.16100 2.10662
1.30886 0.72749 0.18896 2.22576
1.77189 0.17857 1.49350 2.05506
-0.02541 0.37357 -0.51846 0.38542
1.48831 0.27818 1.14194 1.84587
-0.27406 0.14192 -0.50688 -0.15845
1.20112 0.74164 -0.18062 2.04735
-0.02915 0.05818 -0.14551 0.00002
-0.24590 0.04128 -0.30632 -0.18480
0.25412 0.00450 0.24899 0.26182
0.35088 0.10241 0.23850 0.47481
-0.01059 0.15939 -0.30113 0.14139
0.01476 0.26502 -0.25788 0.51918
1.93758 0.45684 1.29536 2.71802
