# avg	std	min	max
0.85495 0.03134 0.80948 0.90114
-0.27139 0.03353 -0.33183 -0.23580
0.70425 0.03661 0.63643 0.73314
-0.86049 0.01856 -0.88699 -0.82896
0.53667 0.02051 0.51287 0.56788
-1.22448 0.12723 -1.41401 -1.09261
-0.28187 0.02151 -0.31272 -0.26371
-0.57629 0.23195 -0.75286 -0.15008
5.23623 0.07363 5.17527 5.36595
0.06223 0.01979 0.02919 0.08858
0.77203 0.01165 0.76504 0.79524
0.04366 0.02129 0.01410 0.06403
-0.06854 0.00723 -0.08295 -0.06451
0.00000 0.00000 -0.00000 0.00000
-0.34973 0.06452 -0.43033 -0.24660
-0.03060 0.02284 -0.06843 -0.00309
-0.63305 0.09247 -0.73404 -0.47073
-0.31426 0.04749 -0.40776 -0.28492
-0.04847 0.09674 -0.18221 0.06241
0.28561 0.01252 0.27121 0.30131
