# avg	std	min	max
-0.22707 0.00061 -0.22737 -0.22585
-0.10079 0.00000 -0.10079 -0.10079
0.29086 0.01564 0.27751 0.31554
0.23065 0.01897 0.21040 0.26214
0.28907 0.00700 0.28332 0.30238
0.31857 0.03394 0.27549 0.35082
-0.09811 0.00385 -0.10202 -0.09172
0.03044 0.01215 0.01411 0.05001
2.09725 0.00679 2.08737 2.10646
-0.14050 0.00335 -0.14540 -0.13486
0.14530 0.00244 0.14226 0.14839
-0.02146 0.00316 -0.02400 -0.01660
-0.00449 0.00851 -0.02060 0.00333
-0.00981 0.00351 -0.01345 -0.00402
-0.24488 0.02218 -0.27885 -0.21124
-0.40478 0.00245 -0.40709 -0.40009
-0.47802 0.03854 -0.54368 -0.42583
0.12002 0.05925 0.05480 0.20420
-0.06337 0.00755 -0.07389 -0.05129
0.01973 0.01216 0.01032 0.04339
