# avg	std	min	max
-0.00153 0.01758 -0.03091 0.01878
0.44366 0.06435 0.32785 0.50970
1.06958 0.01150 1.04955 1.08430
-0.45100 0.33143 -1.10694 -0.19964
1.04872 0.05698 0.96485 1.12832
-0.06651 0.06230 -0.13350 0.04995
-0.93595 0.01952 -0.97012 -0.91199
-0.37864 0.12624 -0.55215 -0.18254
2.95056 0.42756 2.58460 3.78801
0.19687 0.04897 0.12213 0.26958
1.43851 0.12898 1.21544 1.59754
0.71293 0.02829 0.66327 0.74626
-1.70651 0.11680 -1.84758 -1.54417
-0.02096 0.02087 -0.05430 0.00325
-0.15028 0.30725 -0.44952 0.39691
2.75146 0.11143 2.54377 2.84869
2.96637 0.20340 2.71894 3.25429
-0.11991 0.57477 -1.12817 0.43613
-1.58672 0.98145 -2.73188 -0.02427
-1.33830 0.06287 -1.41321 -1.22813
