# avg	std	min	max
0.19195 0.00598 0.18720 0.20234
2.33033 0.00464 2.32723 2.33946
2.75062 0.00518 2.74756 2.76090
2.38290 0.02048 2.36155 2.42103
2.62032 0.03767 2.56861 2.65450
2.07075 0.07690 1.92789 2.16004
2.07755 0.01014 2.06723 2.09327
1.64233 0.00279 1.63957 1.64662
0.00005 0.00059 -0.00078 0.00098
0.48447 0.00401 0.47958 0.48940
2.36990 0.00890 2.35745 2.37905
2.27116 0.00034 2.27058 2.27159
2.15556 0.01521 2.13221 2.17262
0.19872 0.01419 0.18628 0.22453
2.10341 0.01376 2.08644 2.12366
-0.58029 0.04242 -0.63741 -0.54455
0.44866 0.02125 0.42529 0.48221
0.47037 0.01311 0.45293 0.48829
0.66460 0.14437 0.40140 0.84385
2.00799 0.00948 1.99417 2.02350
