# avg	std	min	max
1.32689 0.00136 1.32584 1.32948
1.88524 0.00292 1.87974 1.88788
2.62870 0.01750 2.61123 2.66144
1.16443 0.09552 1.10745 1.35502
2.61587 0.32473 2.20289 2.88844
1.12914 0.05698 1.06875 1.19939
1.07064 0.00445 1.06643 1.07924
1.42044 0.06634 1.32845 1.50024
-0.00544 0.00359 -0.00983 -0.00232
1.94847 0.00403 1.94461 1.95590
2.96428 0.01427 2.93605 2.97521
2.47928 0.03489 2.45606 2.54880
1.11633 0.00047 1.11577 1.11716
1.09807 0.05725 1.02704 1.17713
2.12070 0.12414 1.88199 2.20866
0.22780 0.06593 0.14688 0.32668
1.54592 0.00899 1.53462 1.56202
0.79245 0.05431 0.73767 0.88667
1.48499 0.05325 1.38653 1.53377
2.02250 0.02411 1.98481 2.06092
