# avg	std	min	max
2.82654 0.00142 2.82455 2.82876
1.70082 0.00108 1.69954 1.70247
2.24417 0.00372 2.24056 2.25079
0.71276 0.00162 0.71124 0.71546
1.61180 0.04100 1.57365 1.68953
0.90866 0.20372 0.66265 1.27743
0.73470 0.06927 0.64576 0.85864
1.50407 0.09691 1.33073 1.59015
-0.00337 0.00129 -0.00537 -0.00185
2.38905 0.00120 2.38785 2.39135
2.46393 0.00192 2.46214 2.46760
2.01394 0.01391 1.98633 2.02405
1.39664 0.17888 1.07694 1.56575
2.05425 0.00522 2.04699 2.05908
1.50473 0.01465 1.48567 1.52200
2.47475 0.00146 2.47265 2.47664
2.09640 0.14067 1.95993 2.34314
0.89000 0.07961 0.81572 1.03530
0.29925 0.11130 0.18754 0.49261
2.01259 0.01373 1.98557 2.02191
