# avg	std	min	max
-0.21201 0.00000 -0.21201 -0.21201
0.93114 0.00000 0.93114 0.93114
2.07080 0.00149 2.06841 2.07298
0.89110 0.14991 0.72095 1.11474
1.71813 0.00583 1.71018 1.72461
0.68308 0.01669 0.65271 0.70254
0.71215 0.00332 0.70720 0.71587
2.65797 0.05929 2.56857 2.75341
-0.07398 0.00000 -0.07398 -0.07398
0.61935 0.00110 0.61795 0.62066
1.82921 0.00053 1.82825 1.82968
1.53806 0.00009 1.53794 1.53821
0.86864 0.07635 0.72141 0.94442
0.17295 0.17625 -0.09039 0.32122
1.38715 0.01484 1.37115 1.41272
-0.50158 0.14258 -0.59348 -0.21750
-0.16650 0.30252 -0.32277 0.43838
1.31142 0.02510 1.27398 1.34902
0.05195 0.20006 -0.17332 0.39228
1.40737 0.00381 1.40147 1.41105
