# avg	std	min	max
1.92809 0.03382 1.86082 1.94988
1.58410 0.01121 1.56951 1.59730
2.44073 0.04890 2.37390 2.48713
1.54497 0.14519 1.34905 1.71812
2.54390 0.13152 2.29038 2.64407
1.02038 0.10507 0.89097 1.16996
1.35272 0.09923 1.23142 1.44678
0.62482 0.11428 0.45819 0.80042
-0.00075 0.00113 -0.00280 0.00042
1.70913 0.04533 1.66505 1.77831
2.61343 0.02818 2.56420 2.65039
1.58804 0.13267 1.47037 1.82613
1.42234 0.06493 1.33605 1.50453
2.24491 0.01960 2.22187 2.26955
1.66128 0.05447 1.58932 1.74947
1.58103 0.07783 1.51777 1.73174
1.45785 0.07593 1.37712 1.57961
1.80149 0.07572 1.68082 1.89880
1.71546 0.02497 1.68901 1.75387
2.10483 0.09219 1.99606 2.23095
