# avg	std	min	max
1.92997 0.08411 1.85123 2.05708
1.47261 0.05194 1.40500 1.52626
1.65359 0.07082 1.54899 1.73651
1.28983 0.07253 1.17974 1.38627
1.20982 0.03090 1.17493 1.24993
0.57496 0.19491 0.20420 0.74965
1.24512 0.03380 1.19899 1.28054
0.29908 0.06037 0.19749 0.35235
-0.00390 0.00770 -0.01930 -0.00000
1.78918 0.05873 1.67269 1.82956
2.07486 0.33548 1.40770 2.27290
1.28524 0.07415 1.15406 1.34337
1.28093 0.06412 1.16381 1.33982
1.38338 0.04051 1.32779 1.43650
1.43993 0.04444 1.37522 1.48410
0.56110 0.06428 0.44493 0.63739
1.01217 0.03999 0.97807 1.06387
1.14423 0.06176 1.02505 1.19073
1.86369 0.04630 1.79410 1.91377
1.28169 0.23285 1.10634 1.73481
