# avg	std	min	max
1.03851 0.00884 1.03061 1.05531
0.81947 0.01393 0.80161 0.83957
1.03209 0.00009 1.03199 1.03226
0.62226 0.01643 0.60689 0.65106
0.84346 0.01772 0.81654 0.87088
0.82002 0.06331 0.72031 0.90494
0.39123 0.00892 0.37904 0.40650
0.45725 0.01812 0.44195 0.49282
0.00493 0.00406 -0.00031 0.00869
0.89977 0.00514 0.89701 0.91005
1.10234 0.01044 1.09201 1.12188
0.94139 0.00008 0.94126 0.94147
0.19824 0.02740 0.15876 0.23319
0.93433 0.01599 0.91020 0.95624
0.56737 0.00912 0.55465 0.58208
0.77901 0.00990 0.76033 0.78892
0.13191 0.02496 0.09662 0.16362
0.59434 0.01493 0.56872 0.61162
0.72661 0.02278 0.69544 0.75460
0.93078 0.01069 0.92113 0.95158
