# avg	std	min	max
1.84642 0.03266 1.78792 1.88071
1.40504 0.02178 1.36397 1.42019
1.57539 0.01037 1.56252 1.59018
1.04719 0.06547 0.97795 1.16579
0.98653 0.02147 0.96445 1.02573
0.58031 0.10237 0.44517 0.70665
0.69507 0.01047 0.68146 0.71232
0.19499 0.02076 0.15443 0.20828
-0.00100 0.00202 -0.00269 0.00282
1.68335 0.01771 1.64992 1.69905
1.55414 0.00771 1.54012 1.56189
1.44865 0.00115 1.44649 1.44991
0.70910 0.01620 0.68086 0.72893
1.38749 0.00562 1.37734 1.39461
1.24506 0.00787 1.23120 1.25295
1.36970 0.01635 1.34419 1.39242
1.04680 0.01729 1.02847 1.07859
1.06626 0.09557 0.90032 1.16190
1.02472 0.05443 0.95013 1.10224
1.50453 0.00644 1.49399 1.51386
