# avg	std	min	max
2.81869 0.01815 2.78426 2.83765
1.96722 0.02514 1.93942 2.00061
1.78743 0.20511 1.57664 2.09521
4.14850 2.25580 1.69482 7.68821
2.81782 0.67022 1.98207 3.87136
4.73663 1.21891 2.47286 5.71904
7.54804 7.27906 2.56994 21.89070
5.04050 1.18673 3.14644 6.74850
-0.00131 0.00066 -0.00164 0.00000
3.50866 0.05800 3.44391 3.60972
4.26539 1.09980 3.31615 6.32484
3.36775 0.98418 2.15436 4.59026
6.55570 4.39141 2.99117 14.83600
5.49530 1.28692 3.23204 7.07942
4.03417 1.06331 3.08386 5.47166
4.28763 0.46564 3.83124 4.95369
3.48197 0.86982 2.10986 4.54874
4.95301 2.60766 2.78086 10.00920
4.28690 1.42259 3.22980 7.07965
3.61528 0.45820 2.79229 4.04706
