# avg	std	min	max
3.02173 0.03796 2.94583 3.04256
2.16414 0.02654 2.11245 2.18292
2.56146 0.00358 2.55648 2.56716
3.91837 0.65155 2.74773 4.58240
3.36792 0.06666 3.25355 3.44537
2.76694 0.24924 2.36219 3.07392
2.23047 0.13440 1.99256 2.35340
3.14586 0.05580 3.08391 3.24071
-0.00154 0.00179 -0.00394 0.00107
3.60035 0.06469 3.50994 3.65403
3.80852 0.00040 3.80805 3.80907
2.44858 0.06822 2.33111 2.51618
2.67952 0.11600 2.59400 2.90910
3.23360 0.14671 3.02657 3.41922
3.74148 0.19530 3.57855 4.06258
4.20298 0.28138 3.80907 4.52878
3.76851 0.35695 3.17878 4.23656
3.13294 0.09000 3.01429 3.28020
3.49601 0.17544 3.32756 3.80674
4.13214 0.06342 4.01569 4.19660
