# avg	std	min	max
1.41303 0.00891 1.39687 1.42064
0.70214 0.00671 0.69712 0.71502
0.67721 0.02711 0.62931 0.70229
-0.05108 0.05184 -0.12429 0.00795
1.10828 0.11907 0.93086 1.24490
-0.22828 0.06472 -0.29772 -0.14607
2.04595 0.05611 1.94189 2.10552
2.61221 0.25723 2.30933 3.08208
6.64903 0.25287 6.30883 6.89576
0.76128 0.00214 0.75904 0.76426
1.47053 0.35663 1.22955 2.17964
0.28019 0.00333 0.27454 0.28368
1.55615 0.73737 0.47702 2.25310
0.89697 0.17173 0.55489 1.00480
-0.01656 0.00258 -0.01895 -0.01229
1.59129 0.25177 1.24702 1.89582
0.14586 0.00910 0.13603 0.16103
-0.02606 0.03148 -0.05501 0.01314
0.56757 0.01767 0.53413 0.58665
2.24821 0.20450 1.95404 2.44373
