# avg	std	min	max
2.94032 0.19396 2.74203 3.30756
1.67907 0.14017 1.56670 1.94869
2.16557 0.38568 1.88146 2.90390
-0.33653 0.22274 -0.53774 0.04544
1.53402 0.89863 -0.04533 2.35410
-0.30084 0.18240 -0.51844 0.03154
0.37067 0.30930 -0.17111 0.75874
0.54463 0.33969 0.11890 0.95155
10.18434 0.34182 9.52002 10.49460
2.17355 0.21630 1.98273 2.53156
2.67791 0.03577 2.63657 2.73904
2.24436 0.25083 2.04509 2.73870
1.82481 0.95460 0.93807 3.13578
0.93943 0.06853 0.81801 1.01517
0.01505 0.03010 0.00000 0.07526
0.81314 0.48537 0.22552 1.28982
-1.02062 0.15562 -1.19749 -0.80242
1.45596 0.40720 1.06586 2.12903
0.95180 0.20393 0.67933 1.29286
1.24738 0.20203 0.94965 1.56378
