# avg	std	min	max
0.73709 0.02453 0.68996 0.75962
0.18643 0.01906 0.16975 0.22233
1.52543 0.25989 1.00575 1.66068
-0.36794 0.13467 -0.57134 -0.16162
1.39930 0.32459 1.11352 1.80246
-0.11553 0.07063 -0.24690 -0.04670
-0.33219 0.47351 -1.21357 0.10124
-0.12753 0.27136 -0.33800 0.34994
2.54434 0.29076 2.24066 3.05551
-0.18226 0.03483 -0.23745 -0.13656
0.13184 0.97979 -0.41215 2.08772
0.08955 0.02079 0.04801 0.10162
-1.12867 0.23768 -1.33463 -0.66971
0.60786 0.12891 0.44678 0.76345
-0.00000 0.00000 -0.00000 -0.00000
1.80759 0.01728 1.78174 1.83615
1.44116 0.06571 1.34630 1.51260
0.12653 0.10116 -0.02839 0.27081
0.30819 0.37050 -0.30298 0.70207
0.82502 0.09016 0.74470 0.95352
