# avg	std	min	max
-0.03894 0.00117 -0.03957 -0.03661
-0.00218 0.00159 -0.00399 -0.00022
0.12905 0.00009 0.12895 0.12921
0.02109 0.00125 0.02028 0.02357
0.09108 0.00095 0.08981 0.09248
-0.03901 0.01018 -0.05246 -0.02493
-0.12232 0.00220 -0.12470 -0.11936
-0.06791 0.00520 -0.07367 -0.05988
-0.56870 0.00417 -0.57291 -0.56100
0.11144 0.00319 0.10579 0.11477
0.09985 0.01134 0.07720 0.10627
2.25374 0.00422 2.24561 2.25731
-0.08342 0.00491 -0.08790 -0.07385
0.00644 0.00116 0.00436 0.00739
-0.00055 0.00149 -0.00323 0.00136
-0.06562 0.00361 -0.06834 -0.05855
-0.09127 0.01848 -0.12559 -0.07471
0.02055 0.00319 0.01562 0.02411
0.06574 0.00113 0.06407 0.06719
-0.01329 0.00223 -0.01524 -0.00892
