# avg	std	min	max
-0.43145 0.09898 -0.54115 -0.28144
-0.70886 0.06108 -0.77401 -0.61984
-0.42779 0.06091 -0.53685 -0.35697
-0.75409 0.09022 -0.93193 -0.69018
-0.12372 0.04600 -0.18508 -0.04438
-0.80936 0.04011 -0.86462 -0.74005
-0.97018 0.22792 -1.21802 -0.68904
-0.36543 0.06285 -0.45832 -0.28647
-1.00986 0.05987 -1.09215 -0.92256
-0.83512 0.28418 -1.22806 -0.49010
0.38753 0.02810 0.36410 0.44122
-0.43851 0.21960 -0.71910 -0.11249
-0.93975 0.17283 -1.16998 -0.69907
0.17311 0.00928 0.15635 0.18194
0.00000 0.00000 0.00000 0.00000
0.35682 0.01630 0.32496 0.37009
-0.10170 0.04803 -0.17297 -0.06154
-0.43327 0.24549 -0.79658 -0.21921
-0.08356 0.02656 -0.10475 -0.03448
0.26216 0.00418 0.25835 0.26730
