# avg	std	min	max
0.61727 0.06034 0.53357 0.71950
-0.14693 0.09788 -0.31915 -0.01974
-0.49609 0.26199 -0.84219 -0.22941
-2.14482 0.03473 -2.19963 -2.10543
-1.01152 0.07121 -1.07697 -0.88851
-1.90989 0.09190 -2.04797 -1.78467
-2.74626 0.06191 -2.82199 -2.68719
-2.12572 0.06191 -2.18447 -2.04240
2.04442 0.16189 1.72477 2.15675
0.66992 0.07855 0.59891 0.82061
0.74834 0.31336 0.25750 1.07493
-0.48143 0.05056 -0.54583 -0.41963
-2.49210 0.06655 -2.61645 -2.43001
0.48535 0.05060 0.42286 0.54453
-0.11803 0.05787 -0.20822 -0.05811
1.05334 0.04614 0.97483 1.10810
0.96721 0.04872 0.91142 1.03280
-1.51355 0.24567 -1.84328 -1.29006
-1.75836 0.32654 -2.28626 -1.28417
-0.36553 0.06599 -0.41809 -0.23520
