# avg	std	min	max
0.82544 0.13925 0.54992 0.91794
0.13173 0.00833 0.11885 0.14244
0.54225 0.05343 0.45192 0.60169
0.03302 0.05505 -0.07211 0.07546
0.17510 0.03765 0.11532 0.22684
0.06124 0.02978 0.00843 0.08634
0.22990 0.22762 -0.08696 0.45032
0.79849 0.04519 0.75760 0.88086
3.30253 0.04958 3.21766 3.36567
1.17645 0.03872 1.10209 1.20765
0.27264 0.02774 0.24414 0.31198
0.96179 0.05896 0.90123 1.06603
0.29464 0.13694 0.13551 0.52371
0.78984 0.22909 0.36645 0.97554
-0.03527 0.01150 -0.04755 -0.01830
1.78930 0.09858 1.63418 1.94033
0.93695 0.04877 0.84117 0.97289
0.01522 0.02163 -0.01201 0.04127
-0.25583 0.19286 -0.47277 -0.00715
0.73353 0.03080 0.67729 0.76214
