# avg	std	min	max
0.65773 0.02349 0.61157 0.67529
0.58375 0.00728 0.57124 0.59163
0.49266 0.00696 0.48796 0.50647
0.46369 0.01445 0.43539 0.47456
0.40235 0.02326 0.35739 0.42051
0.51581 0.02409 0.48234 0.55767
0.42683 0.00969 0.41471 0.44033
0.13489 0.03486 0.06919 0.16831
0.54915 0.05161 0.44859 0.58621
0.61799 0.00420 0.61290 0.62299
0.39834 0.03711 0.32621 0.42701
0.49460 0.03002 0.43531 0.51772
0.43041 0.01353 0.41459 0.45491
0.44086 0.07856 0.28412 0.48953
-0.00000 0.00000 -0.00000 -0.00000
0.36346 0.02797 0.30854 0.38334
-0.10663 0.02922 -0.15863 -0.07091
0.47244 0.02360 0.43561 0.50142
0.57044 0.00489 0.56275 0.57719
0.63860 0.00081 0.63789 0.63979
