# avg	std	min	max
0.13653 0.05493 0.06497 0.21713
0.03048 0.07903 -0.07895 0.14858
0.75388 0.05317 0.69685 0.85130
-0.10657 0.05610 -0.18406 -0.02604
0.49959 0.03305 0.45412 0.55545
-0.46291 0.03146 -0.51051 -0.41780
-0.41313 0.00577 -0.41736 -0.40188
-0.27452 0.09217 -0.37880 -0.10301
-1.03585 0.16933 -1.17332 -0.72638
0.51400 0.06950 0.41878 0.60041
0.62194 0.03223 0.57499 0.66321
0.32174 0.05781 0.27436 0.43411
-0.20471 0.04708 -0.23592 -0.11132
0.45774 0.05313 0.38026 0.52042
-0.00398 0.00797 -0.01992 -0.00000
0.37477 0.05960 0.30233 0.46052
0.03898 0.04801 -0.03086 0.11897
-0.26780 0.03419 -0.31323 -0.22895
-0.38009 0.08099 -0.49334 -0.30968
0.54619 0.06956 0.45780 0.66281
