# avg	std	min	max
-0.04388 0.04223 -0.08671 0.03012
-0.42721 0.08341 -0.51516 -0.26801
0.49167 0.10652 0.38867 0.67966
-0.93025 0.24584 -1.08298 -0.44054
2.25823 0.31953 1.99997 2.87289
-1.34579 0.02757 -1.38508 -1.31486
-2.04335 0.01970 -2.06891 -2.01985
0.29621 0.02650 0.26331 0.34071
3.54058 0.11744 3.38885 3.66003
-0.59362 0.04308 -0.67754 -0.56333
-0.39246 0.10801 -0.49506 -0.20346
-1.29505 0.13641 -1.45917 -1.06711
-1.58059 0.03750 -1.62957 -1.51981
-0.37502 0.00842 -0.38306 -0.36470
-0.04101 0.01044 -0.05284 -0.02713
0.33217 0.05710 0.26215 0.43526
0.00385 0.03975 -0.06278 0.03768
-0.65213 0.07180 -0.72950 -0.52245
-0.01701 0.14486 -0.24391 0.10752
-0.23244 0.12764 -0.39303 -0.07873
