# avg	std	min	max
0.79092 0.01118 0.76857 0.79651
0.07559 0.00891 0.06228 0.08366
0.50909 0.02173 0.47767 0.53621
-0.13788 0.04328 -0.16342 -0.05218
-0.03952 0.06937 -0.12623 0.06149
-0.25026 0.05325 -0.33864 -0.18964
-0.02222 0.02155 -0.05185 0.01297
0.18534 0.01823 0.17024 0.21683
-0.36661 0.05552 -0.47710 -0.32966
0.08200 0.01055 0.07631 0.10306
-0.18589 0.01620 -0.20992 -0.16948
0.71721 0.00927 0.70648 0.73118
0.10947 0.00714 0.09556 0.11546
0.74149 0.01240 0.73498 0.76629
0.00090 0.00179 -0.00000 0.00448
-0.12337 0.01380 -0.13190 -0.09584
-0.33250 0.04412 -0.37302 -0.26842
0.25974 0.05093 0.19337 0.31882
0.62163 0.01840 0.59955 0.65175
0.62084 0.04710 0.54158 0.68735
