# avg	std	min	max
1.69165 0.07213 1.59803 1.79677
0.89183 0.09430 0.76255 0.98950
0.68137 0.07870 0.60220 0.80870
0.45347 0.14304 0.24640 0.66187
1.18801 0.33911 0.57845 1.47965
0.55904 0.07155 0.49092 0.68707
0.49944 0.07275 0.37652 0.58110
0.41780 0.06211 0.33205 0.49328
-0.21561 0.11065 -0.39639 -0.11678
1.44675 0.07230 1.34906 1.57090
1.01553 0.52179 0.67216 2.05552
1.24871 0.05920 1.18603 1.34302
0.44255 0.18431 0.09175 0.62238
1.22862 0.08010 1.11563 1.33536
-0.10693 0.04894 -0.15096 -0.03935
1.31516 0.08296 1.22922 1.44379
0.03681 0.29275 -0.26703 0.50836
0.56446 0.09468 0.43585 0.72884
0.54360 0.09968 0.42880 0.72171
1.03693 0.05841 0.96615 1.13815
