# avg	std	min	max
0.74920 0.01117 0.73444 0.76307
0.48368 0.01770 0.45815 0.51264
1.84704 0.01616 1.82970 1.87150
0.28949 0.35439 -0.17499 0.68354
0.66551 0.22487 0.52700 1.11309
0.09972 0.32598 -0.34028 0.46674
5.63821 0.40807 4.95379 6.21317
14.88918 0.76514 13.78290 15.93230
3.32207 0.32940 2.96855 3.81233
0.72548 0.01692 0.70354 0.75135
2.18437 0.02952 2.15397 2.23781
-0.16825 0.01973 -0.19423 -0.13551
6.48099 0.17498 6.35219 6.82195
0.42596 0.39792 0.06694 0.92226
-0.04836 0.02432 -0.07309 -0.01786
5.25264 0.02726 5.21122 5.28752
5.73789 0.16702 5.45534 5.97716
0.52196 0.36323 0.19364 1.13486
3.95892 0.81538 2.61620 4.88676
3.35493 0.06355 3.29241 3.47525
