# avg	std	min	max
-0.81603 0.01823 -0.83993 -0.79935
-0.62473 0.01663 -0.64789 -0.60611
-0.07649 0.00834 -0.08066 -0.05982
-0.08775 0.12877 -0.17140 0.16737
0.04454 0.03142 0.00541 0.08279
0.09721 0.13205 -0.07059 0.25220
-0.24265 0.01871 -0.27184 -0.21490
0.10580 0.04043 0.02607 0.13551
-1.45957 0.09257 -1.64215 -1.39610
-0.44114 0.01000 -0.46105 -0.43481
-0.48479 0.00598 -0.49495 -0.47990
0.70535 0.00432 0.69816 0.70918
-0.07881 0.09704 -0.24975 0.03966
-0.51236 0.12606 -0.64153 -0.27419
-0.00013 0.00000 -0.00013 -0.00013
-1.19132 0.22010 -1.43662 -0.86603
-0.56239 0.04861 -0.62571 -0.48319
-0.03398 0.04113 -0.06675 0.04541
-0.02096 0.02977 -0.04673 0.03561
0.37228 0.12127 0.25442 0.59969
