# avg	std	min	max
0.69198 0.02475 0.65960 0.73170
-0.05082 0.05573 -0.14180 0.00025
0.40341 0.02507 0.37226 0.43137
-0.22991 0.01595 -0.25585 -0.20603
-0.00152 0.01389 -0.02672 0.01137
-0.51093 0.03331 -0.55982 -0.45549
0.39360 0.10496 0.23836 0.52836
-0.00979 0.00850 -0.01956 0.00167
-1.56100 0.04953 -1.62696 -1.51199
0.00144 0.04133 -0.08094 0.02773
-0.11554 0.05564 -0.20172 -0.06711
0.68307 0.03456 0.61681 0.71533
0.38429 0.21395 0.06788 0.61479
0.65146 0.01054 0.63474 0.66096
-0.00304 0.00708 -0.01136 0.00997
0.14267 0.00772 0.13414 0.15441
-0.05839 0.01714 -0.08006 -0.03153
-0.21617 0.02091 -0.23781 -0.18752
0.13577 0.02052 0.09796 0.15550
0.73002 0.07226 0.64477 0.83807
