# avg	std	min	max
1.33414 0.33105 0.71825 1.64135
0.53441 0.18884 0.31812 0.77625
-0.73960 0.21759 -0.91891 -0.38208
-2.50214 0.11849 -2.68437 -2.37244
-1.82590 0.20139 -2.05523 -1.51329
-2.59860 0.05437 -2.66348 -2.50052
1.11103 0.28138 0.77239 1.60646
4.73134 0.65776 3.98382 5.92568
3.95590 1.24295 2.88779 6.32354
1.45478 0.16733 1.19590 1.64545
-0.36730 0.12634 -0.49427 -0.21285
0.54396 0.17524 0.37430 0.84232
2.59034 0.20922 2.27215 2.92780
0.52148 0.13913 0.29066 0.68688
0.13355 0.24529 -0.12504 0.49466
2.55504 0.14207 2.38540 2.75969
2.18404 0.24249 1.88452 2.61786
-0.56566 0.36076 -0.96170 -0.09965
2.47148 1.12879 0.34275 3.57102
0.52273 0.26921 0.28648 1.04143
