# avg	std	min	max
0.73036 0.11123 0.52545 0.84400
0.16728 0.13397 0.05010 0.42022
0.62021 0.55943 0.15695 1.66706
-2.03962 0.08964 -2.15341 -1.92195
0.47673 0.69077 -0.40224 1.21345
-2.09650 0.07996 -2.20374 -2.00464
0.88420 0.09996 0.76315 0.99189
-0.71136 0.53439 -1.31478 0.14006
8.67094 0.10030 8.51979 8.78165
-0.19191 0.09744 -0.30723 -0.03800
2.30710 0.53647 1.52049 2.84963
0.09179 0.06514 0.00923 0.17660
2.12889 0.18735 1.83539 2.33496
-0.37369 0.09129 -0.47075 -0.24386
-0.01984 0.10102 -0.16779 0.11268
1.98928 0.14997 1.81731 2.24877
1.15239 0.08041 1.00528 1.23747
0.39336 0.16281 0.06943 0.49352
-0.10725 0.12675 -0.32902 -0.01218
2.85184 1.03205 1.58314 4.16681
