# avg	std	min	max
-1.17785 0.04921 -1.21494 -1.08211
0.09316 0.21966 -0.10424 0.51196
0.45278 0.08095 0.30980 0.55910
0.02667 0.07886 -0.08196 0.14325
0.76489 0.11329 0.66038 0.90462
-0.22204 0.10432 -0.39511 -0.08686
0.03447 0.16834 -0.21909 0.30427
1.37536 0.19704 1.15576 1.61517
2.17081 0.08770 2.05758 2.28688
-0.13633 0.26543 -0.62309 0.09296
0.40734 0.21612 0.13548 0.65350
0.09404 0.15823 -0.10605 0.29864
-0.03142 0.13660 -0.15586 0.20943
0.22949 0.18244 0.05078 0.51949
-0.00887 0.09907 -0.19290 0.09163
1.11516 0.17916 0.92365 1.44529
0.71597 0.06583 0.59814 0.77691
0.10824 0.08384 -0.03929 0.20731
0.03189 0.06711 -0.00166 0.16610
0.18549 0.06685 0.08289 0.26092
