# avg	std	min	max
0.66618 0.09481 0.57461 0.82633
0.56372 0.09666 0.47500 0.74226
0.85509 0.10214 0.70432 0.97775
-0.32100 0.16968 -0.47959 0.00361
0.29283 0.09034 0.15931 0.37062
-0.28263 0.29332 -0.85784 -0.05248
0.42607 0.69070 -0.43849 1.68133
0.61881 0.41870 0.14725 1.31387
0.46607 0.12249 0.31761 0.68887
0.70179 0.11568 0.58034 0.88671
0.86134 0.11719 0.72692 1.06998
0.34764 0.07758 0.20273 0.41102
2.06496 0.45181 1.50275 2.84595
0.53395 0.17752 0.34417 0.84744
0.85770 0.26465 0.62495 1.36287
1.21737 0.08757 1.09383 1.33888
1.19751 0.10914 0.99403 1.31610
0.01578 0.22083 -0.28119 0.34084
-0.00250 0.00000 -0.00250 -0.00250
1.14405 0.16071 0.86025 1.27658
