# avg	std	min	max
0.95288 0.21306 0.81895 1.37767
0.12042 0.06913 -0.01646 0.16758
1.18610 0.42224 0.96040 2.03033
-0.19663 0.12806 -0.45252 -0.12202
0.60530 0.14074 0.51387 0.88472
-0.23694 0.00851 -0.25053 -0.22774
0.05017 0.01678 0.03393 0.07974
0.77636 1.66857 -0.41337 3.93377
0.25055 0.41278 -0.17198 0.96848
1.10489 0.27923 0.95834 1.66319
1.27443 0.04029 1.23633 1.32465
0.55431 0.38808 0.22415 1.21901
1.31391 0.22694 0.86552 1.48963
0.56084 0.44234 0.10002 1.16719
0.51667 0.14461 0.41511 0.80085
-0.02963 0.20777 -0.25400 0.35844
0.26906 0.27971 -0.02662 0.65899
-0.51769 0.41925 -1.25085 -0.14874
-0.00280 0.00000 -0.00280 -0.00280
1.20870 0.15803 1.03129 1.42934
