# avg	std	min	max
0.77893 0.11617 0.62993 0.88502
-0.02226 0.05473 -0.09999 0.06493
0.17327 0.06207 0.13375 0.29616
-0.22027 0.08050 -0.34042 -0.13537
0.02839 0.09890 -0.09345 0.20946
-0.25511 0.05279 -0.31114 -0.18353
-0.01412 0.01555 -0.03286 0.00781
-0.02116 0.05518 -0.07695 0.08203
-1.23911 0.03516 -1.29689 -1.19312
0.58437 0.09895 0.49772 0.71606
0.94755 0.05256 0.89234 1.03164
0.74441 0.06981 0.66492 0.83491
0.03636 0.02513 0.00972 0.07719
0.19433 0.01388 0.17291 0.21088
-0.01992 0.03591 -0.07034 0.02463
0.40274 0.03772 0.37577 0.47679
0.22463 0.21323 0.07871 0.64468
-0.07057 0.03017 -0.12575 -0.03882
0.00835 0.01801 -0.01225 0.03982
0.65680 0.04569 0.61494 0.74571
