# avg	std	min	max
1.18561 0.01720 1.16442 1.21282
0.53382 0.02326 0.49757 0.56852
0.74465 0.00730 0.73277 0.75328
0.32221 0.01383 0.30816 0.34835
0.24912 0.03454 0.19533 0.29304
0.40664 0.05881 0.29949 0.46543
0.26238 0.10497 0.14301 0.42780
0.40512 0.01422 0.39200 0.43273
3.75691 0.02145 3.72520 3.78188
0.94457 0.01255 0.93002 0.96090
0.53216 0.02113 0.49139 0.55183
1.29258 0.01580 1.27537 1.32118
0.34131 0.05275 0.27853 0.41481
0.67410 0.02472 0.63073 0.70663
0.34495 0.02854 0.31258 0.39162
1.07558 0.01831 1.05522 1.10016
0.58951 0.03968 0.54955 0.66496
0.42610 0.03758 0.37568 0.48788
-0.00000 0.00000 -0.00000 -0.00000
0.57504 0.01928 0.54013 0.59222
