# avg	std	min	max
1.36625 0.10929 1.31059 1.58482
0.48931 0.13851 0.32003 0.61859
0.44942 0.03667 0.37741 0.48089
-0.70952 0.03020 -0.74470 -0.66499
0.00540 0.03520 -0.01382 0.07567
-0.62763 0.12412 -0.81464 -0.46038
2.49045 0.10932 2.40603 2.68716
1.45839 0.13365 1.27434 1.64883
7.62248 0.10510 7.47476 7.76756
0.70962 0.11697 0.64152 0.94282
0.06911 0.01220 0.05672 0.08580
0.94883 0.11568 0.89061 1.18020
3.04327 0.12761 2.96110 3.29340
1.89676 0.13953 1.81348 2.17471
0.14224 0.12629 0.03681 0.38784
2.78605 0.10452 2.70955 2.98382
0.33023 0.13350 0.22025 0.59158
-0.09866 0.05955 -0.13374 0.02016
-0.02764 0.00485 -0.03007 -0.01795
0.63468 0.09790 0.51476 0.75617
