# avg	std	min	max
1.15373 0.00000 1.15373 1.15373
0.21728 0.01652 0.18452 0.22961
0.31644 0.01548 0.30435 0.34688
-0.43161 0.00307 -0.43745 -0.42922
-0.35990 0.00562 -0.36817 -0.35293
-0.71103 0.02369 -0.73452 -0.67161
-0.72637 0.00334 -0.72842 -0.71973
-0.50651 0.09813 -0.60306 -0.33253
3.87328 0.02869 3.84684 3.91824
0.21953 0.02867 0.17061 0.24854
-0.08890 0.02126 -0.10512 -0.04684
0.80400 0.00757 0.79770 0.81561
-0.66129 0.00962 -0.67731 -0.64767
0.42562 0.01637 0.39772 0.44906
0.12488 0.01224 0.10354 0.13875
0.57902 0.01560 0.56266 0.60684
0.05213 0.02752 0.00022 0.07324
-0.22626 0.02917 -0.28271 -0.20573
-0.00359 0.00000 -0.00359 -0.00359
0.27470 0.00531 0.26717 0.28130
