# avg	std	min	max
1.20502 0.02578 1.18340 1.24756
0.46906 0.04619 0.39339 0.51707
1.04450 0.06351 0.96879 1.12576
-0.07917 0.06251 -0.18469 0.01108
0.43571 0.05129 0.34486 0.48540
-0.15806 0.06093 -0.26295 -0.09004
-0.07044 0.03949 -0.10957 -0.00200
0.45623 0.16526 0.30589 0.77256
4.48642 0.05186 4.42473 4.57198
0.45129 0.04905 0.38591 0.50868
1.17580 0.04443 1.10124 1.23722
1.09212 0.02088 1.06316 1.12607
0.17952 0.18928 0.07527 0.55763
0.33719 0.05015 0.25050 0.38865
0.18414 0.06120 0.10507 0.25636
1.00059 0.00980 0.98588 1.01175
0.66758 0.05027 0.60265 0.74259
0.07888 0.04959 0.00640 0.14614
-0.06386 0.05181 -0.13727 0.01039
0.49622 0.03160 0.44272 0.53097
