# avg	std	min	max
3.65887 0.06880 3.52450 3.71133
2.68758 0.07935 2.54452 2.76074
2.28699 0.11146 2.13579 2.47663
1.70846 0.07602 1.60351 1.82554
1.71292 0.14237 1.51852 1.93589
0.59479 0.12179 0.47813 0.81229
1.53138 0.45886 0.94904 1.94449
2.19812 2.60065 0.34410 7.33932
5.23854 0.04715 5.19112 5.30425
3.17180 0.08950 3.01639 3.27580
3.14077 0.32005 2.67705 3.50350
2.76664 0.07006 2.67944 2.86108
4.01278 0.18746 3.78535 4.28510
4.10985 0.06064 4.03867 4.21731
2.34958 0.45891 2.07240 3.25712
5.32488 0.70147 3.98168 5.85603
5.56345 0.21621 5.31178 5.84709
0.53004 0.17976 0.30905 0.83230
-0.04633 0.01350 -0.07334 -0.03958
5.04024 1.34873 3.67654 6.71761
