# avg	std	min	max
4.00900 0.05555 3.91222 4.08483
3.50774 0.05860 3.41397 3.56777
4.96342 0.11514 4.80087 5.12133
1.78107 0.14191 1.64463 2.03828
6.46975 0.46832 6.00389 7.33702
1.52894 0.08692 1.37905 1.63474
7.55246 1.16387 6.00021 8.92755
10.47388 0.30020 10.00790 10.79180
10.89808 0.22241 10.72590 11.31870
3.93720 0.03840 3.89513 3.99696
5.18670 0.05547 5.11338 5.26783
2.88428 0.04296 2.83374 2.94469
9.75149 1.47732 7.67443 11.44910
5.83630 0.08051 5.72208 5.95244
3.64662 0.43979 3.20655 4.41892
9.76995 0.11254 9.56016 9.87623
8.02694 0.02897 7.98928 8.07506
0.90122 0.65997 0.23779 2.13353
-0.06197 0.00000 -0.06197 -0.06197
5.76828 0.28497 5.25536 6.03850
