# avg	std	min	max
0.47261 0.02943 0.44303 0.52654
0.21157 0.02872 0.19151 0.26865
0.41130 0.02727 0.37474 0.44390
0.16988 0.15594 -0.13902 0.27423
0.08338 0.02706 0.05547 0.13520
-0.03218 0.04700 -0.07898 0.03376
0.26849 0.03759 0.19989 0.31158
0.18545 0.02272 0.16397 0.22786
-0.34424 0.04332 -0.39519 -0.29263
0.47529 0.04209 0.43463 0.53991
0.34312 0.02477 0.31192 0.37182
0.46408 0.03241 0.43147 0.51113
0.26417 0.01815 0.23688 0.28410
0.23069 0.11703 0.13398 0.45787
-0.06672 0.02992 -0.09991 -0.01183
-0.20338 0.01427 -0.22190 -0.18611
-0.41791 0.05660 -0.48349 -0.31656
-0.03718 0.02159 -0.07605 -0.01388
-0.01030 0.02001 -0.03044 0.02400
0.48736 0.04490 0.44111 0.56251
