# avg	std	min	max
-0.34484 0.00426 -0.35047 -0.33967
0.27799 0.00545 0.26748 0.28253
2.11594 0.00492 2.10770 2.12150
1.81323 0.00500 1.80553 1.82085
2.02188 0.00592 2.01292 2.02904
1.70862 0.01022 1.68874 1.71791
1.72463 0.00246 1.72164 1.72830
1.80688 0.00353 1.80058 1.81043
1.47390 0.00533 1.46784 1.48033
0.23958 0.00885 0.22234 0.24733
2.07173 0.00520 2.06686 2.07827
1.78231 0.00452 1.77749 1.79006
1.81396 0.01496 1.78938 1.83404
0.17076 0.02028 0.13059 0.18391
1.74443 0.00721 1.73695 1.75400
0.52102 0.00347 0.51477 0.52467
1.84366 0.00623 1.83503 1.85272
0.11384 0.00713 0.10075 0.12021
-0.00562 0.00444 -0.01224 -0.00081
1.99032 0.01369 1.97096 2.00246
