# avg	std	min	max
2.92139 0.03460 2.87710 2.97349
1.43949 0.03537 1.39300 1.48800
1.61745 0.01281 1.59865 1.63742
2.24216 0.32839 1.80517 2.54632
3.47259 0.01525 3.45263 3.49767
0.22792 0.03499 0.16772 0.25848
5.12578 0.63436 4.35471 5.72584
8.18344 0.64150 7.61425 8.97673
3.95264 0.08579 3.86468 4.10745
2.22151 0.03175 2.18119 2.25611
3.13799 0.01321 3.11445 3.15223
1.77977 0.00655 1.77161 1.79110
6.28766 0.25914 5.96384 6.61797
3.48124 0.67602 2.53178 4.39856
3.38552 0.30594 2.77454 3.56256
7.11989 0.08790 6.99810 7.26248
5.94468 0.11438 5.81329 6.13773
0.47981 0.42344 -0.01116 1.03033
0.00000 0.00000 0.00000 0.00000
9.31360 0.35350 8.78335 9.73734
