# avg	std	min	max
0.79299 0.00015 0.79288 0.79328
0.51972 0.00004 0.51967 0.51978
0.89385 0.00333 0.89085 0.90036
0.11889 0.01758 0.08966 0.13262
0.42158 0.00349 0.41721 0.42729
-0.06650 0.06099 -0.11697 0.01033
0.69691 0.00313 0.69449 0.70299
1.00526 0.01327 0.98853 1.01841
0.88670 0.03602 0.82347 0.92542
0.26783 0.01473 0.25998 0.29729
0.24616 0.00534 0.23598 0.25150
0.65063 0.00906 0.63640 0.66032
-0.56391 0.04520 -0.60768 -0.48375
0.78853 0.01375 0.78036 0.81593
0.32039 0.02054 0.29797 0.35144
1.49868 0.01145 1.48925 1.51286
1.03348 0.00583 1.02227 1.03899
0.04312 0.06006 -0.06551 0.10502
0.00000 0.00000 0.00000 0.00000
1.14279 0.00088 1.14108 1.14359
