# avg	std	min	max
2.00284 0.00433 1.99602 2.00888
1.17884 0.00769 1.16424 1.18632
1.35785 0.04858 1.29418 1.42276
0.44403 0.06045 0.39404 0.54027
0.57228 0.05002 0.49408 0.62144
0.21666 0.17583 0.04200 0.43360
-0.66418 0.01855 -0.69653 -0.64268
0.55612 0.00739 0.54683 0.56683
4.69985 0.00671 4.69146 4.70814
2.15526 0.00296 2.15125 2.16026
2.04101 0.00558 2.03365 2.04739
1.69790 0.00518 1.69134 1.70446
0.08080 0.00573 0.07342 0.08721
1.68528 0.01755 1.66644 1.70710
1.12211 0.06086 1.04922 1.23461
2.12532 0.02570 2.10320 2.16788
0.96498 0.27933 0.74343 1.48854
0.87702 0.03602 0.83414 0.92373
-0.09265 0.00000 -0.09265 -0.09265
1.01112 0.05037 0.95360 1.08320
