# avg	std	min	max
0.30424 0.00070 0.30284 0.30461
-0.49547 0.00000 -0.49547 -0.49547
-0.94304 0.05298 -1.00234 -0.85061
-1.27209 0.03517 -1.31294 -1.22911
-0.96173 0.48758 -1.42711 -0.08887
-1.02766 0.04511 -1.08039 -0.95882
-1.24877 0.03516 -1.30334 -1.20777
-0.72850 0.03606 -0.79338 -0.69110
-2.29929 0.01121 -2.31022 -2.27809
0.00096 0.00095 -0.00011 0.00255
-0.27030 0.13111 -0.41621 -0.10525
-0.43159 0.04601 -0.51361 -0.38361
-0.95351 0.01351 -0.96424 -0.92883
-0.65470 0.02500 -0.68924 -0.62543
-0.34665 0.08915 -0.42496 -0.17253
0.26965 0.02330 0.22759 0.29312
0.85151 0.11435 0.71267 0.98684
-0.96339 0.15616 -1.25501 -0.82790
-1.26254 0.11417 -1.36984 -1.06957
-0.05335 0.13179 -0.24213 0.15610
