# avg	std	min	max
1.22884 0.02178 1.19919 1.24768
-0.56261 0.01526 -0.58960 -0.54754
-0.57844 0.05565 -0.63756 -0.50017
-1.47468 0.06520 -1.51560 -1.34675
-0.98449 0.04862 -1.04877 -0.90632
-1.38463 0.08907 -1.46549 -1.23048
-1.20431 0.10556 -1.36626 -1.04396
-0.61893 0.10832 -0.80249 -0.51091
2.73070 0.08013 2.64712 2.87731
-0.00928 0.02058 -0.04829 0.00904
-0.35980 0.06163 -0.45006 -0.28911
-0.04346 0.18248 -0.20317 0.31140
-1.88328 0.12883 -2.05167 -1.65955
-0.28810 0.33476 -0.65846 0.33832
0.28731 0.03488 0.23828 0.33202
0.33901 0.11650 0.15159 0.50352
-0.75146 0.19155 -0.95383 -0.47560
-0.56998 0.11933 -0.71195 -0.40984
-0.25491 0.04635 -0.30942 -0.17228
-0.58076 0.13431 -0.71485 -0.33143
