# avg	std	min	max
0.66798 0.00000 0.66798 0.66798
0.34181 0.00000 0.34181 0.34181
2.22545 0.09604 2.08158 2.32115
0.77704 0.07642 0.69452 0.91719
2.41225 0.06469 2.34563 2.52703
1.05812 0.06531 0.96294 1.13691
0.72095 0.20748 0.44742 1.05112
0.83031 0.11497 0.60375 0.92309
3.99249 0.00356 3.98777 3.99794
-0.00005 0.00055 -0.00085 0.00078
0.79617 0.06991 0.66124 0.86243
0.62778 0.01447 0.59885 0.63567
0.59683 0.13844 0.42131 0.81105
0.92078 0.03997 0.88755 0.99753
0.49711 0.25930 0.10682 0.84359
1.04072 0.03954 1.00955 1.11596
0.98865 0.07853 0.88296 1.11358
0.38482 0.18406 0.18950 0.63086
0.28251 0.05322 0.18346 0.33165
0.84345 0.09712 0.65304 0.92233
