# avg	std	min	max
0.89865 0.00015 0.89846 0.89880
0.55502 0.02487 0.51041 0.58167
0.45461 0.30254 0.24650 1.05613
-0.10373 0.12534 -0.22401 0.13782
0.48582 0.30421 0.29008 1.09049
0.24881 0.25972 -0.04933 0.70667
0.39189 0.59054 -0.42208 1.19168
1.70005 1.03669 0.22782 3.13964
3.77477 0.12989 3.53950 3.91422
-0.00018 0.00023 -0.00043 0.00022
-0.04988 0.03117 -0.10120 -0.01713
0.36528 0.10409 0.25469 0.53993
0.38061 0.52867 -0.17022 1.03953
1.31562 0.17111 0.99613 1.51108
0.62611 0.37240 0.15730 1.04380
2.55575 0.34134 2.04465 3.10932
1.11314 0.14988 0.91568 1.33338
0.02083 0.11881 -0.12175 0.19033
-0.08222 0.05987 -0.15606 0.00915
1.78074 0.31322 1.25196 2.13260
