# avg	std	min	max
0.72834 0.04796 0.67465 0.80658
0.07158 0.00530 0.06706 0.08131
6.09071 0.38187 5.32971 6.33033
7.17006 0.72529 6.64772 8.59133
7.18578 0.29242 6.84091 7.66093
3.28542 1.85556 0.71433 5.70892
13.16686 4.44017 9.00728 21.64270
19.97358 2.44438 16.24790 23.95490
9.54487 0.10999 9.43077 9.68820
0.00060 0.00114 -0.00087 0.00210
4.46605 0.90674 3.47701 5.52471
0.15028 0.00961 0.14083 0.16191
11.00644 2.84911 7.51231 14.34860
3.80432 0.23395 3.35781 3.99978
6.28504 0.75782 5.28757 7.11673
5.65929 0.95156 4.53773 6.70590
7.97593 0.55316 7.27112 8.86341
3.58663 0.76606 2.34245 4.45567
3.50787 0.49870 2.57304 3.99070
14.88704 1.13972 14.00870 16.95990
