# avg	std	min	max
-0.17765 0.03800 -0.22280 -0.12975
-0.65974 0.05211 -0.71684 -0.58041
0.20512 0.08569 0.07357 0.32860
-1.10402 0.09321 -1.22671 -0.96877
-0.60697 0.10040 -0.73585 -0.43310
-1.01379 0.15201 -1.30384 -0.89662
-1.11172 0.06058 -1.18401 -1.01559
-1.10519 0.26651 -1.53195 -0.69856
2.87443 0.16693 2.55637 3.02058
0.00532 0.08228 -0.08548 0.15970
0.01982 0.03545 -0.01944 0.06547
-0.56040 0.05033 -0.60192 -0.46903
-0.90830 0.10957 -1.08122 -0.77356
-0.17716 0.03148 -0.22738 -0.12991
-0.65084 0.26377 -0.99924 -0.33464
0.11952 0.04042 0.06853 0.16110
-0.13237 0.10548 -0.27749 -0.02353
-0.97821 0.05516 -1.05631 -0.90482
-0.96297 0.12896 -1.10326 -0.80427
-0.20245 0.02670 -0.24363 -0.16383
