# avg	std	min	max
-0.26662 0.06808 -0.30066 -0.13046
-0.62775 0.00953 -0.63553 -0.61608
1.26047 1.02846 -0.19916 2.35761
-0.39629 1.90308 -2.39513 2.38515
-1.70654 0.46561 -2.27593 -0.93695
-1.50820 0.86088 -3.21846 -0.89120
-0.88938 1.65105 -2.96078 1.51888
1.35210 1.11293 -0.28420 2.93456
-2.70509 0.07904 -2.78377 -2.55306
-0.09515 0.10907 -0.25777 0.00695
0.73694 0.08571 0.64315 0.88232
0.22252 0.01642 0.20433 0.24810
-1.10094 0.68390 -2.31272 -0.25057
-0.27487 0.04702 -0.30667 -0.18317
0.97466 0.64962 0.19193 2.04758
0.60363 0.04782 0.54102 0.67547
0.52503 0.82869 -0.88464 1.36591
0.11692 0.17753 -0.11143 0.35083
3.20525 2.62774 0.40698 7.08949
-0.40938 0.41423 -0.73248 0.32831
