# avg	std	min	max
1.59171 0.07796 1.51019 1.72313
0.29276 0.01712 0.26957 0.30674
3.34753 0.57765 2.22054 3.79708
-0.05826 1.09544 -0.99528 1.88586
1.98491 0.09318 1.86638 2.13088
-1.46272 0.10806 -1.65529 -1.33216
3.01584 0.85080 1.67195 4.12032
5.18046 1.62865 2.70267 6.76681
5.87199 0.25172 5.43220 6.16244
0.00006 0.00318 -0.00557 0.00423
1.05930 0.02864 1.02806 1.09712
0.78555 0.16299 0.52475 0.99592
9.40134 5.66306 6.06017 20.70910
2.18727 0.13557 1.94672 2.34897
2.98537 0.65334 1.77422 3.52330
2.08569 0.25640 1.85133 2.57710
2.54796 0.56468 1.66138 3.19602
3.44282 1.19165 1.10163 4.27864
4.69739 0.41796 3.90828 5.12018
4.75246 4.29363 1.27697 13.15300
