# avg	std	min	max
0.81628 0.00243 0.81372 0.82014
-0.13203 0.00216 -0.13545 -0.12951
0.53488 0.03192 0.48199 0.58001
-0.90574 0.17876 -1.08831 -0.64448
-0.12264 0.02968 -0.14731 -0.06788
-0.81954 0.07014 -0.91419 -0.70431
0.13889 0.91322 -0.53402 1.94856
0.73986 0.06496 0.63354 0.81774
0.06292 0.01776 0.03920 0.09310
-0.00231 0.00346 -0.00739 0.00134
1.15565 0.32209 0.52763 1.38487
-0.27390 0.02990 -0.30842 -0.22328
-0.05005 0.15156 -0.26800 0.15260
0.98952 0.02757 0.94912 1.02090
0.35612 0.05317 0.27919 0.44260
1.03914 0.03883 0.97247 1.09096
0.01895 0.03645 -0.04003 0.07264
-0.23914 0.01680 -0.26133 -0.21125
0.47904 0.03535 0.41410 0.51501
0.87142 0.05525 0.79273 0.94603
