# avg	std	min	max
1.25898 0.08487 1.12576 1.34318
0.54238 0.17642 0.31676 0.68940
0.40032 0.03318 0.36889 0.45954
-0.42029 0.01447 -0.43421 -0.39350
0.00045 0.20903 -0.22137 0.25875
-0.29915 0.00617 -0.30918 -0.29037
-0.39217 0.06275 -0.46840 -0.27974
-0.05555 0.04460 -0.10904 -0.00262
0.54693 0.14814 0.43837 0.84079
-0.00051 0.00185 -0.00352 0.00161
0.17039 0.02639 0.14092 0.21983
-0.40379 0.01296 -0.41979 -0.38473
-0.38774 0.03694 -0.42839 -0.33138
-0.60698 0.02862 -0.64628 -0.57057
0.23922 0.05365 0.18012 0.33309
-1.01715 0.07479 -1.11892 -0.94692
-0.06931 0.09497 -0.19630 0.08195
-0.17059 0.02113 -0.20211 -0.13676
0.20982 0.06425 0.11616 0.31243
0.34695 0.11923 0.13857 0.47743
