# avg	std	min	max
0.88733 0.03077 0.82580 0.90326
0.80854 0.19070 0.42713 0.90406
5.60624 0.38285 5.12618 6.03871
10.31343 0.40623 9.76746 10.97190
7.15720 0.57012 6.01868 7.49399
7.66960 2.22990 5.54950 11.86570
21.33036 1.52258 19.26490 23.56910
27.60838 4.14688 19.79110 31.88220
6.43668 0.09370 6.25713 6.53345
-0.00201 0.00192 -0.00458 0.00051
3.11769 0.47238 2.53586 3.98190
3.48430 0.40266 2.73955 3.77430
22.81088 4.90318 17.01640 31.78140
7.88239 1.04625 5.89773 9.01217
9.18828 1.86570 6.55186 12.04270
11.08734 0.08538 10.91750 11.14060
11.43306 2.05185 9.39148 15.34560
14.87351 3.83932 9.64455 18.64710
14.47534 4.19987 11.31080 22.70670
25.62120 2.60907 23.21000 29.35100
