# avg	std	min	max
0.26572 0.00050 0.26495 0.26643
-0.57051 0.00067 -0.57161 -0.56955
-0.36645 0.08490 -0.52530 -0.28290
-0.98104 0.01292 -1.00520 -0.96988
-1.25811 0.05245 -1.34761 -1.18840
-1.28666 0.09608 -1.37429 -1.11968
-0.61591 0.02562 -0.65005 -0.58440
-0.62208 0.07330 -0.70862 -0.50469
-1.50514 0.00982 -1.52156 -1.49139
-0.00040 0.00036 -0.00092 -0.00000
-0.09253 0.00051 -0.09335 -0.09202
0.17180 0.00035 0.17126 0.17235
-0.46220 0.02349 -0.48440 -0.43160
-0.17690 0.00310 -0.18079 -0.17256
-0.83397 0.13742 -1.10460 -0.73813
-1.06669 0.00138 -1.06763 -1.06397
-1.95507 0.01488 -1.97059 -1.93072
-0.79849 0.08136 -0.95843 -0.74111
-0.74337 0.08723 -0.90851 -0.66806
-0.11331 0.00233 -0.11716 -0.11031
