# avg	std	min	max
0.62779 0.00096 0.62694 0.62966
-0.05292 0.00088 -0.05365 -0.05120
0.70172 0.00135 0.70051 0.70411
-0.45063 0.01248 -0.46064 -0.42961
0.12757 0.00836 0.11702 0.13811
-0.57209 0.02389 -0.60662 -0.54190
-0.39225 0.01024 -0.40522 -0.37856
0.05229 0.00121 0.05078 0.05356
2.91475 0.07226 2.85759 3.04935
-0.00037 0.00091 -0.00178 0.00088
0.28372 0.01802 0.26282 0.30557
0.37173 0.01929 0.35371 0.40286
-0.22528 0.01369 -0.24048 -0.20583
-0.11846 0.05288 -0.14893 -0.01296
0.08264 0.00649 0.07429 0.09379
0.41041 0.02740 0.36590 0.43675
-0.12966 0.00667 -0.13548 -0.11690
-0.18449 0.03777 -0.23590 -0.11825
0.00189 0.01462 -0.01101 0.03015
0.23739 0.01394 0.22798 0.26493
