# avg	std	min	max
-0.18246 0.00356 -0.18424 -0.17535
-0.76985 0.02620 -0.81726 -0.74361
-0.84562 0.06528 -0.96039 -0.76550
0.07100 0.56564 -0.87289 0.75260
-0.42342 0.14823 -0.69697 -0.26776
-0.07185 0.06188 -0.16979 0.00513
-0.94417 0.12678 -1.13407 -0.79791
0.21516 0.11595 0.09225 0.38705
-0.28693 0.02869 -0.31820 -0.24184
-0.01281 0.00780 -0.02842 -0.00891
0.02036 0.04303 -0.02712 0.07911
-0.39023 0.01668 -0.41980 -0.36843
-0.11409 0.17440 -0.34157 0.12648
0.77299 0.49822 -0.20937 1.10544
-0.18408 0.17473 -0.35150 0.14625
1.46572 0.32882 1.17453 2.10618
0.91553 0.08902 0.78749 1.02089
-0.55195 0.07746 -0.70279 -0.48737
-0.55105 0.21710 -0.77061 -0.15113
-0.50889 0.00616 -0.51707 -0.50098
