# avg	std	min	max
0.10724 0.00066 0.10670 0.10814
-1.32663 0.00011 -1.32668 -1.32641
-2.20879 0.01133 -2.22747 -2.19179
-2.54979 0.01125 -2.56809 -2.53302
-2.69544 0.03980 -2.73932 -2.62622
-2.90251 0.20803 -3.22796 -2.66495
-3.46681 0.01143 -3.48810 -3.45625
-2.36153 0.20085 -2.56365 -1.99842
3.02327 0.07235 2.90505 3.09995
0.00153 0.00100 -0.00000 0.00302
-0.55716 0.01343 -0.57486 -0.53844
-0.88662 0.04735 -0.94202 -0.81950
-2.97115 0.05566 -3.02214 -2.87515
-0.35408 0.00264 -0.35877 -0.35074
-0.77901 0.01629 -0.80070 -0.76022
-0.28318 0.23257 -0.47257 0.11267
-0.49166 0.04093 -0.51635 -0.41050
-0.75872 0.01374 -0.77606 -0.74176
-0.69370 0.04191 -0.76701 -0.64981
-1.10732 0.02194 -1.13649 -1.06976
