# avg	std	min	max
0.30945 0.00007 0.30937 0.30951
-0.46846 0.00005 -0.46849 -0.46835
-0.17615 0.00035 -0.17656 -0.17571
-0.55316 0.03035 -0.58106 -0.49753
-0.27948 0.00844 -0.29509 -0.27044
-0.59207 0.04121 -0.65879 -0.53460
-0.39003 0.00822 -0.39733 -0.37850
-0.86281 0.24145 -1.09279 -0.56798
1.80446 0.01918 1.78322 1.83284
-0.29301 0.00088 -0.29451 -0.29187
0.00001 0.00005 -0.00006 0.00010
-0.09280 0.00006 -0.09287 -0.09270
-0.63411 0.02970 -0.66285 -0.57750
-0.26866 0.01256 -0.28246 -0.24812
-0.18610 0.08843 -0.28935 -0.04610
-0.01296 0.01575 -0.03868 0.00669
-0.31933 0.00792 -0.32604 -0.30929
-0.44375 0.13879 -0.57554 -0.18116
-0.39379 0.10567 -0.49468 -0.20343
-0.20391 0.07200 -0.33015 -0.12673
