# avg	std	min	max
1.65821 0.21983 1.22760 1.83789
0.28039 0.06199 0.15943 0.33083
0.71168 0.46606 0.13234 1.39355
5.37958 0.18767 5.17964 5.68947
3.56126 0.94760 2.47373 5.04177
3.89647 1.32036 1.46674 5.20109
8.70335 0.52300 7.74426 9.27239
22.67414 2.93718 18.36430 25.79530
3.41677 0.40118 2.96166 4.01585
0.90350 0.00852 0.89316 0.91663
-0.00339 0.00696 -0.01195 0.00394
1.11295 0.60761 0.31161 1.75316
9.65042 1.04530 8.53481 11.08660
3.65927 0.32342 3.05462 3.97313
8.54636 1.57204 6.18509 10.57660
6.08995 0.86230 5.08307 7.49714
10.09577 2.15217 7.82865 13.43080
5.29741 1.13207 3.51147 6.52172
4.88963 0.99620 4.26205 6.87616
17.43998 1.90052 14.97400 19.85750
