# avg	std	min	max
-0.60550 0.05529 -0.68980 -0.54251
-1.22015 0.01943 -1.25547 -1.20461
-0.91989 0.01028 -0.93881 -0.91116
-1.60325 0.04811 -1.65689 -1.51622
-0.52208 0.03504 -0.56646 -0.47923
-1.97262 0.04615 -2.05314 -1.91170
0.37630 0.63994 -0.44578 1.21169
2.51998 0.10653 2.35616 2.67262
-2.91425 0.01350 -2.93457 -2.89978
-0.27439 0.01053 -0.29170 -0.25944
0.00000 0.00000 -0.00000 0.00000
-0.86217 0.01236 -0.88400 -0.84909
1.52636 1.03969 0.17128 3.01781
-0.02642 0.13366 -0.29323 0.05378
-0.46513 0.05792 -0.53793 -0.37433
0.76014 0.12241 0.55669 0.93425
-0.28426 0.04513 -0.34911 -0.23972
-1.64379 0.08329 -1.75148 -1.50029
-1.62445 0.48897 -2.16080 -0.80792
-0.02731 0.04041 -0.07987 0.03068
