# avg	std	min	max
-0.02141 0.00011 -0.02151 -0.02119
-0.22466 0.00011 -0.22479 -0.22448
0.00297 0.00005 0.00293 0.00305
-0.18313 0.03956 -0.24011 -0.14752
-0.17245 0.09759 -0.22924 0.02220
-0.20854 0.09617 -0.38585 -0.13708
-0.11071 0.03942 -0.18100 -0.07772
-0.25123 0.01907 -0.27696 -0.22888
-0.79972 0.00042 -0.80048 -0.79924
0.01264 0.00028 0.01213 0.01290
-0.00002 0.00004 -0.00011 0.00000
0.06376 0.00016 0.06360 0.06404
-0.06497 0.01025 -0.08088 -0.04852
0.06214 0.00245 0.05925 0.06478
-0.43083 0.01288 -0.44541 -0.41058
0.15530 0.00331 0.15169 0.16133
-0.47668 0.06869 -0.58152 -0.40950
-0.16823 0.00589 -0.17591 -0.15782
-0.37812 0.11605 -0.48830 -0.15905
0.21430 0.00983 0.20909 0.23396
