# avg	std	min	max
0.87834 0.00316 0.87603 0.88404
0.26402 0.00282 0.26110 0.26911
1.04538 0.00347 1.04119 1.05081
0.38159 0.11746 0.14669 0.44160
0.20871 0.25977 -0.19465 0.61495
0.11528 0.30535 -0.47612 0.35759
0.57233 0.00579 0.56801 0.58345
0.57923 0.03243 0.52100 0.61796
-0.37671 0.01046 -0.38463 -0.35608
0.19163 0.00119 0.18999 0.19298
-0.00139 0.00256 -0.00537 0.00269
1.02718 0.01945 1.01405 1.06500
0.63856 0.03107 0.59581 0.69014
-0.04044 0.17140 -0.19321 0.16959
0.43817 0.00755 0.42787 0.44734
-0.47253 0.00382 -0.47782 -0.46838
0.26114 0.08694 0.17597 0.39708
0.59320 0.05026 0.49291 0.62179
0.54334 0.03069 0.50525 0.59916
1.04326 0.03762 1.02107 1.11830
