# avg	std	min	max
-0.29488 0.00021 -0.29499 -0.29445
0.54112 0.00091 0.54058 0.54293
0.70083 0.17079 0.43404 0.86865
-0.75693 0.13878 -0.92947 -0.52375
0.10872 0.09551 -0.00799 0.22124
-0.26419 0.17528 -0.41806 -0.01967
1.47717 1.34260 0.41682 4.09839
2.34788 0.45189 1.90062 3.13103
2.71446 0.50757 2.37044 3.72468
-0.18984 0.00386 -0.19750 -0.18734
0.00742 0.01078 0.00000 0.02866
0.13051 0.04504 0.09633 0.21896
3.51801 0.39349 2.81909 3.90193
-0.04762 0.24979 -0.48826 0.19394
0.08561 0.04664 0.02486 0.14791
-0.07545 0.64465 -0.78819 1.01290
0.68534 0.03832 0.64829 0.75758
0.40433 0.10505 0.29639 0.56522
0.18188 0.08950 0.00636 0.24295
1.72186 0.88448 0.52599 3.09754
