# avg	std	min	max
-0.05729 0.00197 -0.05827 -0.05335
-0.52978 0.00158 -0.53105 -0.52751
-0.10564 0.00010 -0.10574 -0.10551
-1.36574 0.02137 -1.38461 -1.33654
-1.13434 0.00120 -1.13580 -1.13264
-1.51480 0.09206 -1.63008 -1.38660
-1.19844 0.01298 -1.21479 -1.18118
-0.54460 0.00703 -0.55792 -0.53715
-1.94707 0.00212 -1.94972 -1.94430
-0.24659 0.00509 -0.25413 -0.24085
0.00130 0.00132 -0.00000 0.00334
-0.27041 0.05434 -0.31693 -0.19888
-0.86150 0.01876 -0.87780 -0.82497
-0.46354 0.01567 -0.48501 -0.44732
-0.54069 0.10613 -0.66437 -0.40641
-0.96205 0.00302 -0.96623 -0.95788
-1.39233 0.02874 -1.42842 -1.36128
-1.42846 0.15517 -1.72614 -1.29532
-0.96009 0.22374 -1.26947 -0.73115
-0.11863 0.01525 -0.14687 -0.10484
