# avg	std	min	max
1.52447 0.04790 1.45613 1.59796
0.43862 0.05741 0.35721 0.50984
-0.72268 0.07086 -0.79731 -0.62436
1.96923 0.83236 0.88927 3.00848
-1.80385 0.05402 -1.86707 -1.71370
-1.23534 0.61499 -1.94995 -0.12474
1.26205 0.36594 0.95122 1.97876
4.72842 0.92252 3.90524 6.50704
1.42379 0.45878 0.70231 2.14296
0.89526 0.02656 0.84615 0.91902
0.00040 0.00065 0.00000 0.00167
0.25489 0.02776 0.21560 0.30201
2.88800 0.40901 2.24588 3.31923
2.07726 0.80315 1.22686 3.28229
1.73496 0.89055 0.58244 2.72786
5.81494 0.22684 5.39248 6.02939
4.55498 0.15719 4.41175 4.81605
1.13353 0.35839 0.78913 1.80574
1.51681 0.72480 0.53722 2.22102
1.47329 0.14808 1.22769 1.63200
