# avg	std	min	max
-0.36260 0.04336 -0.38669 -0.27622
-0.64146 0.04219 -0.66822 -0.55775
-0.30207 0.17131 -0.44197 -0.07810
-1.14831 0.15737 -1.34493 -0.95670
-0.87223 0.17629 -1.10078 -0.70840
-0.69579 0.15579 -1.00641 -0.60201
-0.46055 0.14277 -0.63094 -0.22374
0.06988 0.14659 -0.11044 0.32208
-0.10300 0.16526 -0.33947 0.16655
-0.39918 0.16636 -0.53716 -0.14535
-0.08238 0.13772 -0.20137 0.17123
-0.66711 0.17974 -0.87568 -0.46950
-0.34222 0.21666 -0.53014 -0.00891
-0.70017 0.20324 -0.86677 -0.43014
-0.73904 0.17062 -0.91858 -0.41459
-0.29625 0.00975 -0.31308 -0.28330
-1.02782 0.21010 -1.36782 -0.80741
-1.07561 0.14432 -1.21370 -0.81366
-1.01328 0.19083 -1.25428 -0.82893
-1.08216 0.29894 -1.37333 -0.57936
