# avg	std	min	max
-2.16124 0.00118 -2.16221 -2.15976
-0.99564 0.00078 -0.99627 -0.99449
0.08269 0.00090 0.08161 0.08374
-1.26106 0.02085 -1.28482 -1.23117
-0.19430 0.01083 -0.21090 -0.18119
-1.14852 0.01660 -1.17590 -1.12858
-0.98417 0.00524 -0.98998 -0.97636
-0.40975 0.03266 -0.46616 -0.37736
-1.36282 0.02462 -1.39083 -1.31893
-1.38216 0.01907 -1.41891 -1.36314
-0.00083 0.00149 -0.00211 0.00163
-0.94877 0.04975 -1.01082 -0.90726
-0.96187 0.04385 -1.02657 -0.89651
-1.87249 0.02493 -1.92127 -1.85081
-1.15855 0.03338 -1.19361 -1.09742
-2.60039 0.09571 -2.67989 -2.41642
-0.83123 0.04111 -0.91150 -0.79918
-1.39514 0.16629 -1.66995 -1.24527
-1.94468 0.16136 -2.25911 -1.82634
-0.74870 0.09418 -0.91459 -0.63096
