# avg	std	min	max
1.21977 0.14339 1.02060 1.44146
1.28180 0.02801 1.23743 1.32509
-0.01545 0.00000 -0.01545 -0.01545
0.35294 0.00198 0.34908 0.35436
-0.10739 0.20933 -0.41225 0.24471
0.22318 0.26578 -0.30558 0.37854
-0.80644 0.02741 -0.82942 -0.75440
0.34180 0.37018 -0.08486 0.80479
2.61346 0.30241 2.32773 3.01131
1.31750 0.81562 -0.31341 1.75278
0.90945 0.03118 0.87558 0.95942
1.03663 0.11569 0.94456 1.25286
-0.52689 0.05583 -0.59561 -0.44978
1.28808 0.02340 1.26715 1.33288
0.69676 0.02698 0.65914 0.72997
-0.12296 0.05301 -0.22037 -0.06898
0.40844 0.23387 -0.05788 0.55417
0.85063 0.04805 0.80955 0.91382
1.16866 0.03391 1.11147 1.21139
1.36254 0.00879 1.35548 1.37943
