# avg	std	min	max
1.98261 0.03831 1.93259 2.05127
0.79408 0.01511 0.76494 0.80666
-0.01279 0.01827 -0.04306 0.00420
-0.21870 0.17516 -0.38246 -0.00201
-0.40253 0.02746 -0.45350 -0.37330
-0.68758 0.03744 -0.73180 -0.63595
1.05811 0.49045 0.57388 1.87066
4.87201 0.94622 3.80835 6.38017
1.99173 0.22306 1.65972 2.36115
0.96064 0.01015 0.94762 0.97260
0.18349 0.02357 0.14090 0.20348
1.32046 0.01785 1.30047 1.34429
1.75476 0.50848 1.09857 2.65711
1.72307 0.06884 1.58903 1.77446
1.55276 0.03222 1.51224 1.59344
3.34636 0.07799 3.26536 3.49227
2.53555 0.44360 2.10669 3.23005
1.28076 0.51506 0.33298 1.85702
1.65145 0.49311 0.96316 2.29605
4.50591 1.17864 3.23992 6.14075
