# avg	std	min	max
1.24300 0.00950 1.22899 1.25525
0.25306 0.00001 0.25306 0.25308
0.00088 0.00150 -0.00077 0.00368
-0.59638 0.16334 -0.81216 -0.42398
-0.40246 0.00075 -0.40323 -0.40135
-0.61015 0.03729 -0.64887 -0.54760
-0.23393 0.00924 -0.23910 -0.21546
-0.16421 0.02315 -0.19170 -0.13000
4.23790 0.24507 3.86738 4.46397
0.35185 0.00052 0.35119 0.35235
0.18744 0.00152 0.18483 0.18913
0.75472 0.00136 0.75312 0.75720
-0.13242 0.03083 -0.15903 -0.08645
0.07639 0.00073 0.07562 0.07771
-0.25860 0.01959 -0.26891 -0.21944
0.94336 0.00708 0.93715 0.95723
-0.04787 0.00474 -0.05679 -0.04260
-0.41545 0.01663 -0.44737 -0.40219
-0.03333 0.04824 -0.08320 0.04652
0.28822 0.00175 0.28630 0.29118
