# avg	std	min	max
2.75052 0.03410 2.70158 2.80797
1.49784 0.05301 1.43389 1.55831
-0.00134 0.00157 -0.00353 -0.00000
-0.33403 0.18649 -0.47310 0.02059
-0.23541 0.36423 -0.49684 0.48299
-1.05217 0.01543 -1.06742 -1.02516
-2.02252 0.07886 -2.13408 -1.88907
-1.93490 0.10926 -2.02490 -1.74129
4.90785 0.18914 4.67874 5.20717
1.90975 0.04733 1.87826 2.00398
0.75071 0.03420 0.68625 0.77656
1.61255 0.02352 1.57976 1.63981
-2.53884 0.09592 -2.63453 -2.36158
1.38765 0.12184 1.14417 1.45468
1.89218 0.77757 0.33922 2.35551
3.98839 0.09176 3.83433 4.07616
3.47303 0.01695 3.44424 3.49539
-0.31568 0.08880 -0.42759 -0.18337
1.42925 0.67347 0.62864 2.36933
1.27402 0.07090 1.19195 1.40539
