# avg	std	min	max
3.51515 0.00945 3.49731 3.52553
1.93743 0.01951 1.90245 1.95270
-0.00288 0.01748 -0.02428 0.02652
1.00475 0.51053 0.15424 1.45158
0.51826 0.02775 0.48329 0.56869
-1.19610 0.08931 -1.31468 -1.09365
9.05574 1.22378 7.00098 10.21910
12.93784 2.06681 10.15770 15.70340
5.41469 0.00194 5.41243 5.41757
2.49815 0.01009 2.49100 2.51798
1.17705 0.01900 1.14569 1.19689
1.74154 0.02037 1.71721 1.76996
17.39860 3.29230 11.87550 20.64610
4.02660 0.02651 3.98181 4.06407
1.32865 0.05912 1.25697 1.40398
4.98903 0.14286 4.84614 5.16453
3.34796 0.22932 3.08290 3.62922
1.27611 0.57472 0.77970 2.35021
3.56589 0.62836 2.57245 4.45309
10.52372 0.26061 10.16140 10.89050
