# avg	std	min	max
1.17650 0.04292 1.11171 1.24524
1.04538 0.11203 0.86217 1.18163
-0.00680 0.00811 -0.02274 0.00000
-2.24825 0.07004 -2.35181 -2.16741
-0.22150 0.22784 -0.45644 0.08749
-1.16264 0.23015 -1.37354 -0.85937
6.96903 0.77188 6.13356 7.98059
8.93663 2.27011 6.93415 12.67400
3.74350 0.07458 3.64866 3.84653
1.79104 0.07392 1.71327 1.92956
1.08475 0.12167 1.00909 1.32733
0.44383 0.12572 0.30320 0.66369
6.41673 1.04423 5.38346 8.21083
0.23549 0.04444 0.17839 0.31049
1.03492 0.26771 0.51758 1.29187
3.61651 0.09966 3.46797 3.75536
2.44371 0.07569 2.36346 2.55621
0.48691 0.10236 0.34718 0.60411
0.00847 0.09863 -0.09562 0.16099
0.82139 0.16531 0.70406 1.14638
