# avg	std	min	max
0.76174 0.09402 0.70784 0.94961
0.62048 0.05662 0.58419 0.73332
-0.01603 0.01382 -0.03096 0.00120
0.91584 0.11206 0.69733 1.00171
1.18882 0.31529 0.55841 1.35250
0.14985 0.01237 0.12893 0.16314
0.12150 0.03950 0.05028 0.16243
0.56866 0.03227 0.53331 0.62877
4.79506 0.27947 4.46818 5.15289
1.64443 0.01046 1.63199 1.65771
3.08509 0.11660 2.85227 3.15078
0.91120 0.01372 0.89477 0.92803
0.29444 0.01967 0.27815 0.31892
1.75708 0.02238 1.72215 1.78737
0.79811 0.03074 0.76550 0.84415
2.16900 0.16400 1.84654 2.30695
1.23225 0.02581 1.19569 1.25660
0.50154 0.06231 0.42486 0.60110
0.99363 0.15843 0.80379 1.19759
1.61056 0.11540 1.51827 1.82937
