# avg	std	min	max
0.26543 0.01284 0.24712 0.28743
0.03354 0.00347 0.02695 0.03654
-0.01765 0.02503 -0.06704 -0.00067
-0.14831 0.08340 -0.31510 -0.10541
-0.13000 0.12257 -0.19891 0.11464
-0.30347 0.04480 -0.34901 -0.22265
-0.09242 0.07094 -0.23150 -0.03208
-0.43575 0.03532 -0.48408 -0.39806
-0.92170 0.02252 -0.94450 -0.88379
0.47145 0.00867 0.46498 0.48859
0.16903 0.02574 0.13100 0.19325
0.34849 0.00505 0.34371 0.35783
-0.04173 0.01327 -0.06588 -0.02993
0.27790 0.00464 0.27086 0.28536
-0.80237 0.00274 -0.80636 -0.79902
0.21925 0.00336 0.21631 0.22401
-0.87522 0.06715 -0.93866 -0.76883
-0.31813 0.02754 -0.35933 -0.28402
-0.28663 0.02271 -0.31984 -0.26211
0.24088 0.04561 0.15330 0.27624
