# avg	std	min	max
2.55964 0.00665 2.55007 2.56921
1.57222 0.03192 1.51725 1.60180
0.00024 0.00038 -0.00023 0.00083
1.38753 0.40291 0.61823 1.68691
0.83539 0.05314 0.80301 0.94145
-1.02011 0.16672 -1.17692 -0.71583
2.99613 0.39861 2.57981 3.60500
2.03705 0.33316 1.43074 2.43629
0.99673 0.01670 0.97149 1.02385
2.77022 0.00769 2.76276 2.78439
1.42067 0.24848 1.25891 1.91214
0.98399 0.00428 0.97901 0.99101
4.30802 0.80386 2.97941 5.45082
-0.35613 0.01517 -0.38017 -0.33488
2.40198 0.02547 2.35906 2.42667
0.07791 0.04944 -0.01980 0.11062
1.07275 0.01763 1.05137 1.09702
5.00687 0.74955 4.27430 6.28159
4.67716 0.35469 4.16643 5.22565
3.98391 1.94372 1.74056 6.33165
