# avg	std	min	max
1.28150 0.01990 1.24489 1.29875
0.42419 0.01089 0.40651 0.43472
-0.00000 0.00001 -0.00001 0.00001
-0.63939 0.00182 -0.64275 -0.63728
-0.38144 0.08629 -0.53065 -0.29554
-0.59818 0.03385 -0.63657 -0.56075
-0.79161 0.14864 -1.03438 -0.67085
-1.44586 0.01264 -1.46469 -1.42545
0.56548 0.17771 0.36048 0.78652
1.14125 0.02817 1.11761 1.19118
1.19851 0.01366 1.18834 1.22553
1.10991 0.01711 1.08598 1.13679
-0.97729 0.28743 -1.12777 -0.40260
0.19973 0.02269 0.16813 0.22687
0.64674 0.02017 0.61773 0.67475
-1.07047 0.09174 -1.16859 -0.89780
-1.58986 0.11521 -1.76270 -1.46365
-0.25246 0.03940 -0.27934 -0.17419
-0.33262 0.44239 -0.99741 0.26435
0.95193 0.03070 0.89147 0.97226
