# avg	std	min	max
-0.76478 0.02131 -0.79167 -0.74733
-0.71075 0.00061 -0.71183 -0.71019
-0.00002 0.00009 -0.00014 0.00012
-1.09441 0.06101 -1.16976 -1.00564
1.54193 0.02091 1.52390 1.56966
-1.77180 0.01027 -1.78346 -1.75546
-1.35014 0.19585 -1.72318 -1.18019
-0.66120 0.03327 -0.71246 -0.62268
0.96661 0.00944 0.95317 0.97739
-0.35582 0.00837 -0.36719 -0.34117
0.73874 0.00523 0.73336 0.74873
0.00346 0.00439 -0.00532 0.00581
-1.36251 0.01385 -1.38142 -1.34443
-1.75097 0.30155 -1.95170 -1.15523
-1.08060 0.01337 -1.10631 -1.06983
-0.47724 0.00401 -0.48250 -0.47218
-0.43478 0.02929 -0.48302 -0.39389
-1.65278 0.01776 -1.67281 -1.62822
-1.27975 0.01129 -1.29348 -1.26468
-0.92300 0.00760 -0.93253 -0.91666
