# avg	std	min	max
2.33910 0.01346 2.31679 2.35923
1.49001 0.02049 1.45481 1.51128
-0.00543 0.00769 -0.01986 0.00199
0.66988 0.40603 0.00922 1.15174
-0.65097 0.00431 -0.65661 -0.64424
-0.46580 0.42991 -0.74077 0.39023
0.84280 0.63377 0.13638 1.75136
2.74576 0.38310 2.04074 3.05335
2.93956 0.13618 2.73514 3.13186
2.55992 0.01102 2.54623 2.57815
2.03234 0.01248 2.00955 2.04715
1.12441 0.00792 1.11586 1.13763
1.77095 0.92719 0.36699 3.04286
1.75134 0.00928 1.73442 1.76074
1.39915 0.26350 1.13645 1.88679
2.82124 0.06018 2.74697 2.92143
3.51216 0.36868 2.87288 3.97981
1.54503 0.76531 0.42477 2.38982
2.40684 1.05860 1.38661 4.31443
3.15265 0.84665 2.01394 4.37273
