# avg	std	min	max
2.44889 0.19429 2.16240 2.77213
1.77020 0.01413 1.74369 1.78376
-0.01245 0.00000 -0.01245 -0.01245
0.01424 0.22071 -0.27252 0.30450
-0.51501 0.10796 -0.58995 -0.30081
0.47253 0.13534 0.21298 0.58386
0.53355 1.97034 -0.57995 4.47089
2.11586 0.43102 1.65536 2.73262
5.25731 0.38298 4.77818 5.79475
2.00347 0.20836 1.59517 2.14362
1.11425 0.10454 1.02189 1.30937
1.04875 0.04746 0.98684 1.11566
-0.53744 0.09372 -0.66968 -0.42461
1.49584 0.09288 1.37261 1.65574
2.31601 0.08846 2.18409 2.42022
3.60842 0.08456 3.48617 3.73258
3.35595 0.06093 3.28083 3.42059
0.05234 0.13476 -0.07043 0.29974
0.49741 0.26931 0.14096 0.94146
0.48570 0.14659 0.30251 0.70440
