# avg	std	min	max
5.48494 0.00078 5.48429 5.48647
3.71569 0.03293 3.66427 3.74183
3.46182 0.07879 3.34475 3.56043
2.98090 0.60206 2.34099 3.79394
4.57201 1.05436 4.03778 6.68064
2.22433 0.45065 1.67906 2.92196
2.73169 0.23997 2.42985 3.11975
-0.01866 0.00000 -0.01866 -0.01866
8.61231 0.05861 8.54509 8.68765
3.59311 0.00057 3.59198 3.59348
4.14986 0.22011 3.76502 4.38134
3.87879 0.11861 3.75888 4.08165
9.37972 2.60383 6.07332 12.11240
4.35611 0.75657 3.40677 5.24154
4.71372 0.25745 4.48804 5.21604
5.18743 0.32340 4.81332 5.65494
2.84769 0.15962 2.64776 3.01833
5.08028 0.29310 4.83749 5.62179
6.11074 0.62010 5.46949 7.06050
2.69272 0.07612 2.60133 2.80197
