# avg	std	min	max
4.51771 0.08580 4.36364 4.59749
3.15091 0.03431 3.09486 3.19414
1.25277 0.12338 1.03500 1.38472
2.89527 0.38024 2.19990 3.33940
1.48459 0.19363 1.10430 1.64410
1.83494 0.12973 1.61940 2.00668
1.50476 0.32290 1.12316 1.96819
-0.27185 0.00000 -0.27185 -0.27185
5.12596 0.15465 4.84799 5.28716
3.44445 0.11966 3.35159 3.67356
1.64828 0.07798 1.49826 1.72022
2.96553 0.04308 2.93892 3.05144
1.70470 0.20215 1.35995 1.92999
3.39685 0.09267 3.27085 3.50661
2.84146 0.03389 2.79842 2.88453
4.68627 0.07877 4.54191 4.76596
4.13457 0.04825 4.07586 4.22080
2.48277 0.14436 2.20535 2.60981
3.05726 0.30096 2.60095 3.38039
3.21268 1.06989 1.94704 4.71263
