# avg	std	min	max
1.14220 0.04125 1.07103 1.17927
0.85899 0.04518 0.79736 0.90004
1.28845 0.05259 1.23220 1.37810
0.27075 0.05950 0.15943 0.31952
0.86297 0.06468 0.76478 0.93434
0.15725 0.02006 0.14199 0.19664
0.37898 0.06591 0.28864 0.46240
0.00131 0.00488 -0.00251 0.01074
1.58986 0.06093 1.47170 1.64573
1.22154 0.02928 1.17425 1.25610
1.37023 0.36665 0.63889 1.59663
1.20878 0.03781 1.14276 1.24889
0.35971 0.08857 0.23962 0.50726
1.22979 0.04636 1.16192 1.30275
0.77258 0.03690 0.72544 0.83706
1.17004 0.10227 1.01120 1.29478
0.44654 0.02958 0.40000 0.47443
0.20758 0.03792 0.14045 0.25579
0.42513 0.10840 0.24709 0.56040
1.18059 0.01329 1.16770 1.20502
