# avg	std	min	max
2.19079 0.08629 2.11451 2.35203
1.26913 0.15633 1.05661 1.45936
1.18954 0.46358 0.59086 1.96290
0.04459 0.12868 -0.12045 0.25632
0.81871 0.34112 0.38390 1.40911
0.33835 0.12056 0.21664 0.54753
0.22536 0.18350 -0.00129 0.49226
-0.00596 0.00969 -0.01707 0.01030
0.16901 0.10718 -0.02687 0.29650
2.35657 0.07441 2.29020 2.49697
3.86058 0.10417 3.76671 4.03079
1.61633 0.06421 1.56895 1.74148
0.08176 0.23985 -0.23768 0.44106
1.83547 0.16894 1.53142 2.03149
1.64793 0.10855 1.53453 1.78938
3.38610 0.09778 3.20477 3.47815
2.76512 0.13024 2.50814 2.85741
1.08641 0.03437 1.04073 1.13103
2.11086 0.22126 1.68162 2.32077
1.91123 0.00576 1.90413 1.92142
