# avg	std	min	max
1.21284 0.01556 1.19531 1.23461
0.36082 0.03737 0.34178 0.43555
1.42125 0.13790 1.17761 1.52507
-0.39437 0.00387 -0.40201 -0.39131
0.69625 0.08521 0.55403 0.78536
-0.56306 0.15319 -0.71495 -0.31377
-0.12369 0.02091 -0.15314 -0.10382
-0.46030 0.00223 -0.46387 -0.45738
-0.96007 0.09129 -1.04695 -0.80511
1.40688 0.03701 1.33961 1.45351
1.94198 0.04611 1.86544 1.98030
0.88998 0.04303 0.86732 0.97601
-0.00379 0.00538 -0.00866 0.00655
1.26183 0.00635 1.24933 1.26609
0.70381 0.11514 0.49994 0.79797
1.79593 0.03559 1.74480 1.83244
1.10213 0.06457 0.97642 1.15771
-0.49500 0.10578 -0.67850 -0.36291
-0.77408 0.40252 -1.57104 -0.47240
0.27976 0.06091 0.17234 0.36126
