# avg	std	min	max
4.56954 0.35818 4.26088 5.25344
2.83819 0.28846 2.61741 3.39322
3.07040 0.49169 2.44828 3.49022
1.38466 0.20868 1.03073 1.59383
4.02217 0.86599 2.88269 5.03430
1.69679 0.03633 1.66895 1.76717
-0.07391 0.01630 -0.09683 -0.04886
1.63749 0.38790 1.10755 2.29025
3.90752 0.15210 3.61841 4.05073
4.02987 0.28938 3.66974 4.33707
2.32237 0.39976 1.99499 3.06006
3.27322 0.11711 3.13198 3.40870
-0.01187 0.02412 -0.03238 0.03549
2.44371 0.21725 2.13108 2.80552
4.19569 0.24013 3.78102 4.44150
5.12666 0.04529 5.06104 5.19073
4.55425 0.06130 4.47532 4.65755
1.94076 0.11668 1.79775 2.10824
1.47896 1.30625 0.15726 3.75301
2.23671 0.00773 2.22564 2.24515
