# avg	std	min	max
2.94402 0.00831 2.92857 2.95143
1.49120 0.02248 1.45597 1.52086
2.97178 0.02603 2.92308 2.99375
-0.54801 0.00345 -0.55193 -0.54379
1.90876 0.05926 1.86432 2.01814
-0.19090 0.03620 -0.22783 -0.14274
-0.44594 0.41937 -0.96933 -0.09845
11.95584 0.43187 11.18460 12.50030
1.57987 0.03316 1.54102 1.64031
1.97121 0.01748 1.94628 1.99874
2.19009 0.02991 2.15607 2.23217
1.52342 0.03290 1.48870 1.57688
-0.01322 0.02616 -0.02820 0.03906
3.05574 0.02220 3.03662 3.09232
3.27492 0.00845 3.26568 3.29072
3.13139 0.03195 3.09289 3.18130
3.01898 0.04669 2.95433 3.06886
3.20200 0.18876 2.86717 3.42376
4.72646 0.73412 3.63604 5.63509
1.37654 0.01427 1.35020 1.38706
