# avg	std	min	max
2.54275 0.30170 2.25140 3.12548
1.51257 0.01490 1.48515 1.52993
3.96016 0.27285 3.61028 4.18315
1.53882 0.14459 1.24991 1.62282
3.44177 0.95145 2.29378 4.62616
0.13050 0.13752 -0.06528 0.28148
-0.45707 0.00588 -0.46226 -0.44602
0.57806 0.11522 0.34798 0.64706
6.35398 0.46860 5.99295 7.27219
2.14913 0.00532 2.14189 2.15372
2.28542 0.02636 2.23658 2.31016
2.08328 0.26564 1.59837 2.32592
0.00111 0.00202 -0.00112 0.00372
1.16048 0.27370 0.78534 1.58947
1.37832 0.13341 1.19823 1.52733
3.35058 0.01597 3.32179 3.36610
2.52288 0.04987 2.42338 2.55306
1.73044 0.04997 1.68056 1.82190
2.33389 0.15339 2.03065 2.44970
2.10149 0.01528 2.08355 2.12978
