# avg	std	min	max
4.25240 0.02812 4.22445 4.30313
3.49612 0.01932 3.46140 3.51533
3.53774 0.06110 3.45396 3.64242
2.04192 0.03718 1.97727 2.08141
2.42311 0.03241 2.39056 2.47526
2.40200 0.08322 2.31744 2.56135
1.25573 0.01508 1.24698 1.28583
2.17027 0.06414 2.08908 2.28533
2.66140 0.02018 2.63829 2.69122
4.10749 0.20775 3.82667 4.35208
4.34666 0.15518 4.07532 4.53599
3.68589 0.02719 3.64618 3.73118
0.00662 0.00381 -0.00000 0.01174
4.10238 0.08253 3.98569 4.19183
3.64910 0.04305 3.57963 3.71117
4.76963 0.02747 4.73336 4.80242
4.27706 0.07983 4.19888 4.38935
3.27478 0.07949 3.15014 3.38023
2.71931 0.08822 2.59695 2.79742
3.91793 0.04586 3.85612 3.99641
