# avg	std	min	max
0.46920 0.00982 0.45561 0.47975
0.61136 0.01431 0.60227 0.63992
1.02355 0.01874 0.99240 1.04930
0.03871 0.01785 0.01748 0.07180
0.69205 0.06157 0.60090 0.76161
-0.03111 0.02415 -0.06356 -0.00115
-0.04985 0.02713 -0.08091 0.00061
-0.12096 0.01289 -0.13929 -0.09909
0.71951 0.00263 0.71437 0.72140
-0.00388 0.00631 -0.00846 0.00773
0.14830 0.02014 0.13377 0.18787
0.96909 0.01279 0.96005 0.99446
-0.01397 0.00381 -0.02160 -0.01206
0.26707 0.42849 -0.19480 0.79824
0.57263 0.02781 0.54230 0.61321
0.77075 0.03394 0.70782 0.80901
0.39954 0.02528 0.35480 0.42588
0.17115 0.07969 0.05385 0.29320
0.37591 0.02590 0.33356 0.40515
-0.21662 0.03560 -0.25809 -0.15549
