# avg	std	min	max
-0.25239 0.28354 -0.62462 0.07516
-0.37197 0.38490 -0.94952 0.08685
0.36503 0.21512 0.15924 0.74647
-0.91624 0.26344 -1.20579 -0.44311
-0.24435 0.43366 -0.63748 0.29089
-1.05160 0.19683 -1.25649 -0.73297
-0.69746 0.37640 -1.30283 -0.32129
0.07804 0.43800 -0.64932 0.60342
8.18104 0.27204 7.67512 8.49193
-0.39386 0.45089 -1.09260 0.21239
0.82518 0.56148 0.23082 1.72059
-0.18975 0.29844 -0.54143 0.35645
-0.05159 0.02975 -0.10666 -0.02504
-0.12319 0.39887 -0.81097 0.39378
-0.95870 0.54643 -1.89470 -0.40614
-0.04789 0.30797 -0.44753 0.43912
-0.25537 0.35832 -0.91861 0.13723
0.98640 0.34641 0.50984 1.36632
1.82009 0.25760 1.46212 2.24081
-0.08378 0.20100 -0.34202 0.22302
