# avg	std	min	max
0.04977 0.00000 0.04977 0.04977
0.00000 0.00000 0.00000 0.00000
0.72372 0.00000 0.72372 0.72372
-0.00026 0.00000 -0.00026 -0.00026
0.85506 0.00000 0.85506 0.85506
-0.03031 0.00000 -0.03031 -0.03031
-0.07471 0.00000 -0.07471 -0.07471
0.25099 0.00000 0.25099 0.25099
-1.20834 0.00000 -1.20834 -1.20834
-0.00673 0.00000 -0.00673 -0.00673
0.70767 0.00000 0.70767 0.70767
0.46069 0.00000 0.46069 0.46069
-0.03156 0.00000 -0.03156 -0.03156
0.18548 0.00000 0.18548 0.18548
0.26967 0.00000 0.26967 0.26967
0.36379 0.00000 0.36379 0.36379
0.19521 0.00000 0.19521 0.19521
-0.01518 0.00000 -0.01518 -0.01518
0.07147 0.00000 0.07147 0.07147
0.45009 0.00000 0.45009 0.45009
