# avg	std	min	max
-0.04744 0.00000 -0.04744 -0.04744
0.00000 0.00000 0.00000 0.00000
-0.07371 0.00000 -0.07371 -0.07371
-0.16609 0.00000 -0.16609 -0.16609
-0.25889 0.00000 -0.25889 -0.25889
-0.05207 0.00000 -0.05207 -0.05207
0.04740 0.00000 0.04740 0.04740
-0.09628 0.00000 -0.09628 -0.09628
-0.31865 0.00000 -0.31865 -0.31865
-0.00038 0.00000 -0.00038 -0.00038
-0.07484 0.00000 -0.07484 -0.07484
-0.22911 0.00000 -0.22911 -0.22911
0.04352 0.00000 0.04352 0.04352
-0.28089 0.00000 -0.28089 -0.28089
-0.06472 0.00000 -0.06472 -0.06472
-0.47221 0.00000 -0.47221 -0.47221
-0.27187 0.00000 -0.27187 -0.27187
-0.30213 0.00000 -0.30213 -0.30213
-0.19011 0.00000 -0.19011 -0.19011
-0.12515 0.00000 -0.12515 -0.12515
