# avg	std	min	max
0.98728 0.00000 0.98728 0.98728
0.00000 0.00000 0.00000 0.00000
1.20107 0.00000 1.20107 1.20107
-0.43162 0.00000 -0.43162 -0.43162
0.76212 0.00000 0.76212 0.76212
-0.30303 0.00000 -0.30303 -0.30303
-0.35353 0.00000 -0.35353 -0.35353
-0.12928 0.00000 -0.12928 -0.12928
3.55818 0.00000 3.55818 3.55818
0.58384 0.00000 0.58384 0.58384
1.29861 0.00000 1.29861 1.29861
0.81088 0.00000 0.81088 0.81088
-0.17320 0.00000 -0.17320 -0.17320
0.69281 0.00000 0.69281 0.69281
0.21235 0.00000 0.21235 0.21235
1.15531 0.00000 1.15531 1.15531
0.83319 0.00000 0.83319 0.83319
-1.04605 0.00000 -1.04605 -1.04605
-0.24210 0.00000 -0.24210 -0.24210
0.67933 0.00000 0.67933 0.67933
