# avg	std	min	max
1.11693 0.00000 1.11693 1.11693
0.00000 0.00000 0.00000 0.00000
0.03603 0.00000 0.03603 0.03603
-0.91631 0.00000 -0.91631 -0.91631
-0.68020 0.00000 -0.68020 -0.68020
-0.87421 0.00000 -0.87421 -0.87421
-0.78093 0.00000 -0.78093 -0.78093
-0.66225 0.00000 -0.66225 -0.66225
3.33945 0.00000 3.33945 3.33945
0.74170 0.00000 0.74170 0.74170
0.98751 0.00000 0.98751 0.98751
0.43115 0.00000 0.43115 0.43115
-0.80321 0.00000 -0.80321 -0.80321
-0.16311 0.00000 -0.16311 -0.16311
-0.30194 0.00000 -0.30194 -0.30194
0.39381 0.00000 0.39381 0.39381
-0.15700 0.00000 -0.15700 -0.15700
-0.66640 0.00000 -0.66640 -0.66640
-0.43251 0.00000 -0.43251 -0.43251
-0.08905 0.00000 -0.08905 -0.08905
