# avg	std	min	max
1.54991 0.00000 1.54991 1.54991
-0.00000 0.00000 -0.00000 -0.00000
1.72237 0.00000 1.72237 1.72237
2.26445 0.00000 2.26445 2.26445
2.98786 0.00000 2.98786 2.98786
0.13364 0.00000 0.13364 0.13364
8.31698 0.00000 8.31698 8.31698
13.55586 0.00000 13.55586 13.55586
4.22896 0.00000 4.22896 4.22896
0.64488 0.00000 0.64488 0.64488
1.54066 0.00000 1.54066 1.54066
1.54453 0.00000 1.54453 1.54453
9.59715 0.00000 9.59715 9.59715
2.92027 0.00000 2.92027 2.92027
2.89056 0.00000 2.89056 2.89056
4.43230 0.00000 4.43230 4.43230
2.45585 0.00000 2.45585 2.45585
3.90211 0.00000 3.90211 3.90211
7.59657 0.00000 7.59657 7.59657
11.71206 0.00000 11.71206 11.71206
