# avg	std	min	max
0.77334 0.00000 0.77334 0.77334
-0.00000 0.00000 -0.00000 -0.00000
0.30079 0.00000 0.30079 0.30079
-0.17566 0.00000 -0.17566 -0.17566
-0.06358 0.00000 -0.06358 -0.06358
-0.27216 0.00000 -0.27216 -0.27216
-0.00650 0.00000 -0.00650 -0.00650
0.05358 0.00000 0.05358 0.05358
2.92568 0.00000 2.92568 2.92568
0.51724 0.00000 0.51724 0.51724
0.36866 0.00000 0.36866 0.36866
0.53439 0.00000 0.53439 0.53439
0.07809 0.00000 0.07809 0.07809
-0.07959 0.00000 -0.07959 -0.07959
-0.29334 0.00000 -0.29334 -0.29334
0.43950 0.00000 0.43950 0.43950
0.17745 0.00000 0.17745 0.17745
-0.10065 0.00000 -0.10065 -0.10065
0.11100 0.00000 0.11100 0.11100
0.07889 0.00000 0.07889 0.07889
