# avg	std	min	max
0.54653 0.00000 0.54653 0.54653
0.00000 0.00000 0.00000 0.00000
0.20196 0.00000 0.20196 0.20196
-0.55039 0.00000 -0.55039 -0.55039
-0.51239 0.00000 -0.51239 -0.51239
-0.67473 0.00000 -0.67473 -0.67473
-0.68177 0.00000 -0.68177 -0.68177
-0.59753 0.00000 -0.59753 -0.59753
2.37212 0.00000 2.37212 2.37212
0.61917 0.00000 0.61917 0.61917
0.43044 0.00000 0.43044 0.43044
0.54645 0.00000 0.54645 0.54645
-0.66020 0.00000 -0.66020 -0.66020
0.40885 0.00000 0.40885 0.40885
-0.53172 0.00000 -0.53172 -0.53172
0.17013 0.00000 0.17013 0.17013
-0.11163 0.00000 -0.11163 -0.11163
-0.50167 0.00000 -0.50167 -0.50167
-0.46439 0.00000 -0.46439 -0.46439
0.25964 0.00000 0.25964 0.25964
