# avg	std	min	max
1.29063 0.00000 1.29063 1.29063
-0.00000 0.00000 -0.00000 -0.00000
0.94630 0.00000 0.94630 0.94630
-0.94794 0.00000 -0.94794 -0.94794
0.37313 0.00000 0.37313 0.37313
-0.86042 0.00000 -0.86042 -0.86042
-0.04579 0.00000 -0.04579 -0.04579
-0.54547 0.00000 -0.54547 -0.54547
2.65873 0.00000 2.65873 2.65873
0.80128 0.00000 0.80128 0.80128
0.74281 0.00000 0.74281 0.74281
0.64572 0.00000 0.64572 0.64572
0.03904 0.00000 0.03904 0.03904
-0.88819 0.00000 -0.88819 -0.88819
0.16969 0.00000 0.16969 0.16969
1.33091 0.00000 1.33091 1.33091
0.63124 0.00000 0.63124 0.63124
-0.49957 0.00000 -0.49957 -0.49957
-0.50060 0.00000 -0.50060 -0.50060
0.03741 0.00000 0.03741 0.03741
