# avg	std	min	max
0.24198 0.00000 0.24198 0.24198
0.00000 0.00000 0.00000 0.00000
0.18231 0.00000 0.18231 0.18231
-0.12024 0.00000 -0.12024 -0.12024
0.02317 0.00000 0.02317 0.02317
-0.21870 0.00000 -0.21870 -0.21870
-0.09710 0.00000 -0.09710 -0.09710
-0.11531 0.00000 -0.11531 -0.11531
-0.47901 0.00000 -0.47901 -0.47901
0.27552 0.00000 0.27552 0.27552
0.27281 0.00000 0.27281 0.27281
0.25489 0.00000 0.25489 0.25489
-0.03268 0.00000 -0.03268 -0.03268
0.21356 0.00000 0.21356 0.21356
-0.33978 0.00000 -0.33978 -0.33978
0.58030 0.00000 0.58030 0.58030
0.18516 0.00000 0.18516 0.18516
-0.23836 0.00000 -0.23836 -0.23836
-0.84933 0.00000 -0.84933 -0.84933
0.12036 0.00000 0.12036 0.12036
