# avg	std	min	max
0.28733 0.00000 0.28733 0.28733
0.00000 0.00000 0.00000 0.00000
0.46060 0.00000 0.46060 0.46060
0.31831 0.00000 0.31831 0.31831
0.15428 0.00000 0.15428 0.15428
-0.24820 0.00000 -0.24820 -0.24820
-0.02634 0.00000 -0.02634 -0.02634
-0.00438 0.00000 -0.00438 -0.00438
2.14097 0.00000 2.14097 2.14097
-0.92839 0.00000 -0.92839 -0.92839
-0.56167 0.00000 -0.56167 -0.56167
-0.04339 0.00000 -0.04339 -0.04339
0.12352 0.00000 0.12352 0.12352
-0.06427 0.00000 -0.06427 -0.06427
-0.45223 0.00000 -0.45223 -0.45223
-0.38898 0.00000 -0.38898 -0.38898
-0.16111 0.00000 -0.16111 -0.16111
0.01648 0.00000 0.01648 0.01648
-0.25350 0.00000 -0.25350 -0.25350
0.15312 0.00000 0.15312 0.15312
