# avg	std	min	max
0.91106 0.00000 0.91106 0.91106
0.00000 0.00000 0.00000 0.00000
6.39502 0.00000 6.39502 6.39502
8.86932 0.00000 8.86932 8.86932
9.72877 0.00000 9.72877 9.72877
7.03957 0.00000 7.03957 7.03957
20.96102 0.00000 20.96102 20.96102
47.03502 0.00000 47.03502 47.03502
7.88513 0.00000 7.88513 7.88513
3.42942 0.00000 3.42942 3.42942
6.68033 0.00000 6.68033 6.68033
2.94149 0.00000 2.94149 2.94149
36.84588 0.00000 36.84588 36.84588
8.35295 0.00000 8.35295 8.35295
12.68347 0.00000 12.68347 12.68347
6.94016 0.00000 6.94016 6.94016
10.91118 0.00000 10.91118 10.91118
12.49096 0.00000 12.49096 12.49096
21.75014 0.00000 21.75014 21.75014
26.52156 0.00000 26.52156 26.52156
