# avg	std	min	max
0.03498 0.00000 0.03498 0.03498
0.00000 0.00000 0.00000 0.00000
0.77402 0.00000 0.77402 0.77402
-0.07726 0.00000 -0.07726 -0.07726
2.18018 0.00000 2.18018 2.18018
-0.45469 0.00000 -0.45469 -0.45469
-0.02271 0.00000 -0.02271 -0.02271
-0.95187 0.00000 -0.95187 -0.95187
1.78697 0.00000 1.78697 1.78697
-0.32578 0.00000 -0.32578 -0.32578
0.52394 0.00000 0.52394 0.52394
-0.13169 0.00000 -0.13169 -0.13169
0.54056 0.00000 0.54056 0.54056
-0.35602 0.00000 -0.35602 -0.35602
0.13217 0.00000 0.13217 0.13217
0.79541 0.00000 0.79541 0.79541
0.63409 0.00000 0.63409 0.63409
0.05544 0.00000 0.05544 0.05544
0.05643 0.00000 0.05643 0.05643
0.50598 0.00000 0.50598 0.50598
