# avg	std	min	max
0.51373 0.00000 0.51373 0.51373
0.00000 0.00000 0.00000 0.00000
1.16375 0.00000 1.16375 1.16375
-0.44866 0.00000 -0.44866 -0.44866
1.18937 0.00000 1.18937 1.18937
-0.52365 0.00000 -0.52365 -0.52365
0.28572 0.00000 0.28572 0.28572
5.96719 0.00000 5.96719 5.96719
3.54290 0.00000 3.54290 3.54290
-0.14264 0.00000 -0.14264 -0.14264
0.73608 0.00000 0.73608 0.73608
-0.28770 0.00000 -0.28770 -0.28770
2.47944 0.00000 2.47944 2.47944
1.28058 0.00000 1.28058 1.28058
1.94570 0.00000 1.94570 1.94570
2.52324 0.00000 2.52324 2.52324
3.48093 0.00000 3.48093 3.48093
0.62628 0.00000 0.62628 0.62628
-0.58467 0.00000 -0.58467 -0.58467
1.48792 0.00000 1.48792 1.48792
