# avg	std	min	max
0.78521 0.00000 0.78521 0.78521
0.00000 0.00000 0.00000 0.00000
1.31581 0.00000 1.31581 1.31581
7.28601 0.00000 7.28601 7.28601
4.12324 0.00000 4.12324 4.12324
3.61206 0.00000 3.61206 3.61206
18.91856 0.00000 18.91856 18.91856
18.85802 0.00000 18.85802 18.85802
3.80281 0.00000 3.80281 3.80281
0.19553 0.00000 0.19553 0.19553
0.49210 0.00000 0.49210 0.49210
1.77073 0.00000 1.77073 1.77073
17.38388 0.00000 17.38388 17.38388
4.11914 0.00000 4.11914 4.11914
4.63451 0.00000 4.63451 4.63451
9.27260 0.00000 9.27260 9.27260
6.60163 0.00000 6.60163 6.60163
6.15803 0.00000 6.15803 6.15803
7.30760 0.00000 7.30760 7.30760
21.59174 0.00000 21.59174 21.59174
