# avg	std	min	max
-0.49338 0.00000 -0.49338 -0.49338
0.00000 0.00000 0.00000 0.00000
3.63764 0.00000 3.63764 3.63764
2.00917 0.00000 2.00917 2.00917
4.25919 0.00000 4.25919 4.25919
-0.47389 0.00000 -0.47389 -0.47389
3.19489 0.00000 3.19489 3.19489
5.86244 0.00000 5.86244 5.86244
3.25114 0.00000 3.25114 3.25114
0.22574 0.00000 0.22574 0.22574
-0.28253 0.00000 -0.28253 -0.28253
-1.14584 0.00000 -1.14584 -1.14584
3.88800 0.00000 3.88800 3.88800
1.62472 0.00000 1.62472 1.62472
2.13181 0.00000 2.13181 2.13181
3.03146 0.00000 3.03146 3.03146
2.81633 0.00000 2.81633 2.81633
0.54644 0.00000 0.54644 0.54644
0.59785 0.00000 0.59785 0.59785
2.97076 0.00000 2.97076 2.97076
