# avg	std	min	max
0.26586 0.00000 0.26586 0.26586
0.00000 0.00000 0.00000 0.00000
0.59591 0.00000 0.59591 0.59591
-0.04377 0.00000 -0.04377 -0.04377
0.52584 0.00000 0.52584 0.52584
-0.47111 0.00000 -0.47111 -0.47111
-0.22745 0.00000 -0.22745 -0.22745
-0.33084 0.00000 -0.33084 -0.33084
-0.53871 0.00000 -0.53871 -0.53871
0.25147 0.00000 0.25147 0.25147
0.54190 0.00000 0.54190 0.54190
0.22334 0.00000 0.22334 0.22334
-0.21693 0.00000 -0.21693 -0.21693
0.49008 0.00000 0.49008 0.49008
-0.31673 0.00000 -0.31673 -0.31673
0.64204 0.00000 0.64204 0.64204
-0.10051 0.00000 -0.10051 -0.10051
-0.30836 0.00000 -0.30836 -0.30836
-0.18583 0.00000 -0.18583 -0.18583
-0.10087 0.00000 -0.10087 -0.10087
