# avg	std	min	max
0.75402 0.00000 0.75402 0.75402
0.00000 0.00000 0.00000 0.00000
0.61328 0.00000 0.61328 0.61328
-0.26030 0.00000 -0.26030 -0.26030
0.11097 0.00000 0.11097 0.11097
-0.31814 0.00000 -0.31814 -0.31814
0.05103 0.00000 0.05103 0.05103
0.01617 0.00000 0.01617 0.01617
3.57751 0.00000 3.57751 3.57751
0.58322 0.00000 0.58322 0.58322
0.79110 0.00000 0.79110 0.79110
0.59193 0.00000 0.59193 0.59193
-0.32459 0.00000 -0.32459 -0.32459
0.42412 0.00000 0.42412 0.42412
0.23452 0.00000 0.23452 0.23452
0.22684 0.00000 0.22684 0.22684
-0.07649 0.00000 -0.07649 -0.07649
-0.26276 0.00000 -0.26276 -0.26276
-0.06141 0.00000 -0.06141 -0.06141
0.46244 0.00000 0.46244 0.46244
