# avg	std	min	max
0.96269 0.00000 0.96269 0.96269
0.00000 0.00000 0.00000 0.00000
-0.66522 0.00000 -0.66522 -0.66522
-0.62735 0.00000 -0.62735 -0.62735
-1.00028 0.00000 -1.00028 -1.00028
-0.55079 0.00000 -0.55079 -0.55079
-0.21344 0.00000 -0.21344 -0.21344
-0.12229 0.00000 -0.12229 -0.12229
-1.77481 0.00000 -1.77481 -1.77481
0.14493 0.00000 0.14493 0.14493
-0.09933 0.00000 -0.09933 -0.09933
-0.40477 0.00000 -0.40477 -0.40477
-0.06118 0.00000 -0.06118 -0.06118
0.69184 0.00000 0.69184 0.69184
-0.25856 0.00000 -0.25856 -0.25856
0.00922 0.00000 0.00922 0.00922
-0.72089 0.00000 -0.72089 -0.72089
-0.46965 0.00000 -0.46965 -0.46965
0.13449 0.00000 0.13449 0.13449
0.72754 0.00000 0.72754 0.72754
