# avg	std	min	max
1.10834 0.00000 1.10834 1.10834
0.00000 0.00000 0.00000 0.00000
7.81508 0.00000 7.81508 7.81508
16.50864 0.00000 16.50864 16.50864
11.86286 0.00000 11.86286 11.86286
14.45364 0.00000 14.45364 14.45364
49.28988 0.00000 49.28988 49.28988
68.72946 0.00000 68.72946 68.72946
4.76042 0.00000 4.76042 4.76042
0.72328 0.00000 0.72328 0.72328
7.14748 0.00000 7.14748 7.14748
3.96988 0.00000 3.96988 3.96988
55.44504 0.00000 55.44504 55.44504
12.25928 0.00000 12.25928 12.25928
18.10874 0.00000 18.10874 18.10874
12.54698 0.00000 12.54698 12.54698
17.97254 0.00000 17.97254 17.97254
22.31014 0.00000 22.31014 22.31014
27.79940 0.00000 27.79940 27.79940
36.12030 0.00000 36.12030 36.12030
