# avg	std	min	max
-0.71179 0.00000 -0.71179 -0.71179
-0.60841 0.00000 -0.60841 -0.60841
0.19715 0.00000 0.19715 0.19715
-0.35492 0.00000 -0.35492 -0.35492
0.17475 0.00000 0.17475 0.17475
-0.46855 0.00000 -0.46855 -0.46855
-0.68798 0.00000 -0.68798 -0.68798
-0.96877 0.00000 -0.96877 -0.96877
0.12396 0.00000 0.12396 0.12396
-0.70294 0.00000 -0.70294 -0.70294
0.01535 0.00000 0.01535 0.01535
-0.24386 0.00000 -0.24386 -0.24386
-0.56463 0.00000 -0.56463 -0.56463
-1.02428 0.00000 -1.02428 -1.02428
-0.45386 0.00000 -0.45386 -0.45386
-0.00496 0.00000 -0.00496 -0.00496
-0.13921 0.00000 -0.13921 -0.13921
-0.49615 0.00000 -0.49615 -0.49615
-0.86135 0.00000 -0.86135 -0.86135
-0.15550 0.00000 -0.15550 -0.15550
