# avg	std	min	max
0.54070 0.00000 0.54070 0.54070
-0.19718 0.00000 -0.19718 -0.19718
0.31410 0.00000 0.31410 0.31410
-0.43014 0.00000 -0.43014 -0.43014
0.51522 0.00000 0.51522 0.51522
-1.01466 0.00000 -1.01466 -1.01466
-0.17891 0.00000 -0.17891 -0.17891
-0.59543 0.00000 -0.59543 -0.59543
7.15558 0.00000 7.15558 7.15558
-0.11798 0.00000 -0.11798 -0.11798
-0.32211 0.00000 -0.32211 -0.32211
0.57710 0.00000 0.57710 0.57710
-0.12275 0.00000 -0.12275 -0.12275
0.70213 0.00000 0.70213 0.70213
-0.30229 0.00000 -0.30229 -0.30229
0.00884 0.00000 0.00884 0.00884
-0.29473 0.00000 -0.29473 -0.29473
0.00839 0.00000 0.00839 0.00839
0.31243 0.00000 0.31243 0.31243
0.34918 0.00000 0.34918 0.34918
