# avg	std	min	max
0.69350 0.00000 0.69350 0.69350
0.08510 0.00000 0.08510 0.08510
0.52502 0.00000 0.52502 0.52502
0.03865 0.00000 0.03865 0.03865
0.19804 0.00000 0.19804 0.19804
-0.32407 0.00000 -0.32407 -0.32407
0.35309 0.00000 0.35309 0.35309
0.15093 0.00000 0.15093 0.15093
-0.09296 0.00000 -0.09296 -0.09296
0.55661 0.00000 0.55661 0.55661
0.52409 0.00000 0.52409 0.52409
0.39857 0.00000 0.39857 0.39857
0.38617 0.00000 0.38617 0.38617
0.52361 0.00000 0.52361 0.52361
-0.02330 0.00000 -0.02330 -0.02330
-0.00857 0.00000 -0.00857 -0.00857
-0.10385 0.00000 -0.10385 -0.10385
0.13950 0.00000 0.13950 0.13950
0.32498 0.00000 0.32498 0.32498
0.88633 0.00000 0.88633 0.88633
