# avg	std	min	max
1.12874 0.00000 1.12874 1.12874
0.24798 0.00000 0.24798 0.24798
-0.44423 0.00000 -0.44423 -0.44423
0.22478 0.00000 0.22478 0.22478
0.79815 0.00000 0.79815 0.79815
-0.06540 0.00000 -0.06540 -0.06540
13.80550 0.00000 13.80550 13.80550
17.75996 0.00000 17.75996 17.75996
0.99635 0.00000 0.99635 0.99635
0.57726 0.00000 0.57726 0.57726
0.70229 0.00000 0.70229 0.70229
0.00277 0.00000 0.00277 0.00277
17.67724 0.00000 17.67724 17.67724
2.08756 0.00000 2.08756 2.08756
4.48351 0.00000 4.48351 4.48351
-0.00023 0.00000 -0.00023 -0.00023
3.22818 0.00000 3.22818 3.22818
1.88154 0.00000 1.88154 1.88154
4.76978 0.00000 4.76978 4.76978
12.94142 0.00000 12.94142 12.94142
