# avg	std	min	max
0.14906 0.00000 0.14906 0.14906
-0.31486 0.00000 -0.31486 -0.31486
-0.05830 0.00000 -0.05830 -0.05830
-0.89300 0.00000 -0.89300 -0.89300
-0.68439 0.00000 -0.68439 -0.68439
-0.91443 0.00000 -0.91443 -0.91443
-0.98839 0.00000 -0.98839 -0.98839
-0.34799 0.00000 -0.34799 -0.34799
-0.14545 0.00000 -0.14545 -0.14545
0.25647 0.00000 0.25647 0.25647
0.24449 0.00000 0.24449 0.24449
0.35234 0.00000 0.35234 0.35234
-0.78880 0.00000 -0.78880 -0.78880
0.16915 0.00000 0.16915 0.16915
-0.58209 0.00000 -0.58209 -0.58209
-0.00266 0.00000 -0.00266 -0.00266
-0.36605 0.00000 -0.36605 -0.36605
-0.81010 0.00000 -0.81010 -0.81010
-0.64517 0.00000 -0.64517 -0.64517
-0.74185 0.00000 -0.74185 -0.74185
