# avg	std	min	max
0.59233 0.00000 0.59233 0.59233
-0.31497 0.00000 -0.31497 -0.31497
0.01334 0.00000 0.01334 0.01334
-0.51305 0.00000 -0.51305 -0.51305
-0.56996 0.00000 -0.56996 -0.56996
-0.91579 0.00000 -0.91579 -0.91579
-0.78551 0.00000 -0.78551 -0.78551
-0.71889 0.00000 -0.71889 -0.71889
1.83091 0.00000 1.83091 1.83091
-0.33663 0.00000 -0.33663 -0.33663
0.30318 0.00000 0.30318 0.30318
0.18709 0.00000 0.18709 0.18709
-0.70308 0.00000 -0.70308 -0.70308
-0.24528 0.00000 -0.24528 -0.24528
-0.63986 0.00000 -0.63986 -0.63986
-0.01071 0.00000 -0.01071 -0.01071
-0.39199 0.00000 -0.39199 -0.39199
-0.35601 0.00000 -0.35601 -0.35601
-0.50204 0.00000 -0.50204 -0.50204
-0.00155 0.00000 -0.00155 -0.00155
