# avg	std	min	max
0.57574 0.00000 0.57574 0.57574
-0.42738 0.00000 -0.42738 -0.42738
-0.19030 0.00000 -0.19030 -0.19030
-0.80647 0.00000 -0.80647 -0.80647
-0.84516 0.00000 -0.84516 -0.84516
-1.01721 0.00000 -1.01721 -1.01721
-0.60764 0.00000 -0.60764 -0.60764
-1.13715 0.00000 -1.13715 -1.13715
3.05354 0.00000 3.05354 3.05354
0.32444 0.00000 0.32444 0.32444
0.29861 0.00000 0.29861 0.29861
0.19843 0.00000 0.19843 0.19843
-0.26206 0.00000 -0.26206 -0.26206
-0.16285 0.00000 -0.16285 -0.16285
-0.74710 0.00000 -0.74710 -0.74710
0.00091 0.00000 0.00091 0.00091
-0.43855 0.00000 -0.43855 -0.43855
-0.85572 0.00000 -0.85572 -0.85572
-0.79685 0.00000 -0.79685 -0.79685
-0.05090 0.00000 -0.05090 -0.05090
