# avg	std	min	max
1.49948 0.00000 1.49948 1.49948
0.26574 0.00000 0.26574 0.26574
1.17605 0.00000 1.17605 1.17605
2.36509 0.00000 2.36509 2.36509
1.40392 0.00000 1.40392 1.40392
1.69291 0.00000 1.69291 1.69291
5.70416 0.00000 5.70416 5.70416
17.94798 0.00000 17.94798 17.94798
5.08574 0.00000 5.08574 5.08574
0.71356 0.00000 0.71356 0.71356
1.29911 0.00000 1.29911 1.29911
0.63571 0.00000 0.63571 0.63571
6.80483 0.00000 6.80483 6.80483
2.96746 0.00000 2.96746 2.96746
3.47382 0.00000 3.47382 3.47382
-0.05982 0.00000 -0.05982 -0.05982
3.50503 0.00000 3.50503 3.50503
3.58723 0.00000 3.58723 3.58723
5.51014 0.00000 5.51014 5.51014
9.79332 0.00000 9.79332 9.79332
