# avg	std	min	max
0.46069 0.00000 0.46069 0.46069
0.40261 0.00000 0.40261 0.40261
0.55081 0.00000 0.55081 0.55081
0.47864 0.00000 0.47864 0.47864
0.53931 0.00000 0.53931 0.53931
0.27193 0.00000 0.27193 0.27193
0.35114 0.00000 0.35114 0.35114
0.36891 0.00000 0.36891 0.36891
0.41004 0.00000 0.41004 0.41004
0.67174 0.00000 0.67174 0.67174
0.43163 0.00000 0.43163 0.43163
0.39596 0.00000 0.39596 0.39596
0.43615 0.00000 0.43615 0.43615
0.27449 0.00000 0.27449 0.27449
0.17031 0.00000 0.17031 0.17031
-0.00109 0.00000 -0.00109 -0.00109
0.34513 0.00000 0.34513 0.34513
0.39332 0.00000 0.39332 0.39332
0.41995 0.00000 0.41995 0.41995
0.51734 0.00000 0.51734 0.51734
