# avg	std	min	max
5.77500 0.00000 5.77500 5.77500
4.29662 0.00000 4.29662 4.29662
6.33635 0.00000 6.33635 6.33635
3.54693 0.00000 3.54693 3.54693
7.62647 0.00000 7.62647 7.62647
4.76065 0.00000 4.76065 4.76065
14.00106 0.00000 14.00106 14.00106
25.36608 0.00000 25.36608 25.36608
11.37188 0.00000 11.37188 11.37188
4.61083 0.00000 4.61083 4.61083
5.86289 0.00000 5.86289 5.86289
4.36367 0.00000 4.36367 4.36367
19.28240 0.00000 19.28240 19.28240
4.52002 0.00000 4.52002 4.52002
7.09238 0.00000 7.09238 7.09238
0.00000 0.00000 0.00000 0.00000
4.89571 0.00000 4.89571 4.89571
9.89086 0.00000 9.89086 9.89086
10.95150 0.00000 10.95150 10.95150
18.32114 0.00000 18.32114 18.32114
