# avg	std	min	max
2.06280 0.00000 2.06280 2.06280
0.90799 0.00000 0.90799 0.90799
1.76465 0.00000 1.76465 1.76465
-0.09487 0.00000 -0.09487 -0.09487
1.25336 0.00000 1.25336 1.25336
-0.40164 0.00000 -0.40164 -0.40164
2.28071 0.00000 2.28071 2.28071
3.78129 0.00000 3.78129 3.78129
6.26774 0.00000 6.26774 6.26774
2.26308 0.00000 2.26308 2.26308
3.26852 0.00000 3.26852 3.26852
1.34411 0.00000 1.34411 1.34411
1.07742 0.00000 1.07742 1.07742
0.18477 0.00000 0.18477 0.18477
0.89037 0.00000 0.89037 0.89037
-0.02475 0.00000 -0.02475 -0.02475
0.57697 0.00000 0.57697 0.57697
1.48326 0.00000 1.48326 1.48326
1.80561 0.00000 1.80561 1.80561
3.90305 0.00000 3.90305 3.90305
