# avg	std	min	max
0.09538 0.00000 0.09538 0.09538
0.37406 0.00000 0.37406 0.37406
0.10537 0.00000 0.10537 0.10537
0.06314 0.00000 0.06314 0.06314
0.01948 0.00000 0.01948 0.01948
1.30795 0.00000 1.30795 1.30795
-0.27521 0.00000 -0.27521 -0.27521
-0.06239 0.00000 -0.06239 -0.06239
0.95405 0.00000 0.95405 0.95405
0.53790 0.00000 0.53790 0.53790
0.04383 0.00000 0.04383 0.04383
1.74282 0.00000 1.74282 1.74282
-0.28605 0.00000 -0.28605 -0.28605
0.14928 0.00000 0.14928 0.14928
-0.02287 0.00000 -0.02287 -0.02287
-0.00000 0.00000 -0.00000 -0.00000
-0.03722 0.00000 -0.03722 -0.03722
-0.13084 0.00000 -0.13084 -0.13084
0.05366 0.00000 0.05366 0.05366
0.06937 0.00000 0.06937 0.06937
