# avg	std	min	max
0.42335 0.00000 0.42335 0.42335
0.64951 0.00000 0.64951 0.64951
2.01654 0.00000 2.01654 2.01654
0.14526 0.00000 0.14526 0.14526
1.46810 0.00000 1.46810 1.46810
-0.46034 0.00000 -0.46034 -0.46034
0.58081 0.00000 0.58081 0.58081
0.02349 0.00000 0.02349 0.02349
-0.15987 0.00000 -0.15987 -0.15987
0.73312 0.00000 0.73312 0.73312
2.19746 0.00000 2.19746 2.19746
1.71792 0.00000 1.71792 1.71792
0.53134 0.00000 0.53134 0.53134
0.60674 0.00000 0.60674 0.60674
0.10378 0.00000 0.10378 0.10378
-0.00186 0.00000 -0.00186 -0.00186
-0.06668 0.00000 -0.06668 -0.06668
0.46958 0.00000 0.46958 0.46958
0.20513 0.00000 0.20513 0.20513
-0.20470 0.00000 -0.20470 -0.20470
