# avg	std	min	max
-0.36699 0.00000 -0.36699 -0.36699
-1.15058 0.00000 -1.15058 -1.15058
-0.96235 0.00000 -0.96235 -0.96235
-1.59961 0.00000 -1.59961 -1.59961
-1.45049 0.00000 -1.45049 -1.45049
-1.46837 0.00000 -1.46837 -1.46837
-1.52641 0.00000 -1.52641 -1.52641
-0.81696 0.00000 -0.81696 -0.81696
1.62221 0.00000 1.62221 1.62221
-0.34143 0.00000 -0.34143 -0.34143
-0.31854 0.00000 -0.31854 -0.31854
-0.48858 0.00000 -0.48858 -0.48858
-1.37763 0.00000 -1.37763 -1.37763
-1.39282 0.00000 -1.39282 -1.39282
-1.38147 0.00000 -1.38147 -1.38147
-0.01002 0.00000 -0.01002 -0.01002
-0.48280 0.00000 -0.48280 -0.48280
-1.50173 0.00000 -1.50173 -1.50173
-1.50895 0.00000 -1.50895 -1.50895
-0.66615 0.00000 -0.66615 -0.66615
