# avg	std	min	max
-0.27772 0.00000 -0.27772 -0.27772
-1.44212 0.00000 -1.44212 -1.44212
-1.84055 0.00000 -1.84055 -1.84055
-3.38627 0.00000 -3.38627 -3.38627
-2.49451 0.00000 -2.49451 -2.49451
-3.57601 0.00000 -3.57601 -3.57601
-3.51501 0.00000 -3.51501 -3.51501
-1.75649 0.00000 -1.75649 -1.75649
1.68114 0.00000 1.68114 1.68114
-0.22828 0.00000 -0.22828 -0.22828
-1.24854 0.00000 -1.24854 -1.24854
-0.91159 0.00000 -0.91159 -0.91159
-3.15225 0.00000 -3.15225 -3.15225
-0.41970 0.00000 -0.41970 -0.41970
-1.25042 0.00000 -1.25042 -1.25042
0.00860 0.00000 0.00860 0.00860
-0.18266 0.00000 -0.18266 -0.18266
-1.34633 0.00000 -1.34633 -1.34633
-1.58561 0.00000 -1.58561 -1.58561
-0.90150 0.00000 -0.90150 -0.90150
