# avg	std	min	max
1.67230 0.00000 1.67230 1.67230
0.79907 0.00000 0.79907 0.79907
3.40277 0.00000 3.40277 3.40277
0.47153 0.00000 0.47153 0.47153
3.98822 0.00000 3.98822 3.98822
0.28741 0.00000 0.28741 0.28741
1.38911 0.00000 1.38911 1.38911
1.48163 0.00000 1.48163 1.48163
3.85103 0.00000 3.85103 3.85103
1.54851 0.00000 1.54851 1.54851
2.59568 0.00000 2.59568 2.59568
1.11543 0.00000 1.11543 1.11543
4.72741 0.00000 4.72741 4.72741
0.69007 0.00000 0.69007 0.69007
1.70130 0.00000 1.70130 1.70130
-0.00019 0.00000 -0.00019 -0.00019
1.74940 0.00000 1.74940 1.74940
0.92517 0.00000 0.92517 0.92517
0.77397 0.00000 0.77397 0.77397
4.37591 0.00000 4.37591 4.37591
