# avg	std	min	max
-0.64428 0.00000 -0.64428 -0.64428
-0.70985 0.00000 -0.70985 -0.70985
0.38702 0.00000 0.38702 0.38702
-0.65212 0.00000 -0.65212 -0.65212
0.34489 0.00000 0.34489 0.34489
-0.90168 0.00000 -0.90168 -0.90168
-0.15834 0.00000 -0.15834 -0.15834
0.06533 0.00000 0.06533 0.06533
1.77952 0.00000 1.77952 1.77952
-0.65032 0.00000 -0.65032 -0.65032
-0.13925 0.00000 -0.13925 -0.13925
0.01270 0.00000 0.01270 0.01270
-0.10560 0.00000 -0.10560 -0.10560
-0.13272 0.00000 -0.13272 -0.13272
-0.97583 0.00000 -0.97583 -0.97583
0.71134 0.00000 0.71134 0.71134
-0.00558 0.00000 -0.00558 -0.00558
-0.85009 0.00000 -0.85009 -0.85009
-0.57462 0.00000 -0.57462 -0.57462
0.26914 0.00000 0.26914 0.26914
