# avg	std	min	max
-0.29171 0.00000 -0.29171 -0.29171
-0.58914 0.00000 -0.58914 -0.58914
-1.39984 0.00000 -1.39984 -1.39984
-2.44155 0.00000 -2.44155 -2.44155
-2.15737 0.00000 -2.15737 -2.15737
-2.68802 0.00000 -2.68802 -2.68802
-1.62879 0.00000 -1.62879 -1.62879
-1.91143 0.00000 -1.91143 -1.91143
-0.16986 0.00000 -0.16986 -0.16986
-0.51673 0.00000 -0.51673 -0.51673
-1.30802 0.00000 -1.30802 -1.30802
-0.80983 0.00000 -0.80983 -0.80983
-1.22943 0.00000 -1.22943 -1.22943
-0.58906 0.00000 -0.58906 -0.58906
-0.95613 0.00000 -0.95613 -0.95613
0.67570 0.00000 0.67570 0.67570
0.00000 0.00000 0.00000 0.00000
-1.11843 0.00000 -1.11843 -1.11843
-1.61693 0.00000 -1.61693 -1.61693
-0.12238 0.00000 -0.12238 -0.12238
