# avg	std	min	max
0.31865 0.00000 0.31865 0.31865
-0.20505 0.00000 -0.20505 -0.20505
0.14197 0.00000 0.14197 0.14197
-0.66379 0.00000 -0.66379 -0.66379
-0.30564 0.00000 -0.30564 -0.30564
-0.86423 0.00000 -0.86423 -0.86423
-0.75635 0.00000 -0.75635 -0.75635
-0.69703 0.00000 -0.69703 -0.69703
0.46928 0.00000 0.46928 0.46928
0.09179 0.00000 0.09179 0.09179
-0.12834 0.00000 -0.12834 -0.12834
0.03771 0.00000 0.03771 0.03771
-0.55752 0.00000 -0.55752 -0.55752
-0.13691 0.00000 -0.13691 -0.13691
-0.61094 0.00000 -0.61094 -0.61094
0.69174 0.00000 0.69174 0.69174
-0.00250 0.00000 -0.00250 -0.00250
-0.49741 0.00000 -0.49741 -0.49741
-0.68697 0.00000 -0.68697 -0.68697
-0.38864 0.00000 -0.38864 -0.38864
