# avg	std	min	max
1.13685 0.00000 1.13685 1.13685
-0.34783 0.00000 -0.34783 -0.34783
0.27800 0.00000 0.27800 0.27800
-0.76746 0.00000 -0.76746 -0.76746
-0.12171 0.00000 -0.12171 -0.12171
-0.98124 0.00000 -0.98124 -0.98124
0.21941 0.00000 0.21941 0.21941
0.53339 0.00000 0.53339 0.53339
1.11353 0.00000 1.11353 1.11353
-0.42634 0.00000 -0.42634 -0.42634
0.43394 0.00000 0.43394 0.43394
-0.78042 0.00000 -0.78042 -0.78042
0.04605 0.00000 0.04605 0.04605
-0.01646 0.00000 -0.01646 -0.01646
-0.60274 0.00000 -0.60274 -0.60274
-0.21624 0.00000 -0.21624 -0.21624
-0.07010 0.00000 -0.07010 -0.07010
-0.12264 0.00000 -0.12264 -0.12264
-0.01190 0.00000 -0.01190 -0.01190
0.48091 0.00000 0.48091 0.48091
