# avg	std	min	max
0.31035 0.00000 0.31035 0.31035
-0.27522 0.00000 -0.27522 -0.27522
-0.02661 0.00000 -0.02661 -0.02661
-0.74370 0.00000 -0.74370 -0.74370
-0.31006 0.00000 -0.31006 -0.31006
-0.88758 0.00000 -0.88758 -0.88758
-1.09462 0.00000 -1.09462 -1.09462
-1.46949 0.00000 -1.46949 -1.46949
-0.26338 0.00000 -0.26338 -0.26338
0.72889 0.00000 0.72889 0.72889
0.69958 0.00000 0.69958 0.69958
0.18321 0.00000 0.18321 0.18321
-0.67246 0.00000 -0.67246 -0.67246
0.72378 0.00000 0.72378 0.72378
0.37488 0.00000 0.37488 0.37488
0.46398 0.00000 0.46398 0.46398
-0.02566 0.00000 -0.02566 -0.02566
0.31918 0.00000 0.31918 0.31918
0.28236 0.00000 0.28236 0.28236
1.13251 0.00000 1.13251 1.13251
