# avg	std	min	max
0.70363 0.00000 0.70363 0.70363
-1.22798 0.00000 -1.22798 -1.22798
-1.10809 0.00000 -1.10809 -1.10809
-1.00893 0.00000 -1.00893 -1.00893
-0.83457 0.00000 -0.83457 -0.83457
-1.13570 0.00000 -1.13570 -1.13570
0.24539 0.00000 0.24539 0.24539
-1.23839 0.00000 -1.23839 -1.23839
-1.56205 0.00000 -1.56205 -1.56205
0.39669 0.00000 0.39669 0.39669
-1.18827 0.00000 -1.18827 -1.18827
0.29565 0.00000 0.29565 0.29565
0.21246 0.00000 0.21246 0.21246
-1.07050 0.00000 -1.07050 -1.07050
-1.10862 0.00000 -1.10862 -1.10862
-1.42598 0.00000 -1.42598 -1.42598
-0.02156 0.00000 -0.02156 -0.02156
-1.16180 0.00000 -1.16180 -1.16180
-1.25507 0.00000 -1.25507 -1.25507
0.28589 0.00000 0.28589 0.28589
