# avg	std	min	max
-0.82649 0.00000 -0.82649 -0.82649
-0.29575 0.00000 -0.29575 -0.29575
0.29266 0.00000 0.29266 0.29266
-0.79331 0.00000 -0.79331 -0.79331
-0.00993 0.00000 -0.00993 -0.00993
-0.42541 0.00000 -0.42541 -0.42541
0.05521 0.00000 0.05521 0.05521
1.56007 0.00000 1.56007 1.56007
-0.69969 0.00000 -0.69969 -0.69969
-0.71980 0.00000 -0.71980 -0.71980
0.35409 0.00000 0.35409 0.35409
-0.65623 0.00000 -0.65623 -0.65623
0.37095 0.00000 0.37095 0.37095
-0.21060 0.00000 -0.21060 -0.21060
-0.55856 0.00000 -0.55856 -0.55856
-0.29210 0.00000 -0.29210 -0.29210
0.00102 0.00000 0.00102 0.00102
0.30972 0.00000 0.30972 0.30972
0.09190 0.00000 0.09190 0.09190
0.99227 0.00000 0.99227 0.99227
