# avg	std	min	max
0.10536 0.00000 0.10536 0.10536
0.38950 0.00000 0.38950 0.38950
0.57471 0.00000 0.57471 0.57471
0.22877 0.00000 0.22877 0.22877
0.59700 0.00000 0.59700 0.59700
-0.37978 0.00000 -0.37978 -0.37978
0.28183 0.00000 0.28183 0.28183
-0.27333 0.00000 -0.27333 -0.27333
-0.34956 0.00000 -0.34956 -0.34956
0.28144 0.00000 0.28144 0.28144
0.71562 0.00000 0.71562 0.71562
0.68070 0.00000 0.68070 0.68070
0.36578 0.00000 0.36578 0.36578
0.30016 0.00000 0.30016 0.30016
0.20585 0.00000 0.20585 0.20585
-0.38886 0.00000 -0.38886 -0.38886
-0.02953 0.00000 -0.02953 -0.02953
0.23711 0.00000 0.23711 0.23711
0.26866 0.00000 0.26866 0.26866
0.69142 0.00000 0.69142 0.69142
