# avg	std	min	max
0.92922 0.00000 0.92922 0.92922
0.95383 0.00000 0.95383 0.95383
0.66186 0.00000 0.66186 0.66186
0.55367 0.00000 0.55367 0.55367
0.82605 0.00000 0.82605 0.82605
0.59284 0.00000 0.59284 0.59284
0.26729 0.00000 0.26729 0.26729
0.44190 0.00000 0.44190 0.44190
2.37378 0.00000 2.37378 2.37378
0.74042 0.00000 0.74042 0.74042
0.57869 0.00000 0.57869 0.57869
0.71038 0.00000 0.71038 0.71038
0.37240 0.00000 0.37240 0.37240
0.34843 0.00000 0.34843 0.34843
0.17067 0.00000 0.17067 0.17067
0.56434 0.00000 0.56434 0.56434
-0.00945 0.00000 -0.00945 -0.00945
0.37526 0.00000 0.37526 0.37526
0.33475 0.00000 0.33475 0.33475
0.47025 0.00000 0.47025 0.47025
