# avg	std	min	max
0.35970 0.00000 0.35970 0.35970
0.83112 0.00000 0.83112 0.83112
1.15608 0.00000 1.15608 1.15608
0.83893 0.00000 0.83893 0.83893
1.09706 0.00000 1.09706 1.09706
0.62305 0.00000 0.62305 0.62305
0.30435 0.00000 0.30435 0.30435
0.59430 0.00000 0.59430 0.59430
4.30738 0.00000 4.30738 4.30738
0.47932 0.00000 0.47932 0.47932
0.58135 0.00000 0.58135 0.58135
0.89766 0.00000 0.89766 0.89766
0.50855 0.00000 0.50855 0.50855
-0.71004 0.00000 -0.71004 -0.71004
0.24294 0.00000 0.24294 0.24294
-0.28854 0.00000 -0.28854 -0.28854
-0.02465 0.00000 -0.02465 -0.02465
0.75205 0.00000 0.75205 0.75205
0.74310 0.00000 0.74310 0.74310
0.75928 0.00000 0.75928 0.75928
