# avg	std	min	max
0.83713 0.00000 0.83713 0.83713
-0.47807 0.00000 -0.47807 -0.47807
-0.89350 0.00000 -0.89350 -0.89350
-2.26611 0.00000 -2.26611 -2.26611
-1.10693 0.00000 -1.10693 -1.10693
-2.18582 0.00000 -2.18582 -2.18582
-2.68474 0.00000 -2.68474 -2.68474
-1.90130 0.00000 -1.90130 -1.90130
2.07360 0.00000 2.07360 2.07360
-0.44099 0.00000 -0.44099 -0.44099
-1.23410 0.00000 -1.23410 -1.23410
-0.82709 0.00000 -0.82709 -0.82709
-2.28064 0.00000 -2.28064 -2.28064
-0.29503 0.00000 -0.29503 -0.29503
-1.02683 0.00000 -1.02683 -1.02683
-0.30934 0.00000 -0.30934 -0.30934
-0.02499 0.00000 -0.02499 -0.02499
-1.85210 0.00000 -1.85210 -1.85210
-2.09913 0.00000 -2.09913 -2.09913
-1.16502 0.00000 -1.16502 -1.16502
