# avg	std	min	max
0.05618 0.00000 0.05618 0.05618
-0.18399 0.00000 -0.18399 -0.18399
0.25235 0.00000 0.25235 0.25235
-0.31061 0.00000 -0.31061 -0.31061
-0.12743 0.00000 -0.12743 -0.12743
-0.43975 0.00000 -0.43975 -0.43975
0.22387 0.00000 0.22387 0.22387
0.07939 0.00000 0.07939 0.07939
-0.92130 0.00000 -0.92130 -0.92130
-0.01405 0.00000 -0.01405 -0.01405
-0.03088 0.00000 -0.03088 -0.03088
-0.66942 0.00000 -0.66942 -0.66942
0.25888 0.00000 0.25888 0.25888
0.12414 0.00000 0.12414 0.12414
-0.26745 0.00000 -0.26745 -0.26745
0.33510 0.00000 0.33510 0.33510
0.00159 0.00000 0.00159 0.00159
-1.13643 0.00000 -1.13643 -1.13643
-0.98134 0.00000 -0.98134 -0.98134
-0.33437 0.00000 -0.33437 -0.33437
