# avg	std	min	max
-3.06261 0.00000 -3.06261 -3.06261
-2.48621 0.00000 -2.48621 -2.48621
-2.23043 0.00000 -2.23043 -2.23043
-2.86619 0.00000 -2.86619 -2.86619
-1.92763 0.00000 -1.92763 -1.92763
-4.71353 0.00000 -4.71353 -4.71353
-0.73516 0.00000 -0.73516 -0.73516
2.50147 0.00000 2.50147 2.50147
0.55432 0.00000 0.55432 0.55432
-2.31201 0.00000 -2.31201 -2.31201
-1.86279 0.00000 -1.86279 -1.86279
-2.76558 0.00000 -2.76558 -2.76558
1.11894 0.00000 1.11894 1.11894
-2.97363 0.00000 -2.97363 -2.97363
-1.82684 0.00000 -1.82684 -1.82684
-0.12688 0.00000 -0.12688 -0.12688
-0.01491 0.00000 -0.01491 -0.01491
-2.20198 0.00000 -2.20198 -2.20198
0.79424 0.00000 0.79424 0.79424
3.57017 0.00000 3.57017 3.57017
