# avg	std	min	max
-0.52733 0.00000 -0.52733 -0.52733
-0.89736 0.00000 -0.89736 -0.89736
-0.62129 0.00000 -0.62129 -0.62129
-0.90970 0.00000 -0.90970 -0.90970
-0.90323 0.00000 -0.90323 -0.90323
-1.00747 0.00000 -1.00747 -1.00747
-1.13313 0.00000 -1.13313 -1.13313
-0.35491 0.00000 -0.35491 -0.35491
-1.56817 0.00000 -1.56817 -1.56817
-0.98179 0.00000 -0.98179 -0.98179
-0.85554 0.00000 -0.85554 -0.85554
-0.49553 0.00000 -0.49553 -0.49553
-0.28644 0.00000 -0.28644 -0.28644
-0.79994 0.00000 -0.79994 -0.79994
-1.01729 0.00000 -1.01729 -1.01729
0.29032 0.00000 0.29032 0.29032
-0.03252 0.00000 -0.03252 -0.03252
-0.78068 0.00000 -0.78068 -0.78068
-0.28288 0.00000 -0.28288 -0.28288
-0.53091 0.00000 -0.53091 -0.53091
