# avg	std	min	max
0.52930 0.00000 0.52930 0.52930
1.62414 0.00000 1.62414 1.62414
1.33311 0.00000 1.33311 1.33311
1.26836 0.00000 1.26836 1.26836
0.68058 0.00000 0.68058 0.68058
1.01459 0.00000 1.01459 1.01459
-0.08672 0.00000 -0.08672 -0.08672
-0.12175 0.00000 -0.12175 -0.12175
1.97523 0.00000 1.97523 1.97523
0.51490 0.00000 0.51490 0.51490
1.30921 0.00000 1.30921 1.30921
0.27969 0.00000 0.27969 0.27969
-0.12050 0.00000 -0.12050 -0.12050
-0.33080 0.00000 -0.33080 -0.33080
-0.38270 0.00000 -0.38270 -0.38270
-0.46940 0.00000 -0.46940 -0.46940
-0.02505 0.00000 -0.02505 -0.02505
-0.73731 0.00000 -0.73731 -0.73731
-0.36160 0.00000 -0.36160 -0.36160
-0.08079 0.00000 -0.08079 -0.08079
