# avg	std	min	max
1.04466 0.00000 1.04466 1.04466
0.20554 0.00000 0.20554 0.20554
0.83952 0.00000 0.83952 0.83952
0.42460 0.00000 0.42460 0.42460
0.63067 0.00000 0.63067 0.63067
-0.14468 0.00000 -0.14468 -0.14468
0.02777 0.00000 0.02777 0.02777
-0.00708 0.00000 -0.00708 -0.00708
-0.71865 0.00000 -0.71865 -0.71865
0.18673 0.00000 0.18673 0.18673
0.14903 0.00000 0.14903 0.14903
0.64824 0.00000 0.64824 0.64824
-0.68202 0.00000 -0.68202 -0.68202
0.11266 0.00000 0.11266 0.11266
0.09736 0.00000 0.09736 0.09736
1.43535 0.00000 1.43535 1.43535
-0.08609 0.00000 -0.08609 -0.08609
-0.29154 0.00000 -0.29154 -0.29154
-0.47804 0.00000 -0.47804 -0.47804
-1.00664 0.00000 -1.00664 -1.00664
