# avg	std	min	max
0.22938 0.00000 0.22938 0.22938
0.17811 0.00000 0.17811 0.17811
0.72036 0.00000 0.72036 0.72036
-0.67134 0.00000 -0.67134 -0.67134
-0.39043 0.00000 -0.39043 -0.39043
-0.23202 0.00000 -0.23202 -0.23202
-0.16604 0.00000 -0.16604 -0.16604
-0.00687 0.00000 -0.00687 -0.00687
-0.18991 0.00000 -0.18991 -0.18991
0.29634 0.00000 0.29634 0.29634
0.35783 0.00000 0.35783 0.35783
0.16181 0.00000 0.16181 0.16181
-0.06157 0.00000 -0.06157 -0.06157
0.28971 0.00000 0.28971 0.28971
-1.28126 0.00000 -1.28126 -1.28126
0.13037 0.00000 0.13037 0.13037
-0.00054 0.00000 -0.00054 -0.00054
-0.11971 0.00000 -0.11971 -0.11971
-1.13905 0.00000 -1.13905 -1.13905
0.23853 0.00000 0.23853 0.23853
