# avg	std	min	max
0.43255 0.00000 0.43255 0.43255
0.41555 0.00000 0.41555 0.41555
1.30555 0.00000 1.30555 1.30555
-0.03145 0.00000 -0.03145 -0.03145
0.85120 0.00000 0.85120 0.85120
0.12804 0.00000 0.12804 0.12804
0.17697 0.00000 0.17697 0.17697
0.98406 0.00000 0.98406 0.98406
-1.24062 0.00000 -1.24062 -1.24062
0.06811 0.00000 0.06811 0.06811
1.27430 0.00000 1.27430 1.27430
0.78365 0.00000 0.78365 0.78365
0.37810 0.00000 0.37810 0.37810
0.14523 0.00000 0.14523 0.14523
0.35993 0.00000 0.35993 0.35993
-0.31837 0.00000 -0.31837 -0.31837
-0.00000 0.00000 -0.00000 -0.00000
0.11937 0.00000 0.11937 0.11937
0.09946 0.00000 0.09946 0.09946
0.96192 0.00000 0.96192 0.96192
