# avg	std	min	max
0.94186 0.00000 0.94186 0.94186
1.01405 0.00000 1.01405 1.01405
0.95887 0.00000 0.95887 0.95887
0.30937 0.00000 0.30937 0.30937
0.49783 0.00000 0.49783 0.49783
0.36773 0.00000 0.36773 0.36773
-0.02949 0.00000 -0.02949 -0.02949
0.55705 0.00000 0.55705 0.55705
0.24083 0.00000 0.24083 0.24083
0.80815 0.00000 0.80815 0.80815
0.32300 0.00000 0.32300 0.32300
0.94430 0.00000 0.94430 0.94430
0.18341 0.00000 0.18341 0.18341
0.60720 0.00000 0.60720 0.60720
0.84898 0.00000 0.84898 0.84898
0.42902 0.00000 0.42902 0.42902
-0.01431 0.00000 -0.01431 -0.01431
-0.01363 0.00000 -0.01363 -0.01363
0.12180 0.00000 0.12180 0.12180
0.73323 0.00000 0.73323 0.73323
