# avg	std	min	max
-0.25996 0.00000 -0.25996 -0.25996
-1.18808 0.00000 -1.18808 -1.18808
1.38295 0.00000 1.38295 1.38295
-2.15817 0.00000 -2.15817 -2.15817
1.50820 0.00000 1.50820 1.50820
-1.97800 0.00000 -1.97800 -1.97800
0.84520 0.00000 0.84520 0.84520
4.39569 0.00000 4.39569 4.39569
2.94586 0.00000 2.94586 2.94586
-0.94299 0.00000 -0.94299 -0.94299
-0.46561 0.00000 -0.46561 -0.46561
-2.53062 0.00000 -2.53062 -2.53062
0.62268 0.00000 0.62268 0.62268
-0.96811 0.00000 -0.96811 -0.96811
-0.21559 0.00000 -0.21559 -0.21559
-0.19813 0.00000 -0.19813 -0.19813
-0.01965 0.00000 -0.01965 -0.01965
-0.88228 0.00000 -0.88228 -0.88228
-0.43242 0.00000 -0.43242 -0.43242
0.52978 0.00000 0.52978 0.52978
