# avg	std	min	max
0.37006 0.00000 0.37006 0.37006
0.83392 0.00000 0.83392 0.83392
0.03374 0.00000 0.03374 0.03374
-1.28584 0.00000 -1.28584 -1.28584
-0.43216 0.00000 -0.43216 -0.43216
-0.75092 0.00000 -0.75092 -0.75092
-1.48894 0.00000 -1.48894 -1.48894
1.07038 0.00000 1.07038 1.07038
2.44241 0.00000 2.44241 2.44241
0.53668 0.00000 0.53668 0.53668
-0.11041 0.00000 -0.11041 -0.11041
0.36777 0.00000 0.36777 0.36777
3.85733 0.00000 3.85733 3.85733
0.63973 0.00000 0.63973 0.63973
-0.20997 0.00000 -0.20997 -0.20997
1.18353 0.00000 1.18353 1.18353
0.00000 0.00000 0.00000 0.00000
-1.45121 0.00000 -1.45121 -1.45121
-0.17984 0.00000 -0.17984 -0.17984
-0.39431 0.00000 -0.39431 -0.39431
