# avg	std	min	max
0.78797 0.00000 0.78797 0.78797
-0.23995 0.00000 -0.23995 -0.23995
0.57177 0.00000 0.57177 0.57177
-0.79881 0.00000 -0.79881 -0.79881
0.43787 0.00000 0.43787 0.43787
-1.16529 0.00000 -1.16529 -1.16529
-0.83454 0.00000 -0.83454 -0.83454
-1.72598 0.00000 -1.72598 -1.72598
4.95042 0.00000 4.95042 4.95042
0.11961 0.00000 0.11961 0.11961
2.13608 0.00000 2.13608 2.13608
0.77954 0.00000 0.77954 0.77954
-0.57310 0.00000 -0.57310 -0.57310
0.52595 0.00000 0.52595 0.52595
-0.01951 0.00000 -0.01951 -0.01951
0.37954 0.00000 0.37954 0.37954
-0.00096 0.00000 -0.00096 -0.00096
-0.03190 0.00000 -0.03190 -0.03190
0.19627 0.00000 0.19627 0.19627
0.24054 0.00000 0.24054 0.24054
