# avg	std	min	max
0.86583 0.00000 0.86583 0.86583
-0.05008 0.00000 -0.05008 -0.05008
-0.17420 0.00000 -0.17420 -0.17420
-0.57513 0.00000 -0.57513 -0.57513
-0.65851 0.00000 -0.65851 -0.65851
-0.95850 0.00000 -0.95850 -0.95850
-0.74272 0.00000 -0.74272 -0.74272
-0.19252 0.00000 -0.19252 -0.19252
0.87671 0.00000 0.87671 0.87671
0.16802 0.00000 0.16802 0.16802
-0.02901 0.00000 -0.02901 -0.02901
0.28513 0.00000 0.28513 0.28513
-0.39504 0.00000 -0.39504 -0.39504
0.46091 0.00000 0.46091 0.46091
-0.15645 0.00000 -0.15645 -0.15645
0.82015 0.00000 0.82015 0.82015
-0.00255 0.00000 -0.00255 -0.00255
-0.83978 0.00000 -0.83978 -0.83978
-0.72873 0.00000 -0.72873 -0.72873
-0.07156 0.00000 -0.07156 -0.07156
