# avg	std	min	max
0.50612 0.00000 0.50612 0.50612
-0.50035 0.00000 -0.50035 -0.50035
0.00278 0.00000 0.00278 0.00278
-1.06161 0.00000 -1.06161 -1.06161
-0.52713 0.00000 -0.52713 -0.52713
-0.88186 0.00000 -0.88186 -0.88186
-1.61368 0.00000 -1.61368 -1.61368
-1.03787 0.00000 -1.03787 -1.03787
-1.42731 0.00000 -1.42731 -1.42731
-0.39851 0.00000 -0.39851 -0.39851
-0.30894 0.00000 -0.30894 -0.30894
0.21732 0.00000 0.21732 0.21732
-1.15251 0.00000 -1.15251 -1.15251
0.14716 0.00000 0.14716 0.14716
-0.48563 0.00000 -0.48563 -0.48563
0.54038 0.00000 0.54038 0.54038
-0.01225 0.00000 -0.01225 -0.01225
-0.97637 0.00000 -0.97637 -0.97637
-0.84608 0.00000 -0.84608 -0.84608
0.07578 0.00000 0.07578 0.07578
