# avg	std	min	max
-0.08668 0.00000 -0.08668 -0.08668
-0.51949 0.00000 -0.51949 -0.51949
0.28532 0.00000 0.28532 0.28532
-0.22400 0.00000 -0.22400 -0.22400
0.12337 0.00000 0.12337 0.12337
-0.14574 0.00000 -0.14574 -0.14574
-0.13925 0.00000 -0.13925 -0.13925
0.04782 0.00000 0.04782 0.04782
1.37493 0.00000 1.37493 1.37493
-0.69988 0.00000 -0.69988 -0.69988
-0.22610 0.00000 -0.22610 -0.22610
-0.03151 0.00000 -0.03151 -0.03151
-0.08214 0.00000 -0.08214 -0.08214
-0.25099 0.00000 -0.25099 -0.25099
-0.47408 0.00000 -0.47408 -0.47408
0.18134 0.00000 0.18134 0.18134
-0.00686 0.00000 -0.00686 -0.00686
-0.62943 0.00000 -0.62943 -0.62943
-1.10944 0.00000 -1.10944 -1.10944
-0.57440 0.00000 -0.57440 -0.57440
