# avg	std	min	max
1.35526 0.00000 1.35526 1.35526
0.39437 0.00000 0.39437 0.39437
0.77082 0.00000 0.77082 0.77082
0.12090 0.00000 0.12090 0.12090
0.60832 0.00000 0.60832 0.60832
0.51767 0.00000 0.51767 0.51767
-0.96631 0.00000 -0.96631 -0.96631
1.11021 0.00000 1.11021 1.11021
3.76455 0.00000 3.76455 3.76455
0.82003 0.00000 0.82003 0.82003
1.88867 0.00000 1.88867 1.88867
0.90260 0.00000 0.90260 0.90260
-0.02308 0.00000 -0.02308 -0.02308
0.70212 0.00000 0.70212 0.70212
0.37904 0.00000 0.37904 0.37904
0.99886 0.00000 0.99886 0.99886
-0.02245 0.00000 -0.02245 -0.02245
0.37228 0.00000 0.37228 0.37228
0.13272 0.00000 0.13272 0.13272
1.22639 0.00000 1.22639 1.22639
