# avg	std	min	max
0.47612 0.00000 0.47612 0.47612
0.26704 0.00000 0.26704 0.26704
0.47858 0.00000 0.47858 0.47858
0.27325 0.00000 0.27325 0.27325
0.44678 0.00000 0.44678 0.44678
0.23341 0.00000 0.23341 0.23341
0.14235 0.00000 0.14235 0.14235
0.30311 0.00000 0.30311 0.30311
-0.34981 0.00000 -0.34981 -0.34981
0.48165 0.00000 0.48165 0.48165
0.38162 0.00000 0.38162 0.38162
0.56273 0.00000 0.56273 0.56273
0.21794 0.00000 0.21794 0.21794
0.58355 0.00000 0.58355 0.58355
0.29390 0.00000 0.29390 0.29390
-0.08664 0.00000 -0.08664 -0.08664
-0.00000 0.00000 -0.00000 -0.00000
0.28961 0.00000 0.28961 0.28961
0.38717 0.00000 0.38717 0.38717
0.42462 0.00000 0.42462 0.42462
