# avg	std	min	max
1.33935 0.00000 1.33935 1.33935
0.35628 0.00000 0.35628 0.35628
0.72725 0.00000 0.72725 0.72725
-0.35177 0.00000 -0.35177 -0.35177
0.23241 0.00000 0.23241 0.23241
-0.36184 0.00000 -0.36184 -0.36184
-0.08325 0.00000 -0.08325 -0.08325
0.05802 0.00000 0.05802 0.05802
1.36532 0.00000 1.36532 1.36532
1.03795 0.00000 1.03795 1.03795
0.47686 0.00000 0.47686 0.47686
0.94140 0.00000 0.94140 0.94140
0.00451 0.00000 0.00451 0.00451
0.54964 0.00000 0.54964 0.54964
0.22573 0.00000 0.22573 0.22573
0.50621 0.00000 0.50621 0.50621
-0.00119 0.00000 -0.00119 -0.00119
0.00283 0.00000 0.00283 0.00283
0.01601 0.00000 0.01601 0.01601
0.65464 0.00000 0.65464 0.65464
