# avg	std	min	max
0.39921 0.00000 0.39921 0.39921
-0.67471 0.00000 -0.67471 -0.67471
1.65194 0.00000 1.65194 1.65194
-1.15124 0.00000 -1.15124 -1.15124
1.26684 0.00000 1.26684 1.26684
-2.10081 0.00000 -2.10081 -2.10081
7.27952 0.00000 7.27952 7.27952
6.25681 0.00000 6.25681 6.25681
3.31371 0.00000 3.31371 3.31371
1.25283 0.00000 1.25283 1.25283
1.57248 0.00000 1.57248 1.57248
0.31005 0.00000 0.31005 0.31005
10.14786 0.00000 10.14786 10.14786
0.92712 0.00000 0.92712 0.92712
-0.62028 0.00000 -0.62028 -0.62028
0.97545 0.00000 0.97545 0.97545
-0.00836 0.00000 -0.00836 -0.00836
-1.32492 0.00000 -1.32492 -1.32492
-1.10454 0.00000 -1.10454 -1.10454
5.05269 0.00000 5.05269 5.05269
