# avg	std	min	max
0.76099 0.00000 0.76099 0.76099
-0.16297 0.00000 -0.16297 -0.16297
-0.37700 0.00000 -0.37700 -0.37700
-1.09469 0.00000 -1.09469 -1.09469
-0.94066 0.00000 -0.94066 -0.94066
-1.08992 0.00000 -1.08992 -1.08992
-0.17575 0.00000 -0.17575 -0.17575
-0.00216 0.00000 -0.00216 -0.00216
4.30584 0.00000 4.30584 4.30584
0.26576 0.00000 0.26576 0.26576
0.11267 0.00000 0.11267 0.11267
0.52572 0.00000 0.52572 0.52572
0.26372 0.00000 0.26372 0.26372
0.43729 0.00000 0.43729 0.43729
-0.05838 0.00000 -0.05838 -0.05838
1.86374 0.00000 1.86374 1.86374
-0.00661 0.00000 -0.00661 -0.00661
-0.36625 0.00000 -0.36625 -0.36625
0.02871 0.00000 0.02871 0.02871
1.03785 0.00000 1.03785 1.03785
