# avg	std	min	max
5.14464 0.00000 5.14464 5.14464
3.71056 0.00000 3.71056 3.71056
2.35353 0.00000 2.35353 2.35353
1.57468 0.00000 1.57468 1.57468
3.09736 0.00000 3.09736 3.09736
0.65784 0.00000 0.65784 0.65784
-0.00757 0.00000 -0.00757 -0.00757
5.98155 0.00000 5.98155 5.98155
3.80883 0.00000 3.80883 3.80883
3.98722 0.00000 3.98722 3.98722
3.15011 0.00000 3.15011 3.15011
4.23247 0.00000 4.23247 4.23247
1.35504 0.00000 1.35504 1.35504
4.42501 0.00000 4.42501 4.42501
3.12953 0.00000 3.12953 3.12953
5.00437 0.00000 5.00437 5.00437
2.90980 0.00000 2.90980 2.90980
4.60392 0.00000 4.60392 4.60392
6.48750 0.00000 6.48750 6.48750
3.54848 0.00000 3.54848 3.54848
