# avg	std	min	max
0.96537 0.00000 0.96537 0.96537
0.59661 0.00000 0.59661 0.59661
0.55624 0.00000 0.55624 0.55624
0.13618 0.00000 0.13618 0.13618
0.89916 0.00000 0.89916 0.89916
0.24080 0.00000 0.24080 0.24080
-0.00274 0.00000 -0.00274 -0.00274
-0.57400 0.00000 -0.57400 -0.57400
1.00363 0.00000 1.00363 1.00363
0.97172 0.00000 0.97172 0.97172
1.13265 0.00000 1.13265 1.13265
0.35134 0.00000 0.35134 0.35134
0.02373 0.00000 0.02373 0.02373
0.20957 0.00000 0.20957 0.20957
0.65798 0.00000 0.65798 0.65798
1.83185 0.00000 1.83185 1.83185
1.31495 0.00000 1.31495 1.31495
0.23016 0.00000 0.23016 0.23016
0.21525 0.00000 0.21525 0.21525
0.28178 0.00000 0.28178 0.28178
