# avg	std	min	max
1.09603 0.00000 1.09603 1.09603
1.13167 0.00000 1.13167 1.13167
1.81040 0.00000 1.81040 1.81040
0.45722 0.00000 0.45722 0.45722
1.28254 0.00000 1.28254 1.28254
0.25272 0.00000 0.25272 0.25272
0.00906 0.00000 0.00906 0.00906
0.20103 0.00000 0.20103 0.20103
1.50610 0.00000 1.50610 1.50610
0.53518 0.00000 0.53518 0.53518
0.61436 0.00000 0.61436 0.61436
1.00968 0.00000 1.00968 1.00968
0.06502 0.00000 0.06502 0.06502
0.64136 0.00000 0.64136 0.64136
0.77417 0.00000 0.77417 0.77417
0.33994 0.00000 0.33994 0.33994
0.72014 0.00000 0.72014 0.72014
0.39757 0.00000 0.39757 0.39757
0.49546 0.00000 0.49546 0.49546
0.68624 0.00000 0.68624 0.68624
