# avg	std	min	max
1.11469 0.00000 1.11469 1.11469
0.19930 0.00000 0.19930 0.19930
0.99780 0.00000 0.99780 0.99780
-1.11182 0.00000 -1.11182 -1.11182
0.56680 0.00000 0.56680 0.56680
-1.03479 0.00000 -1.03479 -1.03479
-0.00647 0.00000 -0.00647 -0.00647
-0.29321 0.00000 -0.29321 -0.29321
1.69795 0.00000 1.69795 1.69795
0.94261 0.00000 0.94261 0.94261
1.28552 0.00000 1.28552 1.28552
0.31638 0.00000 0.31638 0.31638
0.05571 0.00000 0.05571 0.05571
0.38406 0.00000 0.38406 0.38406
0.03534 0.00000 0.03534 0.03534
1.20703 0.00000 1.20703 1.20703
0.92321 0.00000 0.92321 0.92321
1.07688 0.00000 1.07688 1.07688
1.95837 0.00000 1.95837 1.95837
-0.26144 0.00000 -0.26144 -0.26144
