# avg	std	min	max
5.20172 0.00000 5.20172 5.20172
4.06240 0.00000 4.06240 4.06240
3.91090 0.00000 3.91090 3.91090
1.43564 0.00000 1.43564 1.43564
3.60929 0.00000 3.60929 3.60929
1.34836 0.00000 1.34836 1.34836
-0.01658 0.00000 -0.01658 -0.01658
0.00827 0.00000 0.00827 0.00827
3.96380 0.00000 3.96380 3.96380
4.39967 0.00000 4.39967 4.39967
3.49453 0.00000 3.49453 3.49453
4.27942 0.00000 4.27942 4.27942
-0.48768 0.00000 -0.48768 -0.48768
4.76748 0.00000 4.76748 4.76748
3.37462 0.00000 3.37462 3.37462
5.81286 0.00000 5.81286 5.81286
5.37470 0.00000 5.37470 5.37470
1.44973 0.00000 1.44973 1.44973
2.69179 0.00000 2.69179 2.69179
3.01922 0.00000 3.01922 3.01922
