# avg	std	min	max
3.02600 0.00000 3.02600 3.02600
1.84487 0.00000 1.84487 1.84487
2.41943 0.00000 2.41943 2.41943
0.97344 0.00000 0.97344 0.97344
2.15998 0.00000 2.15998 2.15998
0.94850 0.00000 0.94850 0.94850
-0.00658 0.00000 -0.00658 -0.00658
13.29970 0.00000 13.29970 13.29970
3.07991 0.00000 3.07991 3.07991
2.65305 0.00000 2.65305 2.65305
2.10301 0.00000 2.10301 2.10301
2.71340 0.00000 2.71340 2.71340
1.09578 0.00000 1.09578 1.09578
3.76175 0.00000 3.76175 3.76175
2.33948 0.00000 2.33948 2.33948
4.78715 0.00000 4.78715 4.78715
3.73839 0.00000 3.73839 3.73839
1.72830 0.00000 1.72830 1.72830
2.20336 0.00000 2.20336 2.20336
3.39709 0.00000 3.39709 3.39709
