# avg	std	min	max
0.00000 0.00000 0.00000 0.00000
2.78926 0.00000 2.78926 2.78926
5.31761 0.00000 5.31761 5.31761
4.43302 0.00000 4.43302 4.43302
5.28925 0.00000 5.28925 5.28925
4.26596 0.00000 4.26596 4.26596
4.23607 0.00000 4.23607 4.23607
4.31824 0.00000 4.31824 4.31824
7.90744 0.00000 7.90744 7.90744
4.32529 0.00000 4.32529 4.32529
5.05605 0.00000 5.05605 5.05605
4.31034 0.00000 4.31034 4.31034
4.29354 0.00000 4.29354 4.29354
2.97693 0.00000 2.97693 2.97693
4.32509 0.00000 4.32509 4.32509
4.20294 0.00000 4.20294 4.20294
4.23866 0.00000 4.23866 4.23866
2.88554 0.00000 2.88554 2.88554
2.89226 0.00000 2.89226 2.89226
4.45565 0.00000 4.45565 4.45565
