# avg	std	min	max
0.00000 0.00000 0.00000 0.00000
2.63902 0.00000 2.63902 2.63902
4.50735 0.00000 4.50735 4.50735
2.71736 0.00000 2.71736 2.71736
4.53641 0.00000 4.53641 4.53641
2.52592 0.00000 2.52592 2.52592
2.31471 0.00000 2.31471 2.31471
2.64122 0.00000 2.64122 2.64122
7.65276 0.00000 7.65276 7.65276
2.88163 0.00000 2.88163 2.88163
3.57058 0.00000 3.57058 3.57058
2.88967 0.00000 2.88967 2.88967
2.45110 0.00000 2.45110 2.45110
2.89083 0.00000 2.89083 2.89083
2.65001 0.00000 2.65001 2.65001
2.44002 0.00000 2.44002 2.44002
2.86048 0.00000 2.86048 2.86048
2.65990 0.00000 2.65990 2.65990
2.75229 0.00000 2.75229 2.75229
2.97157 0.00000 2.97157 2.97157
