# avg	std	min	max
0.00000 0.00000 0.00000 0.00000
0.30138 0.00000 0.30138 0.30138
0.47356 0.00000 0.47356 0.47356
0.39334 0.00000 0.39334 0.39334
0.57504 0.00000 0.57504 0.57504
0.55573 0.00000 0.55573 0.55573
0.57603 0.00000 0.57603 0.57603
0.38306 0.00000 0.38306 0.38306
0.20148 0.00000 0.20148 0.20148
0.22797 0.00000 0.22797 0.22797
0.43221 0.00000 0.43221 0.43221
0.30854 0.00000 0.30854 0.30854
0.44272 0.00000 0.44272 0.44272
0.16722 0.00000 0.16722 0.16722
0.17011 0.00000 0.17011 0.17011
0.28051 0.00000 0.28051 0.28051
0.33584 0.00000 0.33584 0.33584
0.24413 0.00000 0.24413 0.24413
0.13869 0.00000 0.13869 0.13869
0.27983 0.00000 0.27983 0.27983
