# avg	std	min	max
0.00000 0.00000 0.00000 0.00000
-0.22063 0.00000 -0.22063 -0.22063
0.04925 0.00000 0.04925 0.04925
-0.12111 0.00000 -0.12111 -0.12111
0.07187 0.00000 0.07187 0.07187
-0.07852 0.00000 -0.07852 -0.07852
-0.32800 0.00000 -0.32800 -0.32800
-0.08948 0.00000 -0.08948 -0.08948
-0.56252 0.00000 -0.56252 -0.56252
-0.09070 0.00000 -0.09070 -0.09070
0.00499 0.00000 0.00499 0.00499
0.00785 0.00000 0.00785 0.00785
-0.22744 0.00000 -0.22744 -0.22744
-0.29935 0.00000 -0.29935 -0.29935
-0.14230 0.00000 -0.14230 -0.14230
-0.76101 0.00000 -0.76101 -0.76101
-0.45490 0.00000 -0.45490 -0.45490
-0.11808 0.00000 -0.11808 -0.11808
-0.30917 0.00000 -0.30917 -0.30917
-0.02564 0.00000 -0.02564 -0.02564
