# avg	std	min	max
0.00000 0.00000 0.00000 0.00000
3.54494 0.00000 3.54494 3.54494
3.55573 0.00000 3.55573 3.55573
2.45494 0.00000 2.45494 2.45494
3.52608 0.00000 3.52608 3.52608
2.44923 0.00000 2.44923 2.44923
2.56090 0.00000 2.56090 2.56090
3.27254 0.00000 3.27254 3.27254
7.40233 0.00000 7.40233 7.40233
2.94589 0.00000 2.94589 2.94589
0.78290 0.00000 0.78290 0.78290
2.84421 0.00000 2.84421 2.84421
2.75427 0.00000 2.75427 2.75427
2.67198 0.00000 2.67198 2.67198
2.63193 0.00000 2.63193 2.63193
2.25282 0.00000 2.25282 2.25282
2.93704 0.00000 2.93704 2.93704
2.74518 0.00000 2.74518 2.74518
2.65728 0.00000 2.65728 2.65728
3.22807 0.00000 3.22807 3.22807
