# avg	std	min	max
0.00000 0.00000 0.00000 0.00000
1.07211 0.00000 1.07211 1.07211
7.55021 0.00000 7.55021 7.55021
8.62011 0.00000 8.62011 8.62011
9.12029 0.00000 9.12029 9.12029
3.97032 0.00000 3.97032 3.97032
15.79152 0.00000 15.79152 15.79152
14.89316 0.00000 14.89316 14.89316
7.67945 0.00000 7.67945 7.67945
1.79213 0.00000 1.79213 1.79213
5.09684 0.00000 5.09684 5.09684
4.27259 0.00000 4.27259 4.27259
16.94434 0.00000 16.94434 16.94434
8.99065 0.00000 8.99065 8.99065
5.80439 0.00000 5.80439 5.80439
8.63190 0.00000 8.63190 8.63190
4.56605 0.00000 4.56605 4.56605
8.07710 0.00000 8.07710 8.07710
9.01718 0.00000 9.01718 9.01718
15.22556 0.00000 15.22556 15.22556
