# avg	std	min	max
0.00000 0.00000 0.00000 0.00000
2.06120 0.00000 2.06120 2.06120
3.06446 0.00000 3.06446 3.06446
2.61284 0.00000 2.61284 2.61284
3.01991 0.00000 3.01991 3.01991
3.03028 0.00000 3.03028 3.03028
1.80680 0.00000 1.80680 1.80680
2.93876 0.00000 2.93876 2.93876
5.30183 0.00000 5.30183 5.30183
2.51180 0.00000 2.51180 2.51180
3.01014 0.00000 3.01014 3.01014
2.87907 0.00000 2.87907 2.87907
2.44843 0.00000 2.44843 2.44843
1.99650 0.00000 1.99650 1.99650
2.93031 0.00000 2.93031 2.93031
2.78735 0.00000 2.78735 2.78735
2.46450 0.00000 2.46450 2.46450
2.36784 0.00000 2.36784 2.36784
1.62072 0.00000 1.62072 1.62072
1.88122 0.00000 1.88122 1.88122
