# avg	std	min	max
-0.00000 0.00000 -0.00000 -0.00000
0.43765 0.00000 0.43765 0.43765
1.93218 0.00000 1.93218 1.93218
0.06153 0.00000 0.06153 0.06153
2.16759 0.00000 2.16759 2.16759
0.14836 0.00000 0.14836 0.14836
-0.31742 0.00000 -0.31742 -0.31742
0.49988 0.00000 0.49988 0.49988
2.38661 0.00000 2.38661 2.38661
0.27918 0.00000 0.27918 0.27918
1.71987 0.00000 1.71987 1.71987
1.37114 0.00000 1.37114 1.37114
0.31181 0.00000 0.31181 0.31181
0.17032 0.00000 0.17032 0.17032
0.48391 0.00000 0.48391 0.48391
-0.74207 0.00000 -0.74207 -0.74207
0.12601 0.00000 0.12601 0.12601
0.54969 0.00000 0.54969 0.54969
0.88327 0.00000 0.88327 0.88327
1.20966 0.00000 1.20966 1.20966
