# avg	std	min	max
0.00000 0.00000 0.00000 0.00000
0.60000 0.00000 0.60000 0.60000
2.66210 0.00000 2.66210 2.66210
0.58840 0.00000 0.58840 0.58840
2.61688 0.00000 2.61688 2.61688
0.75043 0.00000 0.75043 0.75043
1.08111 0.00000 1.08111 1.08111
1.20625 0.00000 1.20625 1.20625
6.56342 0.00000 6.56342 6.56342
0.87987 0.00000 0.87987 0.87987
1.64965 0.00000 1.64965 1.64965
1.45203 0.00000 1.45203 1.45203
1.16453 0.00000 1.16453 1.16453
1.09852 0.00000 1.09852 1.09852
0.36026 0.00000 0.36026 0.36026
1.78550 0.00000 1.78550 1.78550
0.88334 0.00000 0.88334 0.88334
0.91573 0.00000 0.91573 0.91573
0.88390 0.00000 0.88390 0.88390
0.15828 0.00000 0.15828 0.15828
