# avg	std	min	max
0.00000 0.00000 0.00000 0.00000
0.52882 0.00000 0.52882 0.52882
0.71167 0.00000 0.71167 0.71167
0.37849 0.00000 0.37849 0.37849
0.62208 0.00000 0.62208 0.62208
1.30649 0.00000 1.30649 1.30649
0.17824 0.00000 0.17824 0.17824
0.52227 0.00000 0.52227 0.52227
1.72700 0.00000 1.72700 1.72700
0.03146 0.00000 0.03146 0.03146
-0.27974 0.00000 -0.27974 -0.27974
1.08258 0.00000 1.08258 1.08258
0.36923 0.00000 0.36923 0.36923
-0.07491 0.00000 -0.07491 -0.07491
0.23410 0.00000 0.23410 0.23410
-1.41372 0.00000 -1.41372 -1.41372
-0.08428 0.00000 -0.08428 -0.08428
0.34362 0.00000 0.34362 0.34362
0.47765 0.00000 0.47765 0.47765
0.97758 0.00000 0.97758 0.97758
