# avg	std	min	max
0.29762 0.00000 0.29762 0.29762
-0.36323 0.00000 -0.36323 -0.36323
-0.18023 0.00000 -0.18023 -0.18023
-0.56976 0.00000 -0.56976 -0.56976
-0.55515 0.00000 -0.55515 -0.55515
-0.90580 0.00000 -0.90580 -0.90580
-1.19489 0.00000 -1.19489 -1.19489
-0.30879 0.00000 -0.30879 -0.30879
-0.88243 0.00000 -0.88243 -0.88243
0.09524 0.00000 0.09524 0.09524
-0.08246 0.00000 -0.08246 -0.08246
-0.13676 0.00000 -0.13676 -0.13676
-1.27347 0.00000 -1.27347 -1.27347
0.02871 0.00000 0.02871 0.02871
-0.60966 0.00000 -0.60966 -0.60966
0.17668 0.00000 0.17668 0.17668
-0.27337 0.00000 -0.27337 -0.27337
-0.92435 0.00000 -0.92435 -0.92435
-0.88622 0.00000 -0.88622 -0.88622
0.00356 0.00000 0.00356 0.00356
