# avg	std	min	max
1.71340 0.00000 1.71340 1.71340
0.61407 0.00000 0.61407 0.61407
1.57891 0.00000 1.57891 1.57891
-0.21713 0.00000 -0.21713 -0.21713
1.17485 0.00000 1.17485 1.17485
-0.34621 0.00000 -0.34621 -0.34621
1.36457 0.00000 1.36457 1.36457
2.84968 0.00000 2.84968 2.84968
4.82133 0.00000 4.82133 4.82133
0.61110 0.00000 0.61110 0.61110
0.80327 0.00000 0.80327 0.80327
0.59123 0.00000 0.59123 0.59123
1.66588 0.00000 1.66588 1.66588
1.45654 0.00000 1.45654 1.45654
1.31519 0.00000 1.31519 1.31519
3.27029 0.00000 3.27029 3.27029
1.48963 0.00000 1.48963 1.48963
0.44682 0.00000 0.44682 0.44682
0.84395 0.00000 0.84395 0.84395
1.90767 0.00000 1.90767 1.90767
