# avg	std	min	max
0.94552 0.00000 0.94552 0.94552
-0.31906 0.00000 -0.31906 -0.31906
1.27614 0.00000 1.27614 1.27614
-0.88731 0.00000 -0.88731 -0.88731
1.90879 0.00000 1.90879 1.90879
-0.13899 0.00000 -0.13899 -0.13899
5.82827 0.00000 5.82827 5.82827
11.63974 0.00000 11.63974 11.63974
5.52575 0.00000 5.52575 5.52575
0.35457 0.00000 0.35457 0.35457
0.46849 0.00000 0.46849 0.46849
-0.27251 0.00000 -0.27251 -0.27251
6.34063 0.00000 6.34063 6.34063
3.99949 0.00000 3.99949 3.99949
-0.84428 0.00000 -0.84428 -0.84428
4.20932 0.00000 4.20932 4.20932
2.87789 0.00000 2.87789 2.87789
2.23855 0.00000 2.23855 2.23855
2.23051 0.00000 2.23051 2.23051
-0.00198 0.00000 -0.00198 -0.00198
