# avg	std	min	max
2.59871 0.00000 2.59871 2.59871
2.11857 0.00000 2.11857 2.11857
2.45065 0.00000 2.45065 2.45065
0.78492 0.00000 0.78492 0.78492
2.39134 0.00000 2.39134 2.39134
0.80992 0.00000 0.80992 0.80992
0.56466 0.00000 0.56466 0.56466
3.81558 0.00000 3.81558 3.81558
4.35956 0.00000 4.35956 4.35956
2.26246 0.00000 2.26246 2.26246
2.97613 0.00000 2.97613 2.97613
1.72136 0.00000 1.72136 1.72136
1.49640 0.00000 1.49640 1.49640
1.52732 0.00000 1.52732 1.52732
1.39808 0.00000 1.39808 1.39808
6.93592 0.00000 6.93592 6.93592
5.56366 0.00000 5.56366 5.56366
0.47407 0.00000 0.47407 0.47407
1.10803 0.00000 1.10803 1.10803
-0.00278 0.00000 -0.00278 -0.00278
