# avg	std	min	max
-0.20631 0.00000 -0.20631 -0.20631
-0.30310 0.00000 -0.30310 -0.30310
0.64349 0.00000 0.64349 0.64349
-0.28722 0.00000 -0.28722 -0.28722
0.51902 0.00000 0.51902 0.51902
-0.31484 0.00000 -0.31484 -0.31484
-0.32650 0.00000 -0.32650 -0.32650
-0.22474 0.00000 -0.22474 -0.22474
-0.17824 0.00000 -0.17824 -0.17824
-0.06612 0.00000 -0.06612 -0.06612
0.53536 0.00000 0.53536 0.53536
-0.13722 0.00000 -0.13722 -0.13722
-0.25325 0.00000 -0.25325 -0.25325
-0.15798 0.00000 -0.15798 -0.15798
-0.04882 0.00000 -0.04882 -0.04882
-0.11113 0.00000 -0.11113 -0.11113
0.25579 0.00000 0.25579 0.25579
-0.43355 0.00000 -0.43355 -0.43355
-0.20069 0.00000 -0.20069 -0.20069
-0.02574 0.00000 -0.02574 -0.02574
