# avg	std	min	max
0.65359 0.00000 0.65359 0.65359
0.05330 0.00000 0.05330 0.05330
0.32459 0.00000 0.32459 0.32459
-0.02678 0.00000 -0.02678 -0.02678
-0.07472 0.00000 -0.07472 -0.07472
-0.02910 0.00000 -0.02910 -0.02910
-0.36211 0.00000 -0.36211 -0.36211
0.64471 0.00000 0.64471 0.64471
2.15296 0.00000 2.15296 2.15296
0.62004 0.00000 0.62004 0.62004
0.08585 0.00000 0.08585 0.08585
0.91506 0.00000 0.91506 0.91506
-0.84708 0.00000 -0.84708 -0.84708
0.88221 0.00000 0.88221 0.88221
-0.18747 0.00000 -0.18747 -0.18747
0.79426 0.00000 0.79426 0.79426
0.45574 0.00000 0.45574 0.45574
-0.00995 0.00000 -0.00995 -0.00995
0.08000 0.00000 0.08000 0.08000
0.56390 0.00000 0.56390 0.56390
