# avg	std	min	max
1.17819 0.00000 1.17819 1.17819
0.31300 0.00000 0.31300 0.31300
0.44121 0.00000 0.44121 0.44121
-0.34725 0.00000 -0.34725 -0.34725
-0.17050 0.00000 -0.17050 -0.17050
-0.13576 0.00000 -0.13576 -0.13576
-0.08677 0.00000 -0.08677 -0.08677
-0.04310 0.00000 -0.04310 -0.04310
1.92833 0.00000 1.92833 1.92833
0.99833 0.00000 0.99833 0.99833
1.04219 0.00000 1.04219 1.04219
1.02524 0.00000 1.02524 1.02524
0.04412 0.00000 0.04412 0.04412
0.55753 0.00000 0.55753 0.55753
0.23752 0.00000 0.23752 0.23752
0.95795 0.00000 0.95795 0.95795
0.50744 0.00000 0.50744 0.50744
-0.05533 0.00000 -0.05533 -0.05533
-0.40362 0.00000 -0.40362 -0.40362
0.37053 0.00000 0.37053 0.37053
