# avg	std	min	max
1.97307 0.00000 1.97307 1.97307
0.71174 0.00000 0.71174 0.71174
-0.46928 0.00000 -0.46928 -0.46928
-0.78423 0.00000 -0.78423 -0.78423
-0.41843 0.00000 -0.41843 -0.41843
-0.85308 0.00000 -0.85308 -0.85308
-1.62545 0.00000 -1.62545 -1.62545
-1.92333 0.00000 -1.92333 -1.92333
0.11704 0.00000 0.11704 0.11704
1.45384 0.00000 1.45384 1.45384
0.59065 0.00000 0.59065 0.59065
0.12849 0.00000 0.12849 0.12849
-1.00849 0.00000 -1.00849 -1.00849
1.47469 0.00000 1.47469 1.47469
0.85907 0.00000 0.85907 0.85907
1.09539 0.00000 1.09539 1.09539
0.58485 0.00000 0.58485 0.58485
-0.03117 0.00000 -0.03117 -0.03117
1.18997 0.00000 1.18997 1.18997
0.07028 0.00000 0.07028 0.07028
