# avg	std	min	max
0.88482 0.00000 0.88482 0.88482
0.02148 0.00000 0.02148 0.02148
-0.34203 0.00000 -0.34203 -0.34203
-1.47879 0.00000 -1.47879 -1.47879
-0.84782 0.00000 -0.84782 -0.84782
-1.29836 0.00000 -1.29836 -1.29836
-0.91016 0.00000 -0.91016 -0.91016
3.22440 0.00000 3.22440 3.22440
-0.61067 0.00000 -0.61067 -0.61067
0.67852 0.00000 0.67852 0.67852
-0.66631 0.00000 -0.66631 -0.66631
-0.01196 0.00000 -0.01196 -0.01196
-0.18751 0.00000 -0.18751 -0.18751
0.17240 0.00000 0.17240 0.17240
-0.24725 0.00000 -0.24725 -0.24725
1.98874 0.00000 1.98874 1.98874
1.95057 0.00000 1.95057 1.95057
-0.01792 0.00000 -0.01792 -0.01792
-0.35858 0.00000 -0.35858 -0.35858
1.40457 0.00000 1.40457 1.40457
