# avg	std	min	max
1.12791 0.00000 1.12791 1.12791
0.25488 0.00000 0.25488 0.25488
0.71563 0.00000 0.71563 0.71563
-1.74269 0.00000 -1.74269 -1.74269
0.31571 0.00000 0.31571 0.31571
-2.36306 0.00000 -2.36306 -2.36306
-0.65566 0.00000 -0.65566 -0.65566
-0.38706 0.00000 -0.38706 -0.38706
-0.79907 0.00000 -0.79907 -0.79907
1.16490 0.00000 1.16490 1.16490
1.50990 0.00000 1.50990 1.50990
0.05396 0.00000 0.05396 0.05396
0.31317 0.00000 0.31317 0.31317
-0.05479 0.00000 -0.05479 -0.05479
0.22915 0.00000 0.22915 0.22915
0.84845 0.00000 0.84845 0.84845
-0.42096 0.00000 -0.42096 -0.42096
-0.07359 0.00000 -0.07359 -0.07359
0.63453 0.00000 0.63453 0.63453
0.29512 0.00000 0.29512 0.29512
