# avg	std	min	max
1.52660 0.00000 1.52660 1.52660
1.50270 0.00000 1.50270 1.50270
1.33564 0.00000 1.33564 1.33564
1.04400 0.00000 1.04400 1.04400
1.32766 0.00000 1.32766 1.32766
0.69324 0.00000 0.69324 0.69324
0.39126 0.00000 0.39126 0.39126
0.80011 0.00000 0.80011 0.80011
1.32365 0.00000 1.32365 1.32365
1.88162 0.00000 1.88162 1.88162
1.88744 0.00000 1.88744 1.88744
1.22125 0.00000 1.22125 1.22125
0.58827 0.00000 0.58827 0.58827
1.42168 0.00000 1.42168 1.42168
1.30139 0.00000 1.30139 1.30139
2.00675 0.00000 2.00675 2.00675
1.13530 0.00000 1.13530 1.13530
0.02945 0.00000 0.02945 0.02945
-0.09242 0.00000 -0.09242 -0.09242
0.82531 0.00000 0.82531 0.82531
