# avg	std	min	max
-1.57443 0.00000 -1.57443 -1.57443
-0.31614 0.00000 -0.31614 -0.31614
1.20166 0.00000 1.20166 1.20166
0.04342 0.00000 0.04342 0.04342
0.93193 0.00000 0.93193 0.93193
-0.29322 0.00000 -0.29322 -0.29322
0.78280 0.00000 0.78280 0.78280
1.00970 0.00000 1.00970 1.00970
8.13699 0.00000 8.13699 8.13699
-0.13633 0.00000 -0.13633 -0.13633
3.57095 0.00000 3.57095 3.57095
0.79052 0.00000 0.79052 0.79052
1.03600 0.00000 1.03600 1.03600
0.89222 0.00000 0.89222 0.89222
0.50840 0.00000 0.50840 0.50840
1.78289 0.00000 1.78289 1.78289
2.01303 0.00000 2.01303 2.01303
-0.02819 0.00000 -0.02819 -0.02819
0.13216 0.00000 0.13216 0.13216
0.52905 0.00000 0.52905 0.52905
