# avg	std	min	max
1.98942 0.00000 1.98942 1.98942
1.99269 0.00000 1.99269 1.99269
2.56653 0.00000 2.56653 2.56653
-0.89742 0.00000 -0.89742 -0.89742
2.38499 0.00000 2.38499 2.38499
-1.23174 0.00000 -1.23174 -1.23174
3.66348 0.00000 3.66348 3.66348
2.82406 0.00000 2.82406 2.82406
10.91546 0.00000 10.91546 10.91546
2.22054 0.00000 2.22054 2.22054
3.17580 0.00000 3.17580 3.17580
1.06425 0.00000 1.06425 1.06425
6.82233 0.00000 6.82233 6.82233
1.10405 0.00000 1.10405 1.10405
1.32099 0.00000 1.32099 1.32099
2.86898 0.00000 2.86898 2.86898
3.28321 0.00000 3.28321 3.28321
-0.03787 0.00000 -0.03787 -0.03787
-0.74926 0.00000 -0.74926 -0.74926
2.43326 0.00000 2.43326 2.43326
