# avg	std	min	max
0.86067 0.00000 0.86067 0.86067
0.67485 0.00000 0.67485 0.67485
0.43603 0.00000 0.43603 0.43603
0.01686 0.00000 0.01686 0.01686
0.27149 0.00000 0.27149 0.27149
-0.34845 0.00000 -0.34845 -0.34845
-0.29871 0.00000 -0.29871 -0.29871
-0.59632 0.00000 -0.59632 -0.59632
0.99664 0.00000 0.99664 0.99664
0.63427 0.00000 0.63427 0.63427
0.48156 0.00000 0.48156 0.48156
0.52060 0.00000 0.52060 0.52060
-0.17520 0.00000 -0.17520 -0.17520
0.32924 0.00000 0.32924 0.32924
0.14458 0.00000 0.14458 0.14458
0.52220 0.00000 0.52220 0.52220
0.52174 0.00000 0.52174 0.52174
-0.00229 0.00000 -0.00229 -0.00229
-0.02066 0.00000 -0.02066 -0.02066
0.61718 0.00000 0.61718 0.61718
