# avg	std	min	max
-0.28060 0.00000 -0.28060 -0.28060
1.44755 0.00000 1.44755 1.44755
2.22564 0.00000 2.22564 2.22564
0.15379 0.00000 0.15379 0.15379
1.68236 0.00000 1.68236 1.68236
-0.32944 0.00000 -0.32944 -0.32944
-0.65142 0.00000 -0.65142 -0.65142
0.10959 0.00000 0.10959 0.10959
3.94388 0.00000 3.94388 3.94388
1.40412 0.00000 1.40412 1.40412
2.16856 0.00000 2.16856 2.16856
1.16242 0.00000 1.16242 1.16242
-0.24868 0.00000 -0.24868 -0.24868
1.74040 0.00000 1.74040 1.74040
1.23778 0.00000 1.23778 1.23778
3.49348 0.00000 3.49348 3.49348
2.12297 0.00000 2.12297 2.12297
-0.04971 0.00000 -0.04971 -0.04971
-0.28787 0.00000 -0.28787 -0.28787
0.70460 0.00000 0.70460 0.70460
