# avg	std	min	max
2.24578 0.00000 2.24578 2.24578
0.53306 0.00000 0.53306 0.53306
-0.47458 0.00000 -0.47458 -0.47458
-0.84675 0.00000 -0.84675 -0.84675
0.03033 0.00000 0.03033 0.03033
-0.99658 0.00000 -0.99658 -0.99658
0.11401 0.00000 0.11401 0.11401
0.69171 0.00000 0.69171 0.69171
4.45256 0.00000 4.45256 4.45256
2.12877 0.00000 2.12877 2.12877
1.11999 0.00000 1.11999 1.11999
0.36182 0.00000 0.36182 0.36182
1.24233 0.00000 1.24233 1.24233
0.18102 0.00000 0.18102 0.18102
0.39161 0.00000 0.39161 0.39161
1.85379 0.00000 1.85379 1.85379
1.79546 0.00000 1.79546 1.79546
-0.06156 0.00000 -0.06156 -0.06156
-0.05738 0.00000 -0.05738 -0.05738
2.74645 0.00000 2.74645 2.74645
