# avg	std	min	max
0.01730 0.00000 0.01730 0.01730
-0.66352 0.00000 -0.66352 -0.66352
-0.92445 0.00000 -0.92445 -0.92445
-3.07930 0.00000 -3.07930 -3.07930
-1.65135 0.00000 -1.65135 -1.65135
-3.39837 0.00000 -3.39837 -3.39837
-2.02682 0.00000 -2.02682 -2.02682
5.05658 0.00000 5.05658 5.05658
0.06711 0.00000 0.06711 0.06711
-1.09726 0.00000 -1.09726 -1.09726
-1.24359 0.00000 -1.24359 -1.24359
-1.12244 0.00000 -1.12244 -1.12244
-0.90482 0.00000 -0.90482 -0.90482
-0.93197 0.00000 -0.93197 -0.93197
0.20975 0.00000 0.20975 0.20975
-0.89143 0.00000 -0.89143 -0.89143
0.30581 0.00000 0.30581 0.30581
-0.10470 0.00000 -0.10470 -0.10470
1.53091 0.00000 1.53091 1.53091
-0.80765 0.00000 -0.80765 -0.80765
