# avg	std	min	max
1.73029 0.00000 1.73029 1.73029
0.12293 0.00000 0.12293 0.12293
-0.02785 0.00000 -0.02785 -0.02785
3.40392 0.00000 3.40392 3.40392
2.95438 0.00000 2.95438 2.95438
-0.21300 0.00000 -0.21300 -0.21300
8.27743 0.00000 8.27743 8.27743
10.63761 0.00000 10.63761 10.63761
5.53090 0.00000 5.53090 5.53090
1.40383 0.00000 1.40383 1.40383
1.44917 0.00000 1.44917 1.44917
0.62248 0.00000 0.62248 0.62248
7.06365 0.00000 7.06365 7.06365
1.57369 0.00000 1.57369 1.57369
0.94567 0.00000 0.94567 0.94567
5.73544 0.00000 5.73544 5.73544
3.83899 0.00000 3.83899 3.83899
0.00000 0.00000 0.00000 0.00000
0.07982 0.00000 0.07982 0.07982
6.26848 0.00000 6.26848 6.26848
