# avg	std	min	max
0.94114 0.00000 0.94114 0.94114
1.15558 0.00000 1.15558 1.15558
2.20488 0.00000 2.20488 2.20488
-0.12743 0.00000 -0.12743 -0.12743
1.41513 0.00000 1.41513 1.41513
-0.26985 0.00000 -0.26985 -0.26985
-0.97333 0.00000 -0.97333 -0.97333
-0.15320 0.00000 -0.15320 -0.15320
6.13745 0.00000 6.13745 6.13745
1.80752 0.00000 1.80752 1.80752
2.38166 0.00000 2.38166 2.38166
0.89307 0.00000 0.89307 0.89307
-0.66585 0.00000 -0.66585 -0.66585
1.07556 0.00000 1.07556 1.07556
0.81095 0.00000 0.81095 0.81095
0.68041 0.00000 0.68041 0.68041
1.20699 0.00000 1.20699 1.20699
-0.04405 0.00000 -0.04405 -0.04405
0.68128 0.00000 0.68128 0.68128
0.66074 0.00000 0.66074 0.66074
