# avg	std	min	max
2.07678 0.00000 2.07678 2.07678
0.99665 0.00000 0.99665 0.99665
2.31631 0.00000 2.31631 2.31631
-0.69587 0.00000 -0.69587 -0.69587
1.80101 0.00000 1.80101 1.80101
-0.83503 0.00000 -0.83503 -0.83503
1.55968 0.00000 1.55968 1.55968
1.01279 0.00000 1.01279 1.01279
5.74250 0.00000 5.74250 5.74250
1.98879 0.00000 1.98879 1.98879
3.07670 0.00000 3.07670 3.07670
1.51781 0.00000 1.51781 1.51781
2.42550 0.00000 2.42550 2.42550
1.19377 0.00000 1.19377 1.19377
1.00339 0.00000 1.00339 1.00339
0.69025 0.00000 0.69025 0.69025
1.05871 0.00000 1.05871 1.05871
-0.06480 0.00000 -0.06480 -0.06480
1.98487 0.00000 1.98487 1.98487
2.17457 0.00000 2.17457 2.17457
