# avg	std	min	max
0.78383 0.00000 0.78383 0.78383
0.43782 0.00000 0.43782 0.43782
1.20657 0.00000 1.20657 1.20657
-0.13105 0.00000 -0.13105 -0.13105
0.63666 0.00000 0.63666 0.63666
-0.21117 0.00000 -0.21117 -0.21117
-0.03884 0.00000 -0.03884 -0.03884
0.12373 0.00000 0.12373 0.12373
0.11466 0.00000 0.11466 0.11466
0.18219 0.00000 0.18219 0.18219
1.01622 0.00000 1.01622 1.01622
0.27617 0.00000 0.27617 0.27617
0.18297 0.00000 0.18297 0.18297
-0.01896 0.00000 -0.01896 -0.01896
0.02858 0.00000 0.02858 0.02858
0.86751 0.00000 0.86751 0.86751
0.25348 0.00000 0.25348 0.25348
-0.00973 0.00000 -0.00973 -0.00973
-0.01887 0.00000 -0.01887 -0.01887
0.41019 0.00000 0.41019 0.41019
