# avg	std	min	max
1.09158 0.00000 1.09158 1.09158
0.11924 0.00000 0.11924 0.11924
1.48694 0.00000 1.48694 1.48694
-0.19484 0.00000 -0.19484 -0.19484
2.39000 0.00000 2.39000 2.39000
-0.23535 0.00000 -0.23535 -0.23535
-0.46185 0.00000 -0.46185 -0.46185
0.42245 0.00000 0.42245 0.42245
2.74112 0.00000 2.74112 2.74112
0.33452 0.00000 0.33452 0.33452
0.57524 0.00000 0.57524 0.57524
0.60919 0.00000 0.60919 0.60919
-0.48283 0.00000 -0.48283 -0.48283
0.42266 0.00000 0.42266 0.42266
0.62989 0.00000 0.62989 0.62989
3.51558 0.00000 3.51558 3.51558
2.23051 0.00000 2.23051 2.23051
-0.03459 0.00000 -0.03459 -0.03459
0.34363 0.00000 0.34363 0.34363
-0.12671 0.00000 -0.12671 -0.12671
