# avg	std	min	max
1.00037 0.00000 1.00037 1.00037
0.63403 0.00000 0.63403 0.63403
1.44084 0.00000 1.44084 1.44084
-0.16760 0.00000 -0.16760 -0.16760
1.03606 0.00000 1.03606 1.03606
0.09881 0.00000 0.09881 0.09881
0.16939 0.00000 0.16939 0.16939
0.40426 0.00000 0.40426 0.40426
2.34024 0.00000 2.34024 2.34024
0.23437 0.00000 0.23437 0.23437
0.41613 0.00000 0.41613 0.41613
0.67676 0.00000 0.67676 0.67676
0.18683 0.00000 0.18683 0.18683
0.22061 0.00000 0.22061 0.22061
0.11065 0.00000 0.11065 0.11065
1.30672 0.00000 1.30672 1.30672
1.10668 0.00000 1.10668 1.10668
-0.00536 0.00000 -0.00536 -0.00536
-0.54021 0.00000 -0.54021 -0.54021
-0.10974 0.00000 -0.10974 -0.10974
