# avg	std	min	max
1.43760 0.00000 1.43760 1.43760
0.35055 0.00000 0.35055 0.35055
0.40742 0.00000 0.40742 0.40742
-0.44262 0.00000 -0.44262 -0.44262
-0.38491 0.00000 -0.38491 -0.38491
-0.34791 0.00000 -0.34791 -0.34791
-0.10272 0.00000 -0.10272 -0.10272
0.37720 0.00000 0.37720 0.37720
3.73197 0.00000 3.73197 3.73197
0.63545 0.00000 0.63545 0.63545
1.43047 0.00000 1.43047 1.43047
0.93321 0.00000 0.93321 0.93321
0.05917 0.00000 0.05917 0.05917
0.84566 0.00000 0.84566 0.84566
-0.43088 0.00000 -0.43088 -0.43088
2.09617 0.00000 2.09617 2.09617
0.93646 0.00000 0.93646 0.93646
0.00067 0.00000 0.00067 0.00067
-0.16254 0.00000 -0.16254 -0.16254
-0.02880 0.00000 -0.02880 -0.02880
