# avg	std	min	max
0.85666 0.00000 0.85666 0.85666
-0.14891 0.00000 -0.14891 -0.14891
-1.65669 0.00000 -1.65669 -1.65669
-3.16861 0.00000 -3.16861 -3.16861
-2.30953 0.00000 -2.30953 -2.30953
-2.59340 0.00000 -2.59340 -2.59340
-2.03797 0.00000 -2.03797 -2.03797
-0.12279 0.00000 -0.12279 -0.12279
2.42889 0.00000 2.42889 2.42889
-0.09216 0.00000 -0.09216 -0.09216
-1.03233 0.00000 -1.03233 -1.03233
-0.32097 0.00000 -0.32097 -0.32097
0.37433 0.00000 0.37433 0.37433
-0.60299 0.00000 -0.60299 -0.60299
-1.07662 0.00000 -1.07662 -1.07662
1.64425 0.00000 1.64425 1.64425
1.07725 0.00000 1.07725 1.07725
-0.13282 0.00000 -0.13282 -0.13282
-0.17477 0.00000 -0.17477 -0.17477
-0.04322 0.00000 -0.04322 -0.04322
