# avg	std	min	max
1.82496 0.00000 1.82496 1.82496
0.52200 0.00000 0.52200 0.52200
0.87222 0.00000 0.87222 0.87222
-0.44722 0.00000 -0.44722 -0.44722
0.19034 0.00000 0.19034 0.19034
-0.68394 0.00000 -0.68394 -0.68394
-0.75579 0.00000 -0.75579 -0.75579
-0.78221 0.00000 -0.78221 -0.78221
4.65597 0.00000 4.65597 4.65597
0.58805 0.00000 0.58805 0.58805
0.59418 0.00000 0.59418 0.59418
1.00705 0.00000 1.00705 1.00705
-1.03639 0.00000 -1.03639 -1.03639
1.39559 0.00000 1.39559 1.39559
0.51003 0.00000 0.51003 0.51003
2.13745 0.00000 2.13745 2.13745
0.80052 0.00000 0.80052 0.80052
-0.01689 0.00000 -0.01689 -0.01689
-1.51298 0.00000 -1.51298 -1.51298
0.47692 0.00000 0.47692 0.47692
