# avg	std	min	max
2.51132 0.00000 2.51132 2.51132
1.93967 0.00000 1.93967 1.93967
2.75324 0.00000 2.75324 2.75324
-0.05271 0.00000 -0.05271 -0.05271
3.33759 0.00000 3.33759 3.33759
0.50502 0.00000 0.50502 0.50502
6.04801 0.00000 6.04801 6.04801
11.19590 0.00000 11.19590 11.19590
2.85512 0.00000 2.85512 2.85512
1.91128 0.00000 1.91128 1.91128
3.76105 0.00000 3.76105 3.76105
2.44090 0.00000 2.44090 2.44090
9.74674 0.00000 9.74674 9.74674
2.07621 0.00000 2.07621 2.07621
1.55129 0.00000 1.55129 1.55129
-0.12581 0.00000 -0.12581 -0.12581
2.26639 0.00000 2.26639 2.26639
4.64820 0.00000 4.64820 4.64820
4.52720 0.00000 4.52720 4.52720
5.06788 0.00000 5.06788 5.06788
