# avg	std	min	max
1.09209 0.00000 1.09209 1.09209
0.35306 0.00000 0.35306 0.35306
0.97112 0.00000 0.97112 0.97112
-0.03856 0.00000 -0.03856 -0.03856
0.52871 0.00000 0.52871 0.52871
-0.36827 0.00000 -0.36827 -0.36827
0.30557 0.00000 0.30557 0.30557
0.97625 0.00000 0.97625 0.97625
1.21961 0.00000 1.21961 1.21961
0.37226 0.00000 0.37226 0.37226
0.39244 0.00000 0.39244 0.39244
0.46816 0.00000 0.46816 0.46816
0.48808 0.00000 0.48808 0.48808
0.51510 0.00000 0.51510 0.51510
0.43991 0.00000 0.43991 0.43991
1.69255 0.00000 1.69255 1.69255
1.41984 0.00000 1.41984 1.41984
-0.12907 0.00000 -0.12907 -0.12907
-0.59581 0.00000 -0.59581 -0.59581
0.33568 0.00000 0.33568 0.33568
