# avg	std	min	max
0.92319 0.00000 0.92319 0.92319
0.44009 0.00000 0.44009 0.44009
0.64244 0.00000 0.64244 0.64244
-0.02596 0.00000 -0.02596 -0.02596
0.13713 0.00000 0.13713 0.13713
-0.34079 0.00000 -0.34079 -0.34079
-0.15639 0.00000 -0.15639 -0.15639
0.22367 0.00000 0.22367 0.22367
3.87161 0.00000 3.87161 3.87161
0.23683 0.00000 0.23683 0.23683
0.53341 0.00000 0.53341 0.53341
0.23150 0.00000 0.23150 0.23150
-0.07472 0.00000 -0.07472 -0.07472
0.79401 0.00000 0.79401 0.79401
-0.37907 0.00000 -0.37907 -0.37907
0.78553 0.00000 0.78553 0.78553
0.42059 0.00000 0.42059 0.42059
-0.42664 0.00000 -0.42664 -0.42664
-0.48280 0.00000 -0.48280 -0.48280
0.13480 0.00000 0.13480 0.13480
