# avg	std	min	max
0.26996 0.00000 0.26996 0.26996
-0.01117 0.00000 -0.01117 -0.01117
0.25681 0.00000 0.25681 0.25681
-0.00306 0.00000 -0.00306 -0.00306
0.18729 0.00000 0.18729 0.18729
0.29523 0.00000 0.29523 0.29523
-0.00705 0.00000 -0.00705 -0.00705
0.06440 0.00000 0.06440 0.06440
-0.80341 0.00000 -0.80341 -0.80341
0.23059 0.00000 0.23059 0.23059
0.17221 0.00000 0.17221 0.17221
-0.05540 0.00000 -0.05540 -0.05540
-0.02813 0.00000 -0.02813 -0.02813
-0.06570 0.00000 -0.06570 -0.06570
-0.30748 0.00000 -0.30748 -0.30748
0.00791 0.00000 0.00791 0.00791
-0.73320 0.00000 -0.73320 -0.73320
-0.07375 0.00000 -0.07375 -0.07375
-0.21432 0.00000 -0.21432 -0.21432
-0.31810 0.00000 -0.31810 -0.31810
