# avg	std	min	max
1.80044 0.00000 1.80044 1.80044
1.66518 0.00000 1.66518 1.66518
4.25603 0.00000 4.25603 4.25603
-0.00000 0.00000 -0.00000 -0.00000
3.60819 0.00000 3.60819 3.60819
0.08782 0.00000 0.08782 0.08782
-1.04101 0.00000 -1.04101 -1.04101
1.63852 0.00000 1.63852 1.63852
6.86774 0.00000 6.86774 6.86774
1.50764 0.00000 1.50764 1.50764
3.75288 0.00000 3.75288 3.75288
0.99147 0.00000 0.99147 0.99147
-0.70391 0.00000 -0.70391 -0.70391
1.30994 0.00000 1.30994 1.30994
1.21711 0.00000 1.21711 1.21711
1.76621 0.00000 1.76621 1.76621
2.97381 0.00000 2.97381 2.97381
1.47655 0.00000 1.47655 1.47655
2.35446 0.00000 2.35446 2.35446
1.42315 0.00000 1.42315 1.42315
