# avg	std	min	max
0.28617 0.00000 0.28617 0.28617
0.02558 0.00000 0.02558 0.02558
0.52747 0.00000 0.52747 0.52747
0.00018 0.00000 0.00018 0.00018
0.38669 0.00000 0.38669 0.38669
-0.03955 0.00000 -0.03955 -0.03955
-0.06500 0.00000 -0.06500 -0.06500
-0.01417 0.00000 -0.01417 -0.01417
-0.25818 0.00000 -0.25818 -0.25818
0.26650 0.00000 0.26650 0.26650
0.40941 0.00000 0.40941 0.40941
0.38918 0.00000 0.38918 0.38918
0.11450 0.00000 0.11450 0.11450
-0.04300 0.00000 -0.04300 -0.04300
0.01820 0.00000 0.01820 0.01820
-0.03824 0.00000 -0.03824 -0.03824
0.24079 0.00000 0.24079 0.24079
-0.04414 0.00000 -0.04414 -0.04414
0.19773 0.00000 0.19773 0.19773
0.31887 0.00000 0.31887 0.31887
