# avg	std	min	max
3.62541 0.00000 3.62541 3.62541
2.24818 0.00000 2.24818 2.24818
4.11774 0.00000 4.11774 4.11774
-0.00406 0.00000 -0.00406 -0.00406
2.86375 0.00000 2.86375 2.86375
0.11587 0.00000 0.11587 0.11587
0.55851 0.00000 0.55851 0.55851
1.65346 0.00000 1.65346 1.65346
5.27829 0.00000 5.27829 5.27829
2.87524 0.00000 2.87524 2.87524
3.16010 0.00000 3.16010 3.16010
2.72545 0.00000 2.72545 2.72545
1.48388 0.00000 1.48388 1.48388
2.46681 0.00000 2.46681 2.46681
1.76479 0.00000 1.76479 1.76479
3.38857 0.00000 3.38857 3.38857
1.26065 0.00000 1.26065 1.26065
2.01830 0.00000 2.01830 2.01830
2.47126 0.00000 2.47126 2.47126
2.92486 0.00000 2.92486 2.92486
