# avg	std	min	max
-1.89195 0.00000 -1.89195 -1.89195
0.66284 0.00000 0.66284 0.66284
2.19874 0.00000 2.19874 2.19874
-0.00412 0.00000 -0.00412 -0.00412
1.90137 0.00000 1.90137 1.90137
-0.15489 0.00000 -0.15489 -0.15489
-0.15512 0.00000 -0.15512 -0.15512
-0.01102 0.00000 -0.01102 -0.01102
3.45299 0.00000 3.45299 3.45299
-0.00313 0.00000 -0.00313 -0.00313
0.76398 0.00000 0.76398 0.76398
0.39256 0.00000 0.39256 0.39256
-0.12227 0.00000 -0.12227 -0.12227
0.27709 0.00000 0.27709 0.27709
0.26353 0.00000 0.26353 0.26353
-0.27474 0.00000 -0.27474 -0.27474
0.17827 0.00000 0.17827 0.17827
0.06074 0.00000 0.06074 0.06074
-0.99338 0.00000 -0.99338 -0.99338
0.33992 0.00000 0.33992 0.33992
