# avg	std	min	max
2.08586 0.00000 2.08586 2.08586
1.24434 0.00000 1.24434 1.24434
1.11072 0.00000 1.11072 1.11072
-0.01938 0.00000 -0.01938 -0.01938
0.25609 0.00000 0.25609 0.25609
-0.10795 0.00000 -0.10795 -0.10795
0.47336 0.00000 0.47336 0.47336
1.04739 0.00000 1.04739 1.04739
2.98649 0.00000 2.98649 2.98649
1.38479 0.00000 1.38479 1.38479
1.58465 0.00000 1.58465 1.58465
1.21721 0.00000 1.21721 1.21721
1.54468 0.00000 1.54468 1.54468
1.65603 0.00000 1.65603 1.65603
0.76760 0.00000 0.76760 0.76760
1.48094 0.00000 1.48094 1.48094
0.46705 0.00000 0.46705 0.46705
0.65677 0.00000 0.65677 0.65677
-0.20009 0.00000 -0.20009 -0.20009
1.06133 0.00000 1.06133 1.06133
