# avg	std	min	max
2.87943 0.00000 2.87943 2.87943
1.44534 0.00000 1.44534 1.44534
1.21339 0.00000 1.21339 1.21339
-0.01091 0.00000 -0.01091 -0.01091
0.14507 0.00000 0.14507 0.14507
-0.00162 0.00000 -0.00162 -0.00162
0.53819 0.00000 0.53819 0.53819
1.27999 0.00000 1.27999 1.27999
6.43598 0.00000 6.43598 6.43598
2.26350 0.00000 2.26350 2.26350
1.84986 0.00000 1.84986 1.84986
1.95919 0.00000 1.95919 1.95919
0.65296 0.00000 0.65296 0.65296
2.35913 0.00000 2.35913 2.35913
1.43544 0.00000 1.43544 1.43544
1.75818 0.00000 1.75818 1.75818
1.24270 0.00000 1.24270 1.24270
0.85430 0.00000 0.85430 0.85430
1.41872 0.00000 1.41872 1.41872
2.19367 0.00000 2.19367 2.19367
