# avg	std	min	max
1.36581 0.00000 1.36581 1.36581
0.23726 0.00000 0.23726 0.23726
0.34408 0.00000 0.34408 0.34408
-0.04431 0.00000 -0.04431 -0.04431
-0.31658 0.00000 -0.31658 -0.31658
-0.52557 0.00000 -0.52557 -0.52557
0.68739 0.00000 0.68739 0.68739
0.50963 0.00000 0.50963 0.50963
10.13633 0.00000 10.13633 10.13633
0.89466 0.00000 0.89466 0.89466
0.64754 0.00000 0.64754 0.64754
0.88298 0.00000 0.88298 0.88298
0.72510 0.00000 0.72510 0.72510
1.38252 0.00000 1.38252 1.38252
0.81833 0.00000 0.81833 0.81833
1.19958 0.00000 1.19958 1.19958
0.57171 0.00000 0.57171 0.57171
0.46743 0.00000 0.46743 0.46743
0.79589 0.00000 0.79589 0.79589
1.38296 0.00000 1.38296 1.38296
