# avg	std	min	max
1.03726 0.00000 1.03726 1.03726
1.16575 0.00000 1.16575 1.16575
1.50594 0.00000 1.50594 1.50594
-0.00470 0.00000 -0.00470 -0.00470
0.75690 0.00000 0.75690 0.75690
-0.08196 0.00000 -0.08196 -0.08196
0.27980 0.00000 0.27980 0.27980
0.63717 0.00000 0.63717 0.63717
3.64115 0.00000 3.64115 3.64115
0.48884 0.00000 0.48884 0.48884
1.23076 0.00000 1.23076 1.23076
0.69589 0.00000 0.69589 0.69589
0.32946 0.00000 0.32946 0.32946
0.72094 0.00000 0.72094 0.72094
0.46666 0.00000 0.46666 0.46666
1.47633 0.00000 1.47633 1.47633
0.85693 0.00000 0.85693 0.85693
0.06456 0.00000 0.06456 0.06456
-0.14691 0.00000 -0.14691 -0.14691
0.37555 0.00000 0.37555 0.37555
