# avg	std	min	max
2.02184 0.00000 2.02184 2.02184
1.33579 0.00000 1.33579 1.33579
1.87991 0.00000 1.87991 1.87991
-0.00925 0.00000 -0.00925 -0.00925
1.24463 0.00000 1.24463 1.24463
0.43205 0.00000 0.43205 0.43205
0.60570 0.00000 0.60570 0.60570
1.80345 0.00000 1.80345 1.80345
6.77400 0.00000 6.77400 6.77400
1.62898 0.00000 1.62898 1.62898
2.84980 0.00000 2.84980 2.84980
1.79190 0.00000 1.79190 1.79190
0.93407 0.00000 0.93407 0.93407
2.51306 0.00000 2.51306 2.51306
1.60702 0.00000 1.60702 1.60702
2.82058 0.00000 2.82058 2.82058
1.74038 0.00000 1.74038 1.74038
1.07058 0.00000 1.07058 1.07058
1.31448 0.00000 1.31448 1.31448
2.31973 0.00000 2.31973 2.31973
