# avg	std	min	max
2.03342 0.00000 2.03342 2.03342
0.97240 0.00000 0.97240 0.97240
2.64573 0.00000 2.64573 2.64573
-0.00836 0.00000 -0.00836 -0.00836
3.81250 0.00000 3.81250 3.81250
0.14794 0.00000 0.14794 0.14794
6.64676 0.00000 6.64676 6.64676
7.00759 0.00000 7.00759 7.00759
8.83274 0.00000 8.83274 8.83274
1.73124 0.00000 1.73124 1.73124
2.54762 0.00000 2.54762 2.54762
1.47572 0.00000 1.47572 1.47572
5.21215 0.00000 5.21215 5.21215
2.27599 0.00000 2.27599 2.27599
1.23764 0.00000 1.23764 1.23764
2.65905 0.00000 2.65905 2.65905
1.82511 0.00000 1.82511 1.82511
0.97481 0.00000 0.97481 0.97481
1.87751 0.00000 1.87751 1.87751
6.90605 0.00000 6.90605 6.90605
