# avg	std	min	max
0.68883 0.00000 0.68883 0.68883
0.27885 0.00000 0.27885 0.27885
0.06054 0.00000 0.06054 0.06054
-0.00467 0.00000 -0.00467 -0.00467
-0.12566 0.00000 -0.12566 -0.12566
0.06980 0.00000 0.06980 0.06980
0.09430 0.00000 0.09430 0.09430
0.15735 0.00000 0.15735 0.15735
2.58121 0.00000 2.58121 2.58121
0.39792 0.00000 0.39792 0.39792
0.06269 0.00000 0.06269 0.06269
0.22208 0.00000 0.22208 0.22208
0.10251 0.00000 0.10251 0.10251
0.39236 0.00000 0.39236 0.39236
-0.06881 0.00000 -0.06881 -0.06881
0.39094 0.00000 0.39094 0.39094
0.11453 0.00000 0.11453 0.11453
-0.19040 0.00000 -0.19040 -0.19040
-0.17134 0.00000 -0.17134 -0.17134
0.58598 0.00000 0.58598 0.58598
