# avg	std	min	max
0.12272 0.00000 0.12272 0.12272
1.57950 0.00000 1.57950 1.57950
5.66884 0.00000 5.66884 5.66884
-0.00087 0.00000 -0.00087 -0.00087
7.39139 0.00000 7.39139 7.39139
-1.08481 0.00000 -1.08481 -1.08481
6.00659 0.00000 6.00659 6.00659
10.44006 0.00000 10.44006 10.44006
6.54349 0.00000 6.54349 6.54349
0.36870 0.00000 0.36870 0.36870
3.95937 0.00000 3.95937 3.95937
0.86062 0.00000 0.86062 0.86062
11.50881 0.00000 11.50881 11.50881
2.64130 0.00000 2.64130 2.64130
2.52892 0.00000 2.52892 2.52892
2.39242 0.00000 2.39242 2.39242
2.89389 0.00000 2.89389 2.89389
1.80568 0.00000 1.80568 1.80568
3.92450 0.00000 3.92450 3.92450
4.93286 0.00000 4.93286 4.93286
