# avg	std	min	max
0.78541 0.00000 0.78541 0.78541
0.59884 0.00000 0.59884 0.59884
0.75145 0.00000 0.75145 0.75145
0.00003 0.00000 0.00003 0.00003
-0.09270 0.00000 -0.09270 -0.09270
-0.40775 0.00000 -0.40775 -0.40775
0.22489 0.00000 0.22489 0.22489
0.79108 0.00000 0.79108 0.79108
1.53713 0.00000 1.53713 1.53713
1.23924 0.00000 1.23924 1.23924
1.37708 0.00000 1.37708 1.37708
1.02631 0.00000 1.02631 1.02631
0.30232 0.00000 0.30232 0.30232
0.86853 0.00000 0.86853 0.86853
0.04926 0.00000 0.04926 0.04926
1.51876 0.00000 1.51876 1.51876
1.27676 0.00000 1.27676 1.27676
-0.38931 0.00000 -0.38931 -0.38931
-0.05755 0.00000 -0.05755 -0.05755
0.92227 0.00000 0.92227 0.92227
