# avg	std	min	max
0.22563 0.00000 0.22563 0.22563
0.01306 0.00000 0.01306 0.01306
0.21977 0.00000 0.21977 0.21977
0.00015 0.00000 0.00015 0.00015
0.12468 0.00000 0.12468 0.12468
-0.21482 0.00000 -0.21482 -0.21482
-0.22529 0.00000 -0.22529 -0.22529
-0.06863 0.00000 -0.06863 -0.06863
2.24832 0.00000 2.24832 2.24832
0.23204 0.00000 0.23204 0.23204
0.14535 0.00000 0.14535 0.14535
0.22534 0.00000 0.22534 0.22534
-0.21250 0.00000 -0.21250 -0.21250
-0.24066 0.00000 -0.24066 -0.24066
-0.11664 0.00000 -0.11664 -0.11664
-0.23902 0.00000 -0.23902 -0.23902
0.03917 0.00000 0.03917 0.03917
-0.13552 0.00000 -0.13552 -0.13552
-0.04044 0.00000 -0.04044 -0.04044
-0.15797 0.00000 -0.15797 -0.15797
