# avg	std	min	max
0.28826 0.00000 0.28826 0.28826
0.09260 0.00000 0.09260 0.09260
0.08783 0.00000 0.08783 0.08783
-0.00037 0.00000 -0.00037 -0.00037
0.13461 0.00000 0.13461 0.13461
-0.09446 0.00000 -0.09446 -0.09446
-0.37263 0.00000 -0.37263 -0.37263
-0.56638 0.00000 -0.56638 -0.56638
-0.51923 0.00000 -0.51923 -0.51923
0.13372 0.00000 0.13372 0.13372
0.04477 0.00000 0.04477 0.04477
0.19054 0.00000 0.19054 0.19054
-0.33062 0.00000 -0.33062 -0.33062
0.19279 0.00000 0.19279 0.19279
-0.25573 0.00000 -0.25573 -0.25573
0.08462 0.00000 0.08462 0.08462
-0.53655 0.00000 -0.53655 -0.53655
-0.43054 0.00000 -0.43054 -0.43054
-0.36282 0.00000 -0.36282 -0.36282
0.10432 0.00000 0.10432 0.10432
