# avg	std	min	max
2.87332 0.00000 2.87332 2.87332
2.08868 0.00000 2.08868 2.08868
1.33558 0.00000 1.33558 1.33558
-0.00734 0.00000 -0.00734 -0.00734
0.95789 0.00000 0.95789 0.95789
0.17950 0.00000 0.17950 0.17950
2.31844 0.00000 2.31844 2.31844
4.15700 0.00000 4.15700 4.15700
3.51438 0.00000 3.51438 3.51438
2.70191 0.00000 2.70191 2.70191
2.41733 0.00000 2.41733 2.41733
1.81129 0.00000 1.81129 1.81129
3.01410 0.00000 3.01410 3.01410
2.54478 0.00000 2.54478 2.54478
2.41230 0.00000 2.41230 2.41230
3.29179 0.00000 3.29179 3.29179
2.85322 0.00000 2.85322 2.85322
1.47744 0.00000 1.47744 1.47744
1.50935 0.00000 1.50935 1.50935
4.30455 0.00000 4.30455 4.30455
