# avg	std	min	max
1.94377 0.00000 1.94377 1.94377
1.75937 0.00000 1.75937 1.75937
1.61107 0.00000 1.61107 1.61107
-0.08366 0.00000 -0.08366 -0.08366
0.80284 0.00000 0.80284 0.80284
0.32201 0.00000 0.32201 0.32201
0.80165 0.00000 0.80165 0.80165
0.36755 0.00000 0.36755 0.36755
1.92911 0.00000 1.92911 1.92911
1.87400 0.00000 1.87400 1.87400
1.87178 0.00000 1.87178 1.87178
1.39117 0.00000 1.39117 1.39117
1.09814 0.00000 1.09814 1.09814
1.89244 0.00000 1.89244 1.89244
1.37557 0.00000 1.37557 1.37557
2.12722 0.00000 2.12722 2.12722
1.75678 0.00000 1.75678 1.75678
1.19019 0.00000 1.19019 1.19019
0.87091 0.00000 0.87091 0.87091
1.40831 0.00000 1.40831 1.40831
