# avg	std	min	max
2.09128 0.00000 2.09128 2.09128
1.67363 0.00000 1.67363 1.67363
0.76174 0.00000 0.76174 0.76174
-0.01756 0.00000 -0.01756 -0.01756
0.25753 0.00000 0.25753 0.25753
-0.01825 0.00000 -0.01825 -0.01825
1.70570 0.00000 1.70570 1.70570
1.71111 0.00000 1.71111 1.71111
2.04542 0.00000 2.04542 2.04542
1.31521 0.00000 1.31521 1.31521
0.99817 0.00000 0.99817 0.99817
0.92200 0.00000 0.92200 0.92200
1.67336 0.00000 1.67336 1.67336
1.41707 0.00000 1.41707 1.41707
0.59814 0.00000 0.59814 0.59814
2.19276 0.00000 2.19276 2.19276
1.28816 0.00000 1.28816 1.28816
0.50191 0.00000 0.50191 0.50191
0.19663 0.00000 0.19663 0.19663
1.88303 0.00000 1.88303 1.88303
