# avg	std	min	max
-0.15405 0.00000 -0.15405 -0.15405
0.03109 0.00000 0.03109 0.03109
0.25181 0.00000 0.25181 0.25181
-0.01455 0.00000 -0.01455 -0.01455
0.45051 0.00000 0.45051 0.45051
0.01059 0.00000 0.01059 0.01059
-0.51087 0.00000 -0.51087 -0.51087
-0.15895 0.00000 -0.15895 -0.15895
0.37745 0.00000 0.37745 0.37745
-0.00637 0.00000 -0.00637 -0.00637
0.33525 0.00000 0.33525 0.33525
0.11105 0.00000 0.11105 0.11105
-0.51942 0.00000 -0.51942 -0.51942
-0.31642 0.00000 -0.31642 -0.31642
-0.76768 0.00000 -0.76768 -0.76768
0.20394 0.00000 0.20394 0.20394
0.22335 0.00000 0.22335 0.22335
-0.36473 0.00000 -0.36473 -0.36473
-0.17042 0.00000 -0.17042 -0.17042
-0.37006 0.00000 -0.37006 -0.37006
