# avg	std	min	max
1.89129 0.00000 1.89129 1.89129
0.62012 0.00000 0.62012 0.62012
1.83626 0.00000 1.83626 1.83626
-0.04246 0.00000 -0.04246 -0.04246
1.90138 0.00000 1.90138 1.90138
-0.38446 0.00000 -0.38446 -0.38446
-0.57448 0.00000 -0.57448 -0.57448
0.54630 0.00000 0.54630 0.54630
6.81260 0.00000 6.81260 6.81260
0.43526 0.00000 0.43526 0.43526
1.38352 0.00000 1.38352 1.38352
1.51734 0.00000 1.51734 1.51734
-0.06322 0.00000 -0.06322 -0.06322
0.28083 0.00000 0.28083 0.28083
1.14328 0.00000 1.14328 1.14328
0.91410 0.00000 0.91410 0.91410
0.48387 0.00000 0.48387 0.48387
2.37509 0.00000 2.37509 2.37509
3.24892 0.00000 3.24892 3.24892
0.75303 0.00000 0.75303 0.75303
