# avg	std	min	max
3.87971 0.00000 3.87971 3.87971
1.69438 0.00000 1.69438 1.69438
1.65199 0.00000 1.65199 1.65199
-0.01310 0.00000 -0.01310 -0.01310
2.74698 0.00000 2.74698 2.74698
1.23014 0.00000 1.23014 1.23014
5.18785 0.00000 5.18785 5.18785
11.76206 0.00000 11.76206 11.76206
2.29085 0.00000 2.29085 2.29085
2.26119 0.00000 2.26119 2.26119
2.04090 0.00000 2.04090 2.04090
3.28246 0.00000 3.28246 3.28246
8.82110 0.00000 8.82110 8.82110
1.50269 0.00000 1.50269 1.50269
2.86995 0.00000 2.86995 2.86995
3.22284 0.00000 3.22284 3.22284
3.02807 0.00000 3.02807 3.02807
3.45271 0.00000 3.45271 3.45271
5.34344 0.00000 5.34344 5.34344
3.13435 0.00000 3.13435 3.13435
