# avg	std	min	max
0.54241 0.00000 0.54241 0.54241
0.80037 0.00000 0.80037 0.80037
2.11730 0.00000 2.11730 2.11730
0.00005 0.00000 0.00005 0.00005
0.58715 0.00000 0.58715 0.58715
0.71878 0.00000 0.71878 0.71878
0.89273 0.00000 0.89273 0.89273
0.83829 0.00000 0.83829 0.83829
2.27712 0.00000 2.27712 2.27712
0.43396 0.00000 0.43396 0.43396
2.03938 0.00000 2.03938 2.03938
0.14855 0.00000 0.14855 0.14855
1.29662 0.00000 1.29662 1.29662
0.20233 0.00000 0.20233 0.20233
0.47944 0.00000 0.47944 0.47944
0.07433 0.00000 0.07433 0.07433
0.55357 0.00000 0.55357 0.55357
0.11396 0.00000 0.11396 0.11396
0.18421 0.00000 0.18421 0.18421
0.54607 0.00000 0.54607 0.54607
