# avg	std	min	max
1.66466 0.00000 1.66466 1.66466
1.22226 0.00000 1.22226 1.22226
0.71062 0.00000 0.71062 0.71062
-0.04818 0.00000 -0.04818 -0.04818
0.62170 0.00000 0.62170 0.62170
0.37239 0.00000 0.37239 0.37239
0.47260 0.00000 0.47260 0.47260
0.81739 0.00000 0.81739 0.81739
4.92842 0.00000 4.92842 4.92842
0.82657 0.00000 0.82657 0.82657
1.01546 0.00000 1.01546 1.01546
1.16142 0.00000 1.16142 1.16142
0.63447 0.00000 0.63447 0.63447
1.18010 0.00000 1.18010 1.18010
1.00944 0.00000 1.00944 1.00944
0.69059 0.00000 0.69059 0.69059
0.57960 0.00000 0.57960 0.57960
0.67852 0.00000 0.67852 0.67852
1.46581 0.00000 1.46581 1.46581
1.31669 0.00000 1.31669 1.31669
