# avg	std	min	max
0.08870 0.00000 0.08870 0.08870
-0.00669 0.00000 -0.00669 -0.00669
0.43902 0.00000 0.43902 0.43902
-0.00746 0.00000 -0.00746 -0.00746
0.17526 0.00000 0.17526 0.17526
-0.09783 0.00000 -0.09783 -0.09783
-0.10915 0.00000 -0.10915 -0.10915
-0.49953 0.00000 -0.49953 -0.49953
-1.42770 0.00000 -1.42770 -1.42770
0.38710 0.00000 0.38710 0.38710
0.19794 0.00000 0.19794 0.19794
0.06167 0.00000 0.06167 0.06167
-0.06212 0.00000 -0.06212 -0.06212
0.28246 0.00000 0.28246 0.28246
-0.20968 0.00000 -0.20968 -0.20968
-0.18152 0.00000 -0.18152 -0.18152
-1.40348 0.00000 -1.40348 -1.40348
0.29306 0.00000 0.29306 0.29306
0.50117 0.00000 0.50117 0.50117
0.12447 0.00000 0.12447 0.12447
