# avg	std	min	max
1.36892 0.00000 1.36892 1.36892
0.98241 0.00000 0.98241 0.98241
0.76387 0.00000 0.76387 0.76387
0.00001 0.00000 0.00001 0.00001
0.30330 0.00000 0.30330 0.30330
-0.07112 0.00000 -0.07112 -0.07112
-0.03860 0.00000 -0.03860 -0.03860
0.05382 0.00000 0.05382 0.05382
1.30364 0.00000 1.30364 1.30364
1.10175 0.00000 1.10175 1.10175
1.16636 0.00000 1.16636 1.16636
0.98198 0.00000 0.98198 0.98198
0.14433 0.00000 0.14433 0.14433
0.53485 0.00000 0.53485 0.53485
0.57859 0.00000 0.57859 0.57859
0.61414 0.00000 0.61414 0.61414
0.25035 0.00000 0.25035 0.25035
0.19571 0.00000 0.19571 0.19571
0.77971 0.00000 0.77971 0.77971
0.55774 0.00000 0.55774 0.55774
