# avg	std	min	max
2.09200 0.00000 2.09200 2.09200
1.81901 0.00000 1.81901 1.81901
1.99784 0.00000 1.99784 1.99784
-0.00724 0.00000 -0.00724 -0.00724
0.75159 0.00000 0.75159 0.75159
-0.82837 0.00000 -0.82837 -0.82837
0.65127 0.00000 0.65127 0.65127
4.20652 0.00000 4.20652 4.20652
4.39130 0.00000 4.39130 4.39130
1.18660 0.00000 1.18660 1.18660
1.46246 0.00000 1.46246 1.46246
1.45743 0.00000 1.45743 1.45743
3.77986 0.00000 3.77986 3.77986
1.15142 0.00000 1.15142 1.15142
1.27328 0.00000 1.27328 1.27328
2.10774 0.00000 2.10774 2.10774
1.52589 0.00000 1.52589 1.52589
1.67510 0.00000 1.67510 1.67510
2.29939 0.00000 2.29939 2.29939
1.23271 0.00000 1.23271 1.23271
