# avg	std	min	max
1.62351 0.00000 1.62351 1.62351
0.90060 0.00000 0.90060 0.90060
0.57826 0.00000 0.57826 0.57826
-0.03992 0.00000 -0.03992 -0.03992
0.34633 0.00000 0.34633 0.34633
0.01173 0.00000 0.01173 0.01173
0.06892 0.00000 0.06892 0.06892
0.19441 0.00000 0.19441 0.19441
2.48439 0.00000 2.48439 2.48439
0.31480 0.00000 0.31480 0.31480
0.49330 0.00000 0.49330 0.49330
0.35788 0.00000 0.35788 0.35788
0.20703 0.00000 0.20703 0.20703
-0.16085 0.00000 -0.16085 -0.16085
0.37884 0.00000 0.37884 0.37884
1.08222 0.00000 1.08222 1.08222
0.64244 0.00000 0.64244 0.64244
-0.19916 0.00000 -0.19916 -0.19916
0.02490 0.00000 0.02490 0.02490
0.37552 0.00000 0.37552 0.37552
