# avg	std	min	max
2.36459 0.00000 2.36459 2.36459
1.75795 0.00000 1.75795 1.75795
0.93338 0.00000 0.93338 0.93338
-0.00571 0.00000 -0.00571 -0.00571
0.44205 0.00000 0.44205 0.44205
-0.15936 0.00000 -0.15936 -0.15936
1.02308 0.00000 1.02308 1.02308
2.24610 0.00000 2.24610 2.24610
0.35543 0.00000 0.35543 0.35543
2.53324 0.00000 2.53324 2.53324
1.73497 0.00000 1.73497 1.73497
1.64635 0.00000 1.64635 1.64635
1.25947 0.00000 1.25947 1.25947
2.59745 0.00000 2.59745 2.59745
2.27304 0.00000 2.27304 2.27304
3.05923 0.00000 3.05923 3.05923
2.56367 0.00000 2.56367 2.56367
1.78473 0.00000 1.78473 1.78473
2.37925 0.00000 2.37925 2.37925
2.01062 0.00000 2.01062 2.01062
