# avg	std	min	max
2.65511 0.00000 2.65511 2.65511
1.66784 0.00000 1.66784 1.66784
2.39387 0.00000 2.39387 2.39387
-0.00722 0.00000 -0.00722 -0.00722
1.07259 0.00000 1.07259 1.07259
-0.12278 0.00000 -0.12278 -0.12278
0.92148 0.00000 0.92148 0.92148
1.10511 0.00000 1.10511 1.10511
5.43139 0.00000 5.43139 5.43139
1.73613 0.00000 1.73613 1.73613
3.23811 0.00000 3.23811 3.23811
2.12110 0.00000 2.12110 2.12110
1.17230 0.00000 1.17230 1.17230
2.40657 0.00000 2.40657 2.40657
1.38458 0.00000 1.38458 1.38458
3.42187 0.00000 3.42187 3.42187
2.44170 0.00000 2.44170 2.44170
0.05100 0.00000 0.05100 0.05100
0.75637 0.00000 0.75637 0.75637
1.93977 0.00000 1.93977 1.93977
