# avg	std	min	max
1.66489 0.00000 1.66489 1.66489
1.77319 0.00000 1.77319 1.77319
0.90593 0.00000 0.90593 0.90593
-0.01153 0.00000 -0.01153 -0.01153
0.63849 0.00000 0.63849 0.63849
0.42876 0.00000 0.42876 0.42876
0.35035 0.00000 0.35035 0.35035
0.41597 0.00000 0.41597 0.41597
6.26600 0.00000 6.26600 6.26600
0.46967 0.00000 0.46967 0.46967
0.49956 0.00000 0.49956 0.49956
2.85261 0.00000 2.85261 2.85261
0.99494 0.00000 0.99494 0.99494
0.48992 0.00000 0.48992 0.48992
0.89341 0.00000 0.89341 0.89341
1.64800 0.00000 1.64800 1.64800
1.35914 0.00000 1.35914 1.35914
0.67803 0.00000 0.67803 0.67803
0.33398 0.00000 0.33398 0.33398
1.49623 0.00000 1.49623 1.49623
