# avg	std	min	max
0.81553 0.00000 0.81553 0.81553
0.03516 0.00000 0.03516 0.03516
1.54337 0.00000 1.54337 1.54337
-0.01256 0.00000 -0.01256 -0.01256
1.30894 0.00000 1.30894 1.30894
0.05337 0.00000 0.05337 0.05337
-0.05013 0.00000 -0.05013 -0.05013
1.20025 0.00000 1.20025 1.20025
7.93646 0.00000 7.93646 7.93646
0.28024 0.00000 0.28024 0.28024
0.76505 0.00000 0.76505 0.76505
0.39600 0.00000 0.39600 0.39600
0.40811 0.00000 0.40811 0.40811
0.76550 0.00000 0.76550 0.76550
0.53092 0.00000 0.53092 0.53092
2.08527 0.00000 2.08527 2.08527
1.09379 0.00000 1.09379 1.09379
0.12119 0.00000 0.12119 0.12119
0.20305 0.00000 0.20305 0.20305
0.15576 0.00000 0.15576 0.15576
