# avg	std	min	max
1.37892 0.00000 1.37892 1.37892
0.71832 0.00000 0.71832 0.71832
1.01711 0.00000 1.01711 1.01711
-0.00095 0.00000 -0.00095 -0.00095
0.67343 0.00000 0.67343 0.67343
-0.04729 0.00000 -0.04729 -0.04729
0.54972 0.00000 0.54972 0.54972
-0.77168 0.00000 -0.77168 -0.77168
0.47278 0.00000 0.47278 0.47278
1.26503 0.00000 1.26503 1.26503
1.13936 0.00000 1.13936 1.13936
1.33723 0.00000 1.33723 1.33723
0.51131 0.00000 0.51131 0.51131
1.20813 0.00000 1.20813 1.20813
0.56087 0.00000 0.56087 0.56087
0.85255 0.00000 0.85255 0.85255
0.30303 0.00000 0.30303 0.30303
0.61718 0.00000 0.61718 0.61718
0.70915 0.00000 0.70915 0.70915
1.56133 0.00000 1.56133 1.56133
