# avg	std	min	max
2.75608 0.00000 2.75608 2.75608
1.94320 0.00000 1.94320 1.94320
1.25870 0.00000 1.25870 1.25870
-0.00654 0.00000 -0.00654 -0.00654
0.51498 0.00000 0.51498 0.51498
-0.07413 0.00000 -0.07413 -0.07413
0.88911 0.00000 0.88911 0.88911
5.77387 0.00000 5.77387 5.77387
4.52927 0.00000 4.52927 4.52927
2.19606 0.00000 2.19606 2.19606
1.41337 0.00000 1.41337 1.41337
2.07078 0.00000 2.07078 2.07078
7.86117 0.00000 7.86117 7.86117
2.04295 0.00000 2.04295 2.04295
1.27896 0.00000 1.27896 1.27896
2.32114 0.00000 2.32114 2.32114
2.00868 0.00000 2.00868 2.00868
2.51095 0.00000 2.51095 2.51095
3.94347 0.00000 3.94347 3.94347
3.50079 0.00000 3.50079 3.50079
