# avg	std	min	max
3.23765 0.00000 3.23765 3.23765
1.93880 0.00000 1.93880 1.93880
2.80677 0.00000 2.80677 2.80677
-0.02317 0.00000 -0.02317 -0.02317
1.79924 0.00000 1.79924 1.79924
-0.02283 0.00000 -0.02283 -0.02283
-0.24330 0.00000 -0.24330 -0.24330
1.59160 0.00000 1.59160 1.59160
6.52072 0.00000 6.52072 6.52072
2.43740 0.00000 2.43740 2.43740
2.72975 0.00000 2.72975 2.72975
2.31278 0.00000 2.31278 2.31278
-0.27131 0.00000 -0.27131 -0.27131
2.02712 0.00000 2.02712 2.02712
2.31180 0.00000 2.31180 2.31180
3.04030 0.00000 3.04030 3.04030
2.18769 0.00000 2.18769 2.18769
2.48099 0.00000 2.48099 2.48099
2.93666 0.00000 2.93666 2.93666
2.05855 0.00000 2.05855 2.05855
