# avg	std	min	max
0.52267 0.00000 0.52267 0.52267
0.07928 0.00000 0.07928 0.07928
0.49081 0.00000 0.49081 0.49081
-0.11149 0.00000 -0.11149 -0.11149
0.22804 0.00000 0.22804 0.22804
0.01903 0.00000 0.01903 0.01903
0.11748 0.00000 0.11748 0.11748
-0.00328 0.00000 -0.00328 -0.00328
-0.35536 0.00000 -0.35536 -0.35536
0.63802 0.00000 0.63802 0.63802
0.21507 0.00000 0.21507 0.21507
0.58309 0.00000 0.58309 0.58309
0.20724 0.00000 0.20724 0.20724
0.60698 0.00000 0.60698 0.60698
-0.31480 0.00000 -0.31480 -0.31480
0.37512 0.00000 0.37512 0.37512
0.02961 0.00000 0.02961 0.02961
0.29633 0.00000 0.29633 0.29633
0.22033 0.00000 0.22033 0.22033
0.58732 0.00000 0.58732 0.58732
