# avg	std	min	max
3.45884 0.00000 3.45884 3.45884
2.51577 0.00000 2.51577 2.51577
1.60491 0.00000 1.60491 1.60491
0.87538 0.00000 0.87538 0.87538
1.27835 0.00000 1.27835 1.27835
-0.04148 0.00000 -0.04148 -0.04148
1.01404 0.00000 1.01404 1.01404
2.62049 0.00000 2.62049 2.62049
4.62555 0.00000 4.62555 4.62555
3.14049 0.00000 3.14049 3.14049
3.07376 0.00000 3.07376 3.07376
2.62288 0.00000 2.62288 2.62288
0.62101 0.00000 0.62101 0.62101
2.98848 0.00000 2.98848 2.98848
2.57196 0.00000 2.57196 2.57196
4.20535 0.00000 4.20535 4.20535
3.02148 0.00000 3.02148 3.02148
2.14723 0.00000 2.14723 2.14723
1.58113 0.00000 1.58113 1.58113
3.51855 0.00000 3.51855 3.51855
