# avg	std	min	max
1.40543 0.00000 1.40543 1.40543
1.00720 0.00000 1.00720 1.00720
2.12217 0.00000 2.12217 2.12217
1.09460 0.00000 1.09460 1.09460
1.57438 0.00000 1.57438 1.57438
0.98377 0.00000 0.98377 0.98377
1.05284 0.00000 1.05284 1.05284
0.68835 0.00000 0.68835 0.68835
3.06189 0.00000 3.06189 3.06189
1.34614 0.00000 1.34614 1.34614
1.91516 0.00000 1.91516 1.91516
1.38871 0.00000 1.38871 1.38871
1.68462 0.00000 1.68462 1.68462
-0.00810 0.00000 -0.00810 -0.00810
1.45908 0.00000 1.45908 1.45908
0.98928 0.00000 0.98928 0.98928
2.92756 0.00000 2.92756 2.92756
1.53489 0.00000 1.53489 1.53489
1.48072 0.00000 1.48072 1.48072
1.40715 0.00000 1.40715 1.40715
