# avg	std	min	max
-1.64993 0.00000 -1.64993 -1.64993
0.05122 0.00000 0.05122 0.05122
1.07623 0.00000 1.07623 1.07623
-0.06865 0.00000 -0.06865 -0.06865
1.09409 0.00000 1.09409 1.09409
-0.74410 0.00000 -0.74410 -0.74410
1.50459 0.00000 1.50459 1.50459
1.30886 0.00000 1.30886 1.30886
1.77189 0.00000 1.77189 1.77189
-0.02541 0.00000 -0.02541 -0.02541
1.48831 0.00000 1.48831 1.48831
-0.27406 0.00000 -0.27406 -0.27406
1.20112 0.00000 1.20112 1.20112
-0.02915 0.00000 -0.02915 -0.02915
-0.24590 0.00000 -0.24590 -0.24590
0.25412 0.00000 0.25412 0.25412
0.35088 0.00000 0.35088 0.35088
-0.01059 0.00000 -0.01059 -0.01059
0.01476 0.00000 0.01476 0.01476
1.93758 0.00000 1.93758 1.93758
