# avg	std	min	max
0.85495 0.00000 0.85495 0.85495
-0.27139 0.00000 -0.27139 -0.27139
0.70425 0.00000 0.70425 0.70425
-0.86049 0.00000 -0.86049 -0.86049
0.53667 0.00000 0.53667 0.53667
-1.22448 0.00000 -1.22448 -1.22448
-0.28187 0.00000 -0.28187 -0.28187
-0.57629 0.00000 -0.57629 -0.57629
5.23623 0.00000 5.23623 5.23623
0.06223 0.00000 0.06223 0.06223
0.77203 0.00000 0.77203 0.77203
0.04366 0.00000 0.04366 0.04366
-0.06854 0.00000 -0.06854 -0.06854
0.00000 0.00000 0.00000 0.00000
-0.34973 0.00000 -0.34973 -0.34973
-0.03060 0.00000 -0.03060 -0.03060
-0.63305 0.00000 -0.63305 -0.63305
-0.31426 0.00000 -0.31426 -0.31426
-0.04847 0.00000 -0.04847 -0.04847
0.28561 0.00000 0.28561 0.28561
