# avg	std	min	max
-0.22707 0.00000 -0.22707 -0.22707
-0.10079 0.00000 -0.10079 -0.10079
0.29086 0.00000 0.29086 0.29086
0.23065 0.00000 0.23065 0.23065
0.28907 0.00000 0.28907 0.28907
0.31857 0.00000 0.31857 0.31857
-0.09811 0.00000 -0.09811 -0.09811
0.03044 0.00000 0.03044 0.03044
2.09725 0.00000 2.09725 2.09725
-0.14050 0.00000 -0.14050 -0.14050
0.14530 0.00000 0.14530 0.14530
-0.02146 0.00000 -0.02146 -0.02146
-0.00449 0.00000 -0.00449 -0.00449
-0.00981 0.00000 -0.00981 -0.00981
-0.24488 0.00000 -0.24488 -0.24488
-0.40478 0.00000 -0.40478 -0.40478
-0.47802 0.00000 -0.47802 -0.47802
0.12002 0.00000 0.12002 0.12002
-0.06337 0.00000 -0.06337 -0.06337
0.01973 0.00000 0.01973 0.01973
