# avg	std	min	max
-0.00153 0.00000 -0.00153 -0.00153
0.44366 0.00000 0.44366 0.44366
1.06958 0.00000 1.06958 1.06958
-0.45100 0.00000 -0.45100 -0.45100
1.04872 0.00000 1.04872 1.04872
-0.06651 0.00000 -0.06651 -0.06651
-0.93595 0.00000 -0.93595 -0.93595
-0.37864 0.00000 -0.37864 -0.37864
2.95056 0.00000 2.95056 2.95056
0.19687 0.00000 0.19687 0.19687
1.43851 0.00000 1.43851 1.43851
0.71293 0.00000 0.71293 0.71293
-1.70651 0.00000 -1.70651 -1.70651
-0.02096 0.00000 -0.02096 -0.02096
-0.15028 0.00000 -0.15028 -0.15028
2.75146 0.00000 2.75146 2.75146
2.96637 0.00000 2.96637 2.96637
-0.11991 0.00000 -0.11991 -0.11991
-1.58672 0.00000 -1.58672 -1.58672
-1.33830 0.00000 -1.33830 -1.33830
