# avg	std	min	max
0.19195 0.00000 0.19195 0.19195
2.33033 0.00000 2.33033 2.33033
2.75062 0.00000 2.75062 2.75062
2.38290 0.00000 2.38290 2.38290
2.62032 0.00000 2.62032 2.62032
2.07075 0.00000 2.07075 2.07075
2.07755 0.00000 2.07755 2.07755
1.64233 0.00000 1.64233 1.64233
0.00005 0.00000 0.00005 0.00005
0.48447 0.00000 0.48447 0.48447
2.36990 0.00000 2.36990 2.36990
2.27116 0.00000 2.27116 2.27116
2.15556 0.00000 2.15556 2.15556
0.19872 0.00000 0.19872 0.19872
2.10341 0.00000 2.10341 2.10341
-0.58029 0.00000 -0.58029 -0.58029
0.44866 0.00000 0.44866 0.44866
0.47037 0.00000 0.47037 0.47037
0.66460 0.00000 0.66460 0.66460
2.00799 0.00000 2.00799 2.00799
