# avg	std	min	max
1.32689 0.00000 1.32689 1.32689
1.88524 0.00000 1.88524 1.88524
2.62870 0.00000 2.62870 2.62870
1.16443 0.00000 1.16443 1.16443
2.61587 0.00000 2.61587 2.61587
1.12914 0.00000 1.12914 1.12914
1.07064 0.00000 1.07064 1.07064
1.42044 0.00000 1.42044 1.42044
-0.00544 0.00000 -0.00544 -0.00544
1.94847 0.00000 1.94847 1.94847
2.96428 0.00000 2.96428 2.96428
2.47928 0.00000 2.47928 2.47928
1.11633 0.00000 1.11633 1.11633
1.09807 0.00000 1.09807 1.09807
2.12070 0.00000 2.12070 2.12070
0.22780 0.00000 0.22780 0.22780
1.54592 0.00000 1.54592 1.54592
0.79245 0.00000 0.79245 0.79245
1.48499 0.00000 1.48499 1.48499
2.02250 0.00000 2.02250 2.02250
