# avg	std	min	max
2.82654 0.00000 2.82654 2.82654
1.70082 0.00000 1.70082 1.70082
2.24417 0.00000 2.24417 2.24417
0.71276 0.00000 0.71276 0.71276
1.61180 0.00000 1.61180 1.61180
0.90866 0.00000 0.90866 0.90866
0.73470 0.00000 0.73470 0.73470
1.50407 0.00000 1.50407 1.50407
-0.00337 0.00000 -0.00337 -0.00337
2.38905 0.00000 2.38905 2.38905
2.46393 0.00000 2.46393 2.46393
2.01394 0.00000 2.01394 2.01394
1.39664 0.00000 1.39664 1.39664
2.05425 0.00000 2.05425 2.05425
1.50473 0.00000 1.50473 1.50473
2.47475 0.00000 2.47475 2.47475
2.09640 0.00000 2.09640 2.09640
0.89000 0.00000 0.89000 0.89000
0.29925 0.00000 0.29925 0.29925
2.01259 0.00000 2.01259 2.01259
