# avg	std	min	max
-0.21201 0.00000 -0.21201 -0.21201
0.93114 0.00000 0.93114 0.93114
2.07080 0.00000 2.07080 2.07080
0.89110 0.00000 0.89110 0.89110
1.71813 0.00000 1.71813 1.71813
0.68308 0.00000 0.68308 0.68308
0.71215 0.00000 0.71215 0.71215
2.65797 0.00000 2.65797 2.65797
-0.07398 0.00000 -0.07398 -0.07398
0.61935 0.00000 0.61935 0.61935
1.82921 0.00000 1.82921 1.82921
1.53806 0.00000 1.53806 1.53806
0.86864 0.00000 0.86864 0.86864
0.17295 0.00000 0.17295 0.17295
1.38715 0.00000 1.38715 1.38715
-0.50158 0.00000 -0.50158 -0.50158
-0.16650 0.00000 -0.16650 -0.16650
1.31142 0.00000 1.31142 1.31142
0.05195 0.00000 0.05195 0.05195
1.40737 0.00000 1.40737 1.40737
