# avg	std	min	max
1.92809 0.00000 1.92809 1.92809
1.58410 0.00000 1.58410 1.58410
2.44073 0.00000 2.44073 2.44073
1.54497 0.00000 1.54497 1.54497
2.54390 0.00000 2.54390 2.54390
1.02038 0.00000 1.02038 1.02038
1.35272 0.00000 1.35272 1.35272
0.62482 0.00000 0.62482 0.62482
-0.00075 0.00000 -0.00075 -0.00075
1.70913 0.00000 1.70913 1.70913
2.61343 0.00000 2.61343 2.61343
1.58804 0.00000 1.58804 1.58804
1.42234 0.00000 1.42234 1.42234
2.24491 0.00000 2.24491 2.24491
1.66128 0.00000 1.66128 1.66128
1.58103 0.00000 1.58103 1.58103
1.45785 0.00000 1.45785 1.45785
1.80149 0.00000 1.80149 1.80149
1.71546 0.00000 1.71546 1.71546
2.10483 0.00000 2.10483 2.10483
