# avg	std	min	max
1.92997 0.00000 1.92997 1.92997
1.47261 0.00000 1.47261 1.47261
1.65359 0.00000 1.65359 1.65359
1.28983 0.00000 1.28983 1.28983
1.20982 0.00000 1.20982 1.20982
0.57496 0.00000 0.57496 0.57496
1.24512 0.00000 1.24512 1.24512
0.29908 0.00000 0.29908 0.29908
-0.00390 0.00000 -0.00390 -0.00390
1.78918 0.00000 1.78918 1.78918
2.07486 0.00000 2.07486 2.07486
1.28524 0.00000 1.28524 1.28524
1.28093 0.00000 1.28093 1.28093
1.38338 0.00000 1.38338 1.38338
1.43993 0.00000 1.43993 1.43993
0.56110 0.00000 0.56110 0.56110
1.01217 0.00000 1.01217 1.01217
1.14423 0.00000 1.14423 1.14423
1.86369 0.00000 1.86369 1.86369
1.28169 0.00000 1.28169 1.28169
