# avg	std	min	max
1.03851 0.00000 1.03851 1.03851
0.81947 0.00000 0.81947 0.81947
1.03209 0.00000 1.03209 1.03209
0.62226 0.00000 0.62226 0.62226
0.84346 0.00000 0.84346 0.84346
0.82002 0.00000 0.82002 0.82002
0.39123 0.00000 0.39123 0.39123
0.45725 0.00000 0.45725 0.45725
0.00493 0.00000 0.00493 0.00493
0.89977 0.00000 0.89977 0.89977
1.10234 0.00000 1.10234 1.10234
0.94139 0.00000 0.94139 0.94139
0.19824 0.00000 0.19824 0.19824
0.93433 0.00000 0.93433 0.93433
0.56737 0.00000 0.56737 0.56737
0.77901 0.00000 0.77901 0.77901
0.13191 0.00000 0.13191 0.13191
0.59434 0.00000 0.59434 0.59434
0.72661 0.00000 0.72661 0.72661
0.93078 0.00000 0.93078 0.93078
