# avg	std	min	max
1.84642 0.00000 1.84642 1.84642
1.40504 0.00000 1.40504 1.40504
1.57539 0.00000 1.57539 1.57539
1.04719 0.00000 1.04719 1.04719
0.98653 0.00000 0.98653 0.98653
0.58031 0.00000 0.58031 0.58031
0.69507 0.00000 0.69507 0.69507
0.19499 0.00000 0.19499 0.19499
-0.00100 0.00000 -0.00100 -0.00100
1.68335 0.00000 1.68335 1.68335
1.55414 0.00000 1.55414 1.55414
1.44865 0.00000 1.44865 1.44865
0.70910 0.00000 0.70910 0.70910
1.38749 0.00000 1.38749 1.38749
1.24506 0.00000 1.24506 1.24506
1.36970 0.00000 1.36970 1.36970
1.04680 0.00000 1.04680 1.04680
1.06626 0.00000 1.06626 1.06626
1.02472 0.00000 1.02472 1.02472
1.50453 0.00000 1.50453 1.50453
