# avg	std	min	max
2.81869 0.00000 2.81869 2.81869
1.96722 0.00000 1.96722 1.96722
1.78743 0.00000 1.78743 1.78743
4.14850 0.00000 4.14850 4.14850
2.81782 0.00000 2.81782 2.81782
4.73663 0.00000 4.73663 4.73663
7.54804 0.00000 7.54804 7.54804
5.04050 0.00000 5.04050 5.04050
-0.00131 0.00000 -0.00131 -0.00131
3.50866 0.00000 3.50866 3.50866
4.26539 0.00000 4.26539 4.26539
3.36775 0.00000 3.36775 3.36775
6.55570 0.00000 6.55570 6.55570
5.49530 0.00000 5.49530 5.49530
4.03417 0.00000 4.03417 4.03417
4.28763 0.00000 4.28763 4.28763
3.48197 0.00000 3.48197 3.48197
4.95301 0.00000 4.95301 4.95301
4.28690 0.00000 4.28690 4.28690
3.61528 0.00000 3.61528 3.61528
