# avg	std	min	max
3.02173 0.00000 3.02173 3.02173
2.16414 0.00000 2.16414 2.16414
2.56146 0.00000 2.56146 2.56146
3.91837 0.00000 3.91837 3.91837
3.36792 0.00000 3.36792 3.36792
2.76694 0.00000 2.76694 2.76694
2.23047 0.00000 2.23047 2.23047
3.14586 0.00000 3.14586 3.14586
-0.00154 0.00000 -0.00154 -0.00154
3.60035 0.00000 3.60035 3.60035
3.80852 0.00000 3.80852 3.80852
2.44858 0.00000 2.44858 2.44858
2.67952 0.00000 2.67952 2.67952
3.23360 0.00000 3.23360 3.23360
3.74148 0.00000 3.74148 3.74148
4.20298 0.00000 4.20298 4.20298
3.76851 0.00000 3.76851 3.76851
3.13294 0.00000 3.13294 3.13294
3.49601 0.00000 3.49601 3.49601
4.13214 0.00000 4.13214 4.13214
