# avg	std	min	max
2.94032 0.00000 2.94032 2.94032
1.67907 0.00000 1.67907 1.67907
2.16557 0.00000 2.16557 2.16557
-0.33653 0.00000 -0.33653 -0.33653
1.53402 0.00000 1.53402 1.53402
-0.30084 0.00000 -0.30084 -0.30084
0.37067 0.00000 0.37067 0.37067
0.54463 0.00000 0.54463 0.54463
10.18434 0.00000 10.18434 10.18434
2.17355 0.00000 2.17355 2.17355
2.67791 0.00000 2.67791 2.67791
2.24436 0.00000 2.24436 2.24436
1.82481 0.00000 1.82481 1.82481
0.93943 0.00000 0.93943 0.93943
0.01505 0.00000 0.01505 0.01505
0.81314 0.00000 0.81314 0.81314
-1.02062 0.00000 -1.02062 -1.02062
1.45596 0.00000 1.45596 1.45596
0.95180 0.00000 0.95180 0.95180
1.24738 0.00000 1.24738 1.24738
