# avg	std	min	max
1.41303 0.00000 1.41303 1.41303
0.70214 0.00000 0.70214 0.70214
0.67721 0.00000 0.67721 0.67721
-0.05108 0.00000 -0.05108 -0.05108
1.10828 0.00000 1.10828 1.10828
-0.22828 0.00000 -0.22828 -0.22828
2.04595 0.00000 2.04595 2.04595
2.61221 0.00000 2.61221 2.61221
6.64903 0.00000 6.64903 6.64903
0.76128 0.00000 0.76128 0.76128
1.47053 0.00000 1.47053 1.47053
0.28019 0.00000 0.28019 0.28019
1.55615 0.00000 1.55615 1.55615
0.89697 0.00000 0.89697 0.89697
-0.01656 0.00000 -0.01656 -0.01656
1.59129 0.00000 1.59129 1.59129
0.14586 0.00000 0.14586 0.14586
-0.02606 0.00000 -0.02606 -0.02606
0.56757 0.00000 0.56757 0.56757
2.24821 0.00000 2.24821 2.24821
