# avg	std	min	max
0.73709 0.00000 0.73709 0.73709
0.18643 0.00000 0.18643 0.18643
1.52543 0.00000 1.52543 1.52543
-0.36794 0.00000 -0.36794 -0.36794
1.39930 0.00000 1.39930 1.39930
-0.11553 0.00000 -0.11553 -0.11553
-0.33219 0.00000 -0.33219 -0.33219
-0.12753 0.00000 -0.12753 -0.12753
2.54434 0.00000 2.54434 2.54434
-0.18226 0.00000 -0.18226 -0.18226
0.13184 0.00000 0.13184 0.13184
0.08955 0.00000 0.08955 0.08955
-1.12867 0.00000 -1.12867 -1.12867
0.60786 0.00000 0.60786 0.60786
-0.00000 0.00000 -0.00000 -0.00000
1.80759 0.00000 1.80759 1.80759
1.44116 0.00000 1.44116 1.44116
0.12653 0.00000 0.12653 0.12653
0.30819 0.00000 0.30819 0.30819
0.82502 0.00000 0.82502 0.82502
