# avg	std	min	max
-0.03894 0.00000 -0.03894 -0.03894
-0.00218 0.00000 -0.00218 -0.00218
0.12905 0.00000 0.12905 0.12905
0.02109 0.00000 0.02109 0.02109
0.09108 0.00000 0.09108 0.09108
-0.03901 0.00000 -0.03901 -0.03901
-0.12232 0.00000 -0.12232 -0.12232
-0.06791 0.00000 -0.06791 -0.06791
-0.56870 0.00000 -0.56870 -0.56870
0.11144 0.00000 0.11144 0.11144
0.09985 0.00000 0.09985 0.09985
2.25374 0.00000 2.25374 2.25374
-0.08342 0.00000 -0.08342 -0.08342
0.00644 0.00000 0.00644 0.00644
-0.00055 0.00000 -0.00055 -0.00055
-0.06562 0.00000 -0.06562 -0.06562
-0.09127 0.00000 -0.09127 -0.09127
0.02055 0.00000 0.02055 0.02055
0.06574 0.00000 0.06574 0.06574
-0.01329 0.00000 -0.01329 -0.01329
