# avg	std	min	max
0.61727 0.00000 0.61727 0.61727
-0.14693 0.00000 -0.14693 -0.14693
-0.49609 0.00000 -0.49609 -0.49609
-2.14482 0.00000 -2.14482 -2.14482
-1.01152 0.00000 -1.01152 -1.01152
-1.90989 0.00000 -1.90989 -1.90989
-2.74626 0.00000 -2.74626 -2.74626
-2.12572 0.00000 -2.12572 -2.12572
2.04442 0.00000 2.04442 2.04442
0.66992 0.00000 0.66992 0.66992
0.74834 0.00000 0.74834 0.74834
-0.48143 0.00000 -0.48143 -0.48143
-2.49210 0.00000 -2.49210 -2.49210
0.48535 0.00000 0.48535 0.48535
-0.11803 0.00000 -0.11803 -0.11803
1.05334 0.00000 1.05334 1.05334
0.96721 0.00000 0.96721 0.96721
-1.51355 0.00000 -1.51355 -1.51355
-1.75836 0.00000 -1.75836 -1.75836
-0.36553 0.00000 -0.36553 -0.36553
