# avg	std	min	max
-0.43145 0.00000 -0.43145 -0.43145
-0.70886 0.00000 -0.70886 -0.70886
-0.42779 0.00000 -0.42779 -0.42779
-0.75409 0.00000 -0.75409 -0.75409
-0.12372 0.00000 -0.12372 -0.12372
-0.80936 0.00000 -0.80936 -0.80936
-0.97018 0.00000 -0.97018 -0.97018
-0.36543 0.00000 -0.36543 -0.36543
-1.00986 0.00000 -1.00986 -1.00986
-0.83512 0.00000 -0.83512 -0.83512
0.38753 0.00000 0.38753 0.38753
-0.43851 0.00000 -0.43851 -0.43851
-0.93975 0.00000 -0.93975 -0.93975
0.17311 0.00000 0.17311 0.17311
0.00000 0.00000 0.00000 0.00000
0.35682 0.00000 0.35682 0.35682
-0.10170 0.00000 -0.10170 -0.10170
-0.43327 0.00000 -0.43327 -0.43327
-0.08356 0.00000 -0.08356 -0.08356
0.26216 0.00000 0.26216 0.26216
