# avg	std	min	max
0.82544 0.00000 0.82544 0.82544
0.13173 0.00000 0.13173 0.13173
0.54225 0.00000 0.54225 0.54225
0.03302 0.00000 0.03302 0.03302
0.17510 0.00000 0.17510 0.17510
0.06124 0.00000 0.06124 0.06124
0.22990 0.00000 0.22990 0.22990
0.79849 0.00000 0.79849 0.79849
3.30253 0.00000 3.30253 3.30253
1.17645 0.00000 1.17645 1.17645
0.27264 0.00000 0.27264 0.27264
0.96179 0.00000 0.96179 0.96179
0.29464 0.00000 0.29464 0.29464
0.78984 0.00000 0.78984 0.78984
-0.03527 0.00000 -0.03527 -0.03527
1.78930 0.00000 1.78930 1.78930
0.93695 0.00000 0.93695 0.93695
0.01522 0.00000 0.01522 0.01522
-0.25583 0.00000 -0.25583 -0.25583
0.73353 0.00000 0.73353 0.73353
