# avg	std	min	max
0.65773 0.00000 0.65773 0.65773
0.58375 0.00000 0.58375 0.58375
0.49266 0.00000 0.49266 0.49266
0.46369 0.00000 0.46369 0.46369
0.40235 0.00000 0.40235 0.40235
0.51581 0.00000 0.51581 0.51581
0.42683 0.00000 0.42683 0.42683
0.13489 0.00000 0.13489 0.13489
0.54915 0.00000 0.54915 0.54915
0.61799 0.00000 0.61799 0.61799
0.39834 0.00000 0.39834 0.39834
0.49460 0.00000 0.49460 0.49460
0.43041 0.00000 0.43041 0.43041
0.44086 0.00000 0.44086 0.44086
-0.00000 0.00000 -0.00000 -0.00000
0.36346 0.00000 0.36346 0.36346
-0.10663 0.00000 -0.10663 -0.10663
0.47244 0.00000 0.47244 0.47244
0.57044 0.00000 0.57044 0.57044
0.63860 0.00000 0.63860 0.63860
