# avg	std	min	max
0.13653 0.00000 0.13653 0.13653
0.03048 0.00000 0.03048 0.03048
0.75388 0.00000 0.75388 0.75388
-0.10657 0.00000 -0.10657 -0.10657
0.49959 0.00000 0.49959 0.49959
-0.46291 0.00000 -0.46291 -0.46291
-0.41313 0.00000 -0.41313 -0.41313
-0.27452 0.00000 -0.27452 -0.27452
-1.03585 0.00000 -1.03585 -1.03585
0.51400 0.00000 0.51400 0.51400
0.62194 0.00000 0.62194 0.62194
0.32174 0.00000 0.32174 0.32174
-0.20471 0.00000 -0.20471 -0.20471
0.45774 0.00000 0.45774 0.45774
-0.00398 0.00000 -0.00398 -0.00398
0.37477 0.00000 0.37477 0.37477
0.03898 0.00000 0.03898 0.03898
-0.26780 0.00000 -0.26780 -0.26780
-0.38009 0.00000 -0.38009 -0.38009
0.54619 0.00000 0.54619 0.54619
