# avg	std	min	max
-0.04388 0.00000 -0.04388 -0.04388
-0.42721 0.00000 -0.42721 -0.42721
0.49167 0.00000 0.49167 0.49167
-0.93025 0.00000 -0.93025 -0.93025
2.25823 0.00000 2.25823 2.25823
-1.34579 0.00000 -1.34579 -1.34579
-2.04335 0.00000 -2.04335 -2.04335
0.29621 0.00000 0.29621 0.29621
3.54058 0.00000 3.54058 3.54058
-0.59362 0.00000 -0.59362 -0.59362
-0.39246 0.00000 -0.39246 -0.39246
-1.29505 0.00000 -1.29505 -1.29505
-1.58059 0.00000 -1.58059 -1.58059
-0.37502 0.00000 -0.37502 -0.37502
-0.04101 0.00000 -0.04101 -0.04101
0.33217 0.00000 0.33217 0.33217
0.00385 0.00000 0.00385 0.00385
-0.65213 0.00000 -0.65213 -0.65213
-0.01701 0.00000 -0.01701 -0.01701
-0.23244 0.00000 -0.23244 -0.23244
