# avg	std	min	max
0.79092 0.00000 0.79092 0.79092
0.07559 0.00000 0.07559 0.07559
0.50909 0.00000 0.50909 0.50909
-0.13788 0.00000 -0.13788 -0.13788
-0.03952 0.00000 -0.03952 -0.03952
-0.25026 0.00000 -0.25026 -0.25026
-0.02222 0.00000 -0.02222 -0.02222
0.18534 0.00000 0.18534 0.18534
-0.36661 0.00000 -0.36661 -0.36661
0.08200 0.00000 0.08200 0.08200
-0.18589 0.00000 -0.18589 -0.18589
0.71721 0.00000 0.71721 0.71721
0.10947 0.00000 0.10947 0.10947
0.74149 0.00000 0.74149 0.74149
0.00090 0.00000 0.00090 0.00090
-0.12337 0.00000 -0.12337 -0.12337
-0.33250 0.00000 -0.33250 -0.33250
0.25974 0.00000 0.25974 0.25974
0.62163 0.00000 0.62163 0.62163
0.62084 0.00000 0.62084 0.62084
