# avg	std	min	max
1.69165 0.00000 1.69165 1.69165
0.89183 0.00000 0.89183 0.89183
0.68137 0.00000 0.68137 0.68137
0.45347 0.00000 0.45347 0.45347
1.18801 0.00000 1.18801 1.18801
0.55904 0.00000 0.55904 0.55904
0.49944 0.00000 0.49944 0.49944
0.41780 0.00000 0.41780 0.41780
-0.21561 0.00000 -0.21561 -0.21561
1.44675 0.00000 1.44675 1.44675
1.01553 0.00000 1.01553 1.01553
1.24871 0.00000 1.24871 1.24871
0.44255 0.00000 0.44255 0.44255
1.22862 0.00000 1.22862 1.22862
-0.10693 0.00000 -0.10693 -0.10693
1.31516 0.00000 1.31516 1.31516
0.03681 0.00000 0.03681 0.03681
0.56446 0.00000 0.56446 0.56446
0.54360 0.00000 0.54360 0.54360
1.03693 0.00000 1.03693 1.03693
