# avg	std	min	max
0.74920 0.00000 0.74920 0.74920
0.48368 0.00000 0.48368 0.48368
1.84704 0.00000 1.84704 1.84704
0.28949 0.00000 0.28949 0.28949
0.66551 0.00000 0.66551 0.66551
0.09972 0.00000 0.09972 0.09972
5.63821 0.00000 5.63821 5.63821
14.88918 0.00000 14.88918 14.88918
3.32207 0.00000 3.32207 3.32207
0.72548 0.00000 0.72548 0.72548
2.18437 0.00000 2.18437 2.18437
-0.16825 0.00000 -0.16825 -0.16825
6.48099 0.00000 6.48099 6.48099
0.42596 0.00000 0.42596 0.42596
-0.04836 0.00000 -0.04836 -0.04836
5.25264 0.00000 5.25264 5.25264
5.73789 0.00000 5.73789 5.73789
0.52196 0.00000 0.52196 0.52196
3.95892 0.00000 3.95892 3.95892
3.35493 0.00000 3.35493 3.35493
