# avg	std	min	max
-0.81603 0.00000 -0.81603 -0.81603
-0.62473 0.00000 -0.62473 -0.62473
-0.07649 0.00000 -0.07649 -0.07649
-0.08775 0.00000 -0.08775 -0.08775
0.04454 0.00000 0.04454 0.04454
0.09721 0.00000 0.09721 0.09721
-0.24265 0.00000 -0.24265 -0.24265
0.10580 0.00000 0.10580 0.10580
-1.45957 0.00000 -1.45957 -1.45957
-0.44114 0.00000 -0.44114 -0.44114
-0.48479 0.00000 -0.48479 -0.48479
0.70535 0.00000 0.70535 0.70535
-0.07881 0.00000 -0.07881 -0.07881
-0.51236 0.00000 -0.51236 -0.51236
-0.00013 0.00000 -0.00013 -0.00013
-1.19132 0.00000 -1.19132 -1.19132
-0.56239 0.00000 -0.56239 -0.56239
-0.03398 0.00000 -0.03398 -0.03398
-0.02096 0.00000 -0.02096 -0.02096
0.37228 0.00000 0.37228 0.37228
