# avg	std	min	max
0.69198 0.00000 0.69198 0.69198
-0.05082 0.00000 -0.05082 -0.05082
0.40341 0.00000 0.40341 0.40341
-0.22991 0.00000 -0.22991 -0.22991
-0.00152 0.00000 -0.00152 -0.00152
-0.51093 0.00000 -0.51093 -0.51093
0.39360 0.00000 0.39360 0.39360
-0.00979 0.00000 -0.00979 -0.00979
-1.56100 0.00000 -1.56100 -1.56100
0.00144 0.00000 0.00144 0.00144
-0.11554 0.00000 -0.11554 -0.11554
0.68307 0.00000 0.68307 0.68307
0.38429 0.00000 0.38429 0.38429
0.65146 0.00000 0.65146 0.65146
-0.00304 0.00000 -0.00304 -0.00304
0.14267 0.00000 0.14267 0.14267
-0.05839 0.00000 -0.05839 -0.05839
-0.21617 0.00000 -0.21617 -0.21617
0.13577 0.00000 0.13577 0.13577
0.73002 0.00000 0.73002 0.73002
