# avg	std	min	max
1.33414 0.00000 1.33414 1.33414
0.53441 0.00000 0.53441 0.53441
-0.73960 0.00000 -0.73960 -0.73960
-2.50214 0.00000 -2.50214 -2.50214
-1.82590 0.00000 -1.82590 -1.82590
-2.59860 0.00000 -2.59860 -2.59860
1.11103 0.00000 1.11103 1.11103
4.73134 0.00000 4.73134 4.73134
3.95590 0.00000 3.95590 3.95590
1.45478 0.00000 1.45478 1.45478
-0.36730 0.00000 -0.36730 -0.36730
0.54396 0.00000 0.54396 0.54396
2.59034 0.00000 2.59034 2.59034
0.52148 0.00000 0.52148 0.52148
0.13355 0.00000 0.13355 0.13355
2.55504 0.00000 2.55504 2.55504
2.18404 0.00000 2.18404 2.18404
-0.56566 0.00000 -0.56566 -0.56566
2.47148 0.00000 2.47148 2.47148
0.52273 0.00000 0.52273 0.52273
