# avg	std	min	max
0.73036 0.00000 0.73036 0.73036
0.16728 0.00000 0.16728 0.16728
0.62021 0.00000 0.62021 0.62021
-2.03962 0.00000 -2.03962 -2.03962
0.47673 0.00000 0.47673 0.47673
-2.09650 0.00000 -2.09650 -2.09650
0.88420 0.00000 0.88420 0.88420
-0.71136 0.00000 -0.71136 -0.71136
8.67094 0.00000 8.67094 8.67094
-0.19191 0.00000 -0.19191 -0.19191
2.30710 0.00000 2.30710 2.30710
0.09179 0.00000 0.09179 0.09179
2.12889 0.00000 2.12889 2.12889
-0.37369 0.00000 -0.37369 -0.37369
-0.01984 0.00000 -0.01984 -0.01984
1.98928 0.00000 1.98928 1.98928
1.15239 0.00000 1.15239 1.15239
0.39336 0.00000 0.39336 0.39336
-0.10725 0.00000 -0.10725 -0.10725
2.85184 0.00000 2.85184 2.85184
