# avg	std	min	max
-1.17785 0.00000 -1.17785 -1.17785
0.09316 0.00000 0.09316 0.09316
0.45278 0.00000 0.45278 0.45278
0.02667 0.00000 0.02667 0.02667
0.76489 0.00000 0.76489 0.76489
-0.22204 0.00000 -0.22204 -0.22204
0.03447 0.00000 0.03447 0.03447
1.37536 0.00000 1.37536 1.37536
2.17081 0.00000 2.17081 2.17081
-0.13633 0.00000 -0.13633 -0.13633
0.40734 0.00000 0.40734 0.40734
0.09404 0.00000 0.09404 0.09404
-0.03142 0.00000 -0.03142 -0.03142
0.22949 0.00000 0.22949 0.22949
-0.00887 0.00000 -0.00887 -0.00887
1.11516 0.00000 1.11516 1.11516
0.71597 0.00000 0.71597 0.71597
0.10824 0.00000 0.10824 0.10824
0.03189 0.00000 0.03189 0.03189
0.18549 0.00000 0.18549 0.18549
