# avg	std	min	max
0.66618 0.00000 0.66618 0.66618
0.56372 0.00000 0.56372 0.56372
0.85509 0.00000 0.85509 0.85509
-0.32100 0.00000 -0.32100 -0.32100
0.29283 0.00000 0.29283 0.29283
-0.28263 0.00000 -0.28263 -0.28263
0.42607 0.00000 0.42607 0.42607
0.61881 0.00000 0.61881 0.61881
0.46607 0.00000 0.46607 0.46607
0.70179 0.00000 0.70179 0.70179
0.86134 0.00000 0.86134 0.86134
0.34764 0.00000 0.34764 0.34764
2.06496 0.00000 2.06496 2.06496
0.53395 0.00000 0.53395 0.53395
0.85770 0.00000 0.85770 0.85770
1.21737 0.00000 1.21737 1.21737
1.19751 0.00000 1.19751 1.19751
0.01578 0.00000 0.01578 0.01578
-0.00250 0.00000 -0.00250 -0.00250
1.14405 0.00000 1.14405 1.14405
