# avg	std	min	max
0.95288 0.00000 0.95288 0.95288
0.12042 0.00000 0.12042 0.12042
1.18610 0.00000 1.18610 1.18610
-0.19663 0.00000 -0.19663 -0.19663
0.60530 0.00000 0.60530 0.60530
-0.23694 0.00000 -0.23694 -0.23694
0.05017 0.00000 0.05017 0.05017
0.77636 0.00000 0.77636 0.77636
0.25055 0.00000 0.25055 0.25055
1.10489 0.00000 1.10489 1.10489
1.27443 0.00000 1.27443 1.27443
0.55431 0.00000 0.55431 0.55431
1.31391 0.00000 1.31391 1.31391
0.56084 0.00000 0.56084 0.56084
0.51667 0.00000 0.51667 0.51667
-0.02963 0.00000 -0.02963 -0.02963
0.26906 0.00000 0.26906 0.26906
-0.51769 0.00000 -0.51769 -0.51769
-0.00280 0.00000 -0.00280 -0.00280
1.20870 0.00000 1.20870 1.20870
