# avg	std	min	max
0.77893 0.00000 0.77893 0.77893
-0.02226 0.00000 -0.02226 -0.02226
0.17327 0.00000 0.17327 0.17327
-0.22027 0.00000 -0.22027 -0.22027
0.02839 0.00000 0.02839 0.02839
-0.25511 0.00000 -0.25511 -0.25511
-0.01412 0.00000 -0.01412 -0.01412
-0.02116 0.00000 -0.02116 -0.02116
-1.23911 0.00000 -1.23911 -1.23911
0.58437 0.00000 0.58437 0.58437
0.94755 0.00000 0.94755 0.94755
0.74441 0.00000 0.74441 0.74441
0.03636 0.00000 0.03636 0.03636
0.19433 0.00000 0.19433 0.19433
-0.01992 0.00000 -0.01992 -0.01992
0.40274 0.00000 0.40274 0.40274
0.22463 0.00000 0.22463 0.22463
-0.07057 0.00000 -0.07057 -0.07057
0.00835 0.00000 0.00835 0.00835
0.65680 0.00000 0.65680 0.65680
