# avg	std	min	max
1.36625 0.00000 1.36625 1.36625
0.48931 0.00000 0.48931 0.48931
0.44942 0.00000 0.44942 0.44942
-0.70952 0.00000 -0.70952 -0.70952
0.00540 0.00000 0.00540 0.00540
-0.62763 0.00000 -0.62763 -0.62763
2.49045 0.00000 2.49045 2.49045
1.45839 0.00000 1.45839 1.45839
7.62248 0.00000 7.62248 7.62248
0.70962 0.00000 0.70962 0.70962
0.06911 0.00000 0.06911 0.06911
0.94883 0.00000 0.94883 0.94883
3.04327 0.00000 3.04327 3.04327
1.89676 0.00000 1.89676 1.89676
0.14224 0.00000 0.14224 0.14224
2.78605 0.00000 2.78605 2.78605
0.33023 0.00000 0.33023 0.33023
-0.09866 0.00000 -0.09866 -0.09866
-0.02764 0.00000 -0.02764 -0.02764
0.63468 0.00000 0.63468 0.63468
