# avg	std	min	max
1.18561 0.00000 1.18561 1.18561
0.53382 0.00000 0.53382 0.53382
0.74465 0.00000 0.74465 0.74465
0.32221 0.00000 0.32221 0.32221
0.24912 0.00000 0.24912 0.24912
0.40664 0.00000 0.40664 0.40664
0.26238 0.00000 0.26238 0.26238
0.40512 0.00000 0.40512 0.40512
3.75691 0.00000 3.75691 3.75691
0.94457 0.00000 0.94457 0.94457
0.53216 0.00000 0.53216 0.53216
1.29258 0.00000 1.29258 1.29258
0.34131 0.00000 0.34131 0.34131
0.67410 0.00000 0.67410 0.67410
0.34495 0.00000 0.34495 0.34495
1.07558 0.00000 1.07558 1.07558
0.58951 0.00000 0.58951 0.58951
0.42610 0.00000 0.42610 0.42610
-0.00000 0.00000 -0.00000 -0.00000
0.57504 0.00000 0.57504 0.57504
