# avg	std	min	max
1.15373 0.00000 1.15373 1.15373
0.21728 0.00000 0.21728 0.21728
0.31644 0.00000 0.31644 0.31644
-0.43161 0.00000 -0.43161 -0.43161
-0.35990 0.00000 -0.35990 -0.35990
-0.71103 0.00000 -0.71103 -0.71103
-0.72637 0.00000 -0.72637 -0.72637
-0.50651 0.00000 -0.50651 -0.50651
3.87328 0.00000 3.87328 3.87328
0.21953 0.00000 0.21953 0.21953
-0.08890 0.00000 -0.08890 -0.08890
0.80400 0.00000 0.80400 0.80400
-0.66129 0.00000 -0.66129 -0.66129
0.42562 0.00000 0.42562 0.42562
0.12488 0.00000 0.12488 0.12488
0.57902 0.00000 0.57902 0.57902
0.05213 0.00000 0.05213 0.05213
-0.22626 0.00000 -0.22626 -0.22626
-0.00359 0.00000 -0.00359 -0.00359
0.27470 0.00000 0.27470 0.27470
