# avg	std	min	max
1.20502 0.00000 1.20502 1.20502
0.46906 0.00000 0.46906 0.46906
1.04450 0.00000 1.04450 1.04450
-0.07917 0.00000 -0.07917 -0.07917
0.43571 0.00000 0.43571 0.43571
-0.15806 0.00000 -0.15806 -0.15806
-0.07044 0.00000 -0.07044 -0.07044
0.45623 0.00000 0.45623 0.45623
4.48642 0.00000 4.48642 4.48642
0.45129 0.00000 0.45129 0.45129
1.17580 0.00000 1.17580 1.17580
1.09212 0.00000 1.09212 1.09212
0.17952 0.00000 0.17952 0.17952
0.33719 0.00000 0.33719 0.33719
0.18414 0.00000 0.18414 0.18414
1.00059 0.00000 1.00059 1.00059
0.66758 0.00000 0.66758 0.66758
0.07888 0.00000 0.07888 0.07888
-0.06386 0.00000 -0.06386 -0.06386
0.49622 0.00000 0.49622 0.49622
