# avg	std	min	max
4.00900 0.00000 4.00900 4.00900
3.50774 0.00000 3.50774 3.50774
4.96342 0.00000 4.96342 4.96342
1.78107 0.00000 1.78107 1.78107
6.46975 0.00000 6.46975 6.46975
1.52894 0.00000 1.52894 1.52894
7.55246 0.00000 7.55246 7.55246
10.47388 0.00000 10.47388 10.47388
10.89808 0.00000 10.89808 10.89808
3.93720 0.00000 3.93720 3.93720
5.18670 0.00000 5.18670 5.18670
2.88428 0.00000 2.88428 2.88428
9.75149 0.00000 9.75149 9.75149
5.83630 0.00000 5.83630 5.83630
3.64662 0.00000 3.64662 3.64662
9.76995 0.00000 9.76995 9.76995
8.02694 0.00000 8.02694 8.02694
0.90122 0.00000 0.90122 0.90122
-0.06197 0.00000 -0.06197 -0.06197
5.76828 0.00000 5.76828 5.76828
