# avg	std	min	max
3.65887 0.00000 3.65887 3.65887
2.68758 0.00000 2.68758 2.68758
2.28699 0.00000 2.28699 2.28699
1.70846 0.00000 1.70846 1.70846
1.71292 0.00000 1.71292 1.71292
0.59479 0.00000 0.59479 0.59479
1.53138 0.00000 1.53138 1.53138
2.19812 0.00000 2.19812 2.19812
5.23854 0.00000 5.23854 5.23854
3.17180 0.00000 3.17180 3.17180
3.14077 0.00000 3.14077 3.14077
2.76664 0.00000 2.76664 2.76664
4.01278 0.00000 4.01278 4.01278
4.10985 0.00000 4.10985 4.10985
2.34958 0.00000 2.34958 2.34958
5.32488 0.00000 5.32488 5.32488
5.56345 0.00000 5.56345 5.56345
0.53004 0.00000 0.53004 0.53004
-0.04633 0.00000 -0.04633 -0.04633
5.04024 0.00000 5.04024 5.04024
