# avg	std	min	max
0.47261 0.00000 0.47261 0.47261
0.21157 0.00000 0.21157 0.21157
0.41130 0.00000 0.41130 0.41130
0.16988 0.00000 0.16988 0.16988
0.08338 0.00000 0.08338 0.08338
-0.03218 0.00000 -0.03218 -0.03218
0.26849 0.00000 0.26849 0.26849
0.18545 0.00000 0.18545 0.18545
-0.34424 0.00000 -0.34424 -0.34424
0.47529 0.00000 0.47529 0.47529
0.34312 0.00000 0.34312 0.34312
0.46408 0.00000 0.46408 0.46408
0.26417 0.00000 0.26417 0.26417
0.23069 0.00000 0.23069 0.23069
-0.06672 0.00000 -0.06672 -0.06672
-0.20338 0.00000 -0.20338 -0.20338
-0.41791 0.00000 -0.41791 -0.41791
-0.03718 0.00000 -0.03718 -0.03718
-0.01030 0.00000 -0.01030 -0.01030
0.48736 0.00000 0.48736 0.48736
