# avg	std	min	max
-0.34484 0.00000 -0.34484 -0.34484
0.27799 0.00000 0.27799 0.27799
2.11594 0.00000 2.11594 2.11594
1.81323 0.00000 1.81323 1.81323
2.02188 0.00000 2.02188 2.02188
1.70862 0.00000 1.70862 1.70862
1.72463 0.00000 1.72463 1.72463
1.80688 0.00000 1.80688 1.80688
1.47390 0.00000 1.47390 1.47390
0.23958 0.00000 0.23958 0.23958
2.07173 0.00000 2.07173 2.07173
1.78231 0.00000 1.78231 1.78231
1.81396 0.00000 1.81396 1.81396
0.17076 0.00000 0.17076 0.17076
1.74443 0.00000 1.74443 1.74443
0.52102 0.00000 0.52102 0.52102
1.84366 0.00000 1.84366 1.84366
0.11384 0.00000 0.11384 0.11384
-0.00562 0.00000 -0.00562 -0.00562
1.99032 0.00000 1.99032 1.99032
