# avg	std	min	max
2.92139 0.00000 2.92139 2.92139
1.43949 0.00000 1.43949 1.43949
1.61745 0.00000 1.61745 1.61745
2.24216 0.00000 2.24216 2.24216
3.47259 0.00000 3.47259 3.47259
0.22792 0.00000 0.22792 0.22792
5.12578 0.00000 5.12578 5.12578
8.18344 0.00000 8.18344 8.18344
3.95264 0.00000 3.95264 3.95264
2.22151 0.00000 2.22151 2.22151
3.13799 0.00000 3.13799 3.13799
1.77977 0.00000 1.77977 1.77977
6.28766 0.00000 6.28766 6.28766
3.48124 0.00000 3.48124 3.48124
3.38552 0.00000 3.38552 3.38552
7.11989 0.00000 7.11989 7.11989
5.94468 0.00000 5.94468 5.94468
0.47981 0.00000 0.47981 0.47981
0.00000 0.00000 0.00000 0.00000
9.31360 0.00000 9.31360 9.31360
