# avg	std	min	max
0.79299 0.00000 0.79299 0.79299
0.51972 0.00000 0.51972 0.51972
0.89385 0.00000 0.89385 0.89385
0.11889 0.00000 0.11889 0.11889
0.42158 0.00000 0.42158 0.42158
-0.06650 0.00000 -0.06650 -0.06650
0.69691 0.00000 0.69691 0.69691
1.00526 0.00000 1.00526 1.00526
0.88670 0.00000 0.88670 0.88670
0.26783 0.00000 0.26783 0.26783
0.24616 0.00000 0.24616 0.24616
0.65063 0.00000 0.65063 0.65063
-0.56391 0.00000 -0.56391 -0.56391
0.78853 0.00000 0.78853 0.78853
0.32039 0.00000 0.32039 0.32039
1.49868 0.00000 1.49868 1.49868
1.03348 0.00000 1.03348 1.03348
0.04312 0.00000 0.04312 0.04312
0.00000 0.00000 0.00000 0.00000
1.14279 0.00000 1.14279 1.14279
