# avg	std	min	max
2.00284 0.00000 2.00284 2.00284
1.17884 0.00000 1.17884 1.17884
1.35785 0.00000 1.35785 1.35785
0.44403 0.00000 0.44403 0.44403
0.57228 0.00000 0.57228 0.57228
0.21666 0.00000 0.21666 0.21666
-0.66418 0.00000 -0.66418 -0.66418
0.55612 0.00000 0.55612 0.55612
4.69985 0.00000 4.69985 4.69985
2.15526 0.00000 2.15526 2.15526
2.04101 0.00000 2.04101 2.04101
1.69790 0.00000 1.69790 1.69790
0.08080 0.00000 0.08080 0.08080
1.68528 0.00000 1.68528 1.68528
1.12211 0.00000 1.12211 1.12211
2.12532 0.00000 2.12532 2.12532
0.96498 0.00000 0.96498 0.96498
0.87702 0.00000 0.87702 0.87702
-0.09265 0.00000 -0.09265 -0.09265
1.01112 0.00000 1.01112 1.01112
