# avg	std	min	max
0.30424 0.00000 0.30424 0.30424
-0.49547 0.00000 -0.49547 -0.49547
-0.94304 0.00000 -0.94304 -0.94304
-1.27209 0.00000 -1.27209 -1.27209
-0.96173 0.00000 -0.96173 -0.96173
-1.02766 0.00000 -1.02766 -1.02766
-1.24877 0.00000 -1.24877 -1.24877
-0.72850 0.00000 -0.72850 -0.72850
-2.29929 0.00000 -2.29929 -2.29929
0.00096 0.00000 0.00096 0.00096
-0.27030 0.00000 -0.27030 -0.27030
-0.43159 0.00000 -0.43159 -0.43159
-0.95351 0.00000 -0.95351 -0.95351
-0.65470 0.00000 -0.65470 -0.65470
-0.34665 0.00000 -0.34665 -0.34665
0.26965 0.00000 0.26965 0.26965
0.85151 0.00000 0.85151 0.85151
-0.96339 0.00000 -0.96339 -0.96339
-1.26254 0.00000 -1.26254 -1.26254
-0.05335 0.00000 -0.05335 -0.05335
