# avg	std	min	max
1.22884 0.00000 1.22884 1.22884
-0.56261 0.00000 -0.56261 -0.56261
-0.57844 0.00000 -0.57844 -0.57844
-1.47468 0.00000 -1.47468 -1.47468
-0.98449 0.00000 -0.98449 -0.98449
-1.38463 0.00000 -1.38463 -1.38463
-1.20431 0.00000 -1.20431 -1.20431
-0.61893 0.00000 -0.61893 -0.61893
2.73070 0.00000 2.73070 2.73070
-0.00928 0.00000 -0.00928 -0.00928
-0.35980 0.00000 -0.35980 -0.35980
-0.04346 0.00000 -0.04346 -0.04346
-1.88328 0.00000 -1.88328 -1.88328
-0.28810 0.00000 -0.28810 -0.28810
0.28731 0.00000 0.28731 0.28731
0.33901 0.00000 0.33901 0.33901
-0.75146 0.00000 -0.75146 -0.75146
-0.56998 0.00000 -0.56998 -0.56998
-0.25491 0.00000 -0.25491 -0.25491
-0.58076 0.00000 -0.58076 -0.58076
