# avg	std	min	max
0.66798 0.00000 0.66798 0.66798
0.34181 0.00000 0.34181 0.34181
2.22545 0.00000 2.22545 2.22545
0.77704 0.00000 0.77704 0.77704
2.41225 0.00000 2.41225 2.41225
1.05812 0.00000 1.05812 1.05812
0.72095 0.00000 0.72095 0.72095
0.83031 0.00000 0.83031 0.83031
3.99249 0.00000 3.99249 3.99249
-0.00005 0.00000 -0.00005 -0.00005
0.79617 0.00000 0.79617 0.79617
0.62778 0.00000 0.62778 0.62778
0.59683 0.00000 0.59683 0.59683
0.92078 0.00000 0.92078 0.92078
0.49711 0.00000 0.49711 0.49711
1.04072 0.00000 1.04072 1.04072
0.98865 0.00000 0.98865 0.98865
0.38482 0.00000 0.38482 0.38482
0.28251 0.00000 0.28251 0.28251
0.84345 0.00000 0.84345 0.84345
