# avg	std	min	max
0.89865 0.00000 0.89865 0.89865
0.55502 0.00000 0.55502 0.55502
0.45461 0.00000 0.45461 0.45461
-0.10373 0.00000 -0.10373 -0.10373
0.48582 0.00000 0.48582 0.48582
0.24881 0.00000 0.24881 0.24881
0.39189 0.00000 0.39189 0.39189
1.70005 0.00000 1.70005 1.70005
3.77477 0.00000 3.77477 3.77477
-0.00018 0.00000 -0.00018 -0.00018
-0.04988 0.00000 -0.04988 -0.04988
0.36528 0.00000 0.36528 0.36528
0.38061 0.00000 0.38061 0.38061
1.31562 0.00000 1.31562 1.31562
0.62611 0.00000 0.62611 0.62611
2.55575 0.00000 2.55575 2.55575
1.11314 0.00000 1.11314 1.11314
0.02083 0.00000 0.02083 0.02083
-0.08222 0.00000 -0.08222 -0.08222
1.78074 0.00000 1.78074 1.78074
