# avg	std	min	max
-0.17765 0.00000 -0.17765 -0.17765
-0.65974 0.00000 -0.65974 -0.65974
0.20512 0.00000 0.20512 0.20512
-1.10402 0.00000 -1.10402 -1.10402
-0.60697 0.00000 -0.60697 -0.60697
-1.01379 0.00000 -1.01379 -1.01379
-1.11172 0.00000 -1.11172 -1.11172
-1.10519 0.00000 -1.10519 -1.10519
2.87443 0.00000 2.87443 2.87443
0.00532 0.00000 0.00532 0.00532
0.01982 0.00000 0.01982 0.01982
-0.56040 0.00000 -0.56040 -0.56040
-0.90830 0.00000 -0.90830 -0.90830
-0.17716 0.00000 -0.17716 -0.17716
-0.65084 0.00000 -0.65084 -0.65084
0.11952 0.00000 0.11952 0.11952
-0.13237 0.00000 -0.13237 -0.13237
-0.97821 0.00000 -0.97821 -0.97821
-0.96297 0.00000 -0.96297 -0.96297
-0.20245 0.00000 -0.20245 -0.20245
