# avg	std	min	max
0.72834 0.00000 0.72834 0.72834
0.07158 0.00000 0.07158 0.07158
6.09071 0.00000 6.09071 6.09071
7.17006 0.00000 7.17006 7.17006
7.18578 0.00000 7.18578 7.18578
3.28542 0.00000 3.28542 3.28542
13.16686 0.00000 13.16686 13.16686
19.97358 0.00000 19.97358 19.97358
9.54487 0.00000 9.54487 9.54487
0.00060 0.00000 0.00060 0.00060
4.46605 0.00000 4.46605 4.46605
0.15028 0.00000 0.15028 0.15028
11.00644 0.00000 11.00644 11.00644
3.80432 0.00000 3.80432 3.80432
6.28504 0.00000 6.28504 6.28504
5.65929 0.00000 5.65929 5.65929
7.97593 0.00000 7.97593 7.97593
3.58663 0.00000 3.58663 3.58663
3.50787 0.00000 3.50787 3.50787
14.88704 0.00000 14.88704 14.88704
