# avg	std	min	max
-0.26662 0.00000 -0.26662 -0.26662
-0.62775 0.00000 -0.62775 -0.62775
1.26047 0.00000 1.26047 1.26047
-0.39629 0.00000 -0.39629 -0.39629
-1.70654 0.00000 -1.70654 -1.70654
-1.50820 0.00000 -1.50820 -1.50820
-0.88938 0.00000 -0.88938 -0.88938
1.35210 0.00000 1.35210 1.35210
-2.70509 0.00000 -2.70509 -2.70509
-0.09515 0.00000 -0.09515 -0.09515
0.73694 0.00000 0.73694 0.73694
0.22252 0.00000 0.22252 0.22252
-1.10094 0.00000 -1.10094 -1.10094
-0.27487 0.00000 -0.27487 -0.27487
0.97466 0.00000 0.97466 0.97466
0.60363 0.00000 0.60363 0.60363
0.52503 0.00000 0.52503 0.52503
0.11692 0.00000 0.11692 0.11692
3.20525 0.00000 3.20525 3.20525
-0.40938 0.00000 -0.40938 -0.40938
