# avg	std	min	max
1.59171 0.00000 1.59171 1.59171
0.29276 0.00000 0.29276 0.29276
3.34753 0.00000 3.34753 3.34753
-0.05826 0.00000 -0.05826 -0.05826
1.98491 0.00000 1.98491 1.98491
-1.46272 0.00000 -1.46272 -1.46272
3.01584 0.00000 3.01584 3.01584
5.18046 0.00000 5.18046 5.18046
5.87199 0.00000 5.87199 5.87199
0.00006 0.00000 0.00006 0.00006
1.05930 0.00000 1.05930 1.05930
0.78555 0.00000 0.78555 0.78555
9.40134 0.00000 9.40134 9.40134
2.18727 0.00000 2.18727 2.18727
2.98537 0.00000 2.98537 2.98537
2.08569 0.00000 2.08569 2.08569
2.54796 0.00000 2.54796 2.54796
3.44282 0.00000 3.44282 3.44282
4.69739 0.00000 4.69739 4.69739
4.75246 0.00000 4.75246 4.75246
