# avg	std	min	max
0.81628 0.00000 0.81628 0.81628
-0.13203 0.00000 -0.13203 -0.13203
0.53488 0.00000 0.53488 0.53488
-0.90574 0.00000 -0.90574 -0.90574
-0.12264 0.00000 -0.12264 -0.12264
-0.81954 0.00000 -0.81954 -0.81954
0.13889 0.00000 0.13889 0.13889
0.73986 0.00000 0.73986 0.73986
0.06292 0.00000 0.06292 0.06292
-0.00231 0.00000 -0.00231 -0.00231
1.15565 0.00000 1.15565 1.15565
-0.27390 0.00000 -0.27390 -0.27390
-0.05005 0.00000 -0.05005 -0.05005
0.98952 0.00000 0.98952 0.98952
0.35612 0.00000 0.35612 0.35612
1.03914 0.00000 1.03914 1.03914
0.01895 0.00000 0.01895 0.01895
-0.23914 0.00000 -0.23914 -0.23914
0.47904 0.00000 0.47904 0.47904
0.87142 0.00000 0.87142 0.87142
