# avg	std	min	max
1.25898 0.00000 1.25898 1.25898
0.54238 0.00000 0.54238 0.54238
0.40032 0.00000 0.40032 0.40032
-0.42029 0.00000 -0.42029 -0.42029
0.00045 0.00000 0.00045 0.00045
-0.29915 0.00000 -0.29915 -0.29915
-0.39217 0.00000 -0.39217 -0.39217
-0.05555 0.00000 -0.05555 -0.05555
0.54693 0.00000 0.54693 0.54693
-0.00051 0.00000 -0.00051 -0.00051
0.17039 0.00000 0.17039 0.17039
-0.40379 0.00000 -0.40379 -0.40379
-0.38774 0.00000 -0.38774 -0.38774
-0.60698 0.00000 -0.60698 -0.60698
0.23922 0.00000 0.23922 0.23922
-1.01715 0.00000 -1.01715 -1.01715
-0.06931 0.00000 -0.06931 -0.06931
-0.17059 0.00000 -0.17059 -0.17059
0.20982 0.00000 0.20982 0.20982
0.34695 0.00000 0.34695 0.34695
