# avg	std	min	max
0.88733 0.00000 0.88733 0.88733
0.80854 0.00000 0.80854 0.80854
5.60624 0.00000 5.60624 5.60624
10.31343 0.00000 10.31343 10.31343
7.15720 0.00000 7.15720 7.15720
7.66960 0.00000 7.66960 7.66960
21.33036 0.00000 21.33036 21.33036
27.60838 0.00000 27.60838 27.60838
6.43668 0.00000 6.43668 6.43668
-0.00201 0.00000 -0.00201 -0.00201
3.11769 0.00000 3.11769 3.11769
3.48430 0.00000 3.48430 3.48430
22.81088 0.00000 22.81088 22.81088
7.88239 0.00000 7.88239 7.88239
9.18828 0.00000 9.18828 9.18828
11.08734 0.00000 11.08734 11.08734
11.43306 0.00000 11.43306 11.43306
14.87351 0.00000 14.87351 14.87351
14.47534 0.00000 14.47534 14.47534
25.62120 0.00000 25.62120 25.62120
