# avg	std	min	max
0.26572 0.00000 0.26572 0.26572
-0.57051 0.00000 -0.57051 -0.57051
-0.36645 0.00000 -0.36645 -0.36645
-0.98104 0.00000 -0.98104 -0.98104
-1.25811 0.00000 -1.25811 -1.25811
-1.28666 0.00000 -1.28666 -1.28666
-0.61591 0.00000 -0.61591 -0.61591
-0.62208 0.00000 -0.62208 -0.62208
-1.50514 0.00000 -1.50514 -1.50514
-0.00040 0.00000 -0.00040 -0.00040
-0.09253 0.00000 -0.09253 -0.09253
0.17180 0.00000 0.17180 0.17180
-0.46220 0.00000 -0.46220 -0.46220
-0.17690 0.00000 -0.17690 -0.17690
-0.83397 0.00000 -0.83397 -0.83397
-1.06669 0.00000 -1.06669 -1.06669
-1.95507 0.00000 -1.95507 -1.95507
-0.79849 0.00000 -0.79849 -0.79849
-0.74337 0.00000 -0.74337 -0.74337
-0.11331 0.00000 -0.11331 -0.11331
