# avg	std	min	max
0.62779 0.00000 0.62779 0.62779
-0.05292 0.00000 -0.05292 -0.05292
0.70172 0.00000 0.70172 0.70172
-0.45063 0.00000 -0.45063 -0.45063
0.12757 0.00000 0.12757 0.12757
-0.57209 0.00000 -0.57209 -0.57209
-0.39225 0.00000 -0.39225 -0.39225
0.05229 0.00000 0.05229 0.05229
2.91475 0.00000 2.91475 2.91475
-0.00037 0.00000 -0.00037 -0.00037
0.28372 0.00000 0.28372 0.28372
0.37173 0.00000 0.37173 0.37173
-0.22528 0.00000 -0.22528 -0.22528
-0.11846 0.00000 -0.11846 -0.11846
0.08264 0.00000 0.08264 0.08264
0.41041 0.00000 0.41041 0.41041
-0.12966 0.00000 -0.12966 -0.12966
-0.18449 0.00000 -0.18449 -0.18449
0.00189 0.00000 0.00189 0.00189
0.23739 0.00000 0.23739 0.23739
