# avg	std	min	max
-0.18246 0.00000 -0.18246 -0.18246
-0.76985 0.00000 -0.76985 -0.76985
-0.84562 0.00000 -0.84562 -0.84562
0.07100 0.00000 0.07100 0.07100
-0.42342 0.00000 -0.42342 -0.42342
-0.07185 0.00000 -0.07185 -0.07185
-0.94417 0.00000 -0.94417 -0.94417
0.21516 0.00000 0.21516 0.21516
-0.28693 0.00000 -0.28693 -0.28693
-0.01281 0.00000 -0.01281 -0.01281
0.02036 0.00000 0.02036 0.02036
-0.39023 0.00000 -0.39023 -0.39023
-0.11409 0.00000 -0.11409 -0.11409
0.77299 0.00000 0.77299 0.77299
-0.18408 0.00000 -0.18408 -0.18408
1.46572 0.00000 1.46572 1.46572
0.91553 0.00000 0.91553 0.91553
-0.55195 0.00000 -0.55195 -0.55195
-0.55105 0.00000 -0.55105 -0.55105
-0.50889 0.00000 -0.50889 -0.50889
