# avg	std	min	max
0.10724 0.00000 0.10724 0.10724
-1.32663 0.00000 -1.32663 -1.32663
-2.20879 0.00000 -2.20879 -2.20879
-2.54979 0.00000 -2.54979 -2.54979
-2.69544 0.00000 -2.69544 -2.69544
-2.90251 0.00000 -2.90251 -2.90251
-3.46681 0.00000 -3.46681 -3.46681
-2.36153 0.00000 -2.36153 -2.36153
3.02327 0.00000 3.02327 3.02327
0.00153 0.00000 0.00153 0.00153
-0.55716 0.00000 -0.55716 -0.55716
-0.88662 0.00000 -0.88662 -0.88662
-2.97115 0.00000 -2.97115 -2.97115
-0.35408 0.00000 -0.35408 -0.35408
-0.77901 0.00000 -0.77901 -0.77901
-0.28318 0.00000 -0.28318 -0.28318
-0.49166 0.00000 -0.49166 -0.49166
-0.75872 0.00000 -0.75872 -0.75872
-0.69370 0.00000 -0.69370 -0.69370
-1.10732 0.00000 -1.10732 -1.10732
