# avg	std	min	max
0.30945 0.00000 0.30945 0.30945
-0.46846 0.00000 -0.46846 -0.46846
-0.17615 0.00000 -0.17615 -0.17615
-0.55316 0.00000 -0.55316 -0.55316
-0.27948 0.00000 -0.27948 -0.27948
-0.59207 0.00000 -0.59207 -0.59207
-0.39003 0.00000 -0.39003 -0.39003
-0.86281 0.00000 -0.86281 -0.86281
1.80446 0.00000 1.80446 1.80446
-0.29301 0.00000 -0.29301 -0.29301
0.00001 0.00000 0.00001 0.00001
-0.09280 0.00000 -0.09280 -0.09280
-0.63411 0.00000 -0.63411 -0.63411
-0.26866 0.00000 -0.26866 -0.26866
-0.18610 0.00000 -0.18610 -0.18610
-0.01296 0.00000 -0.01296 -0.01296
-0.31933 0.00000 -0.31933 -0.31933
-0.44375 0.00000 -0.44375 -0.44375
-0.39379 0.00000 -0.39379 -0.39379
-0.20391 0.00000 -0.20391 -0.20391
