# avg	std	min	max
1.65821 0.00000 1.65821 1.65821
0.28039 0.00000 0.28039 0.28039
0.71168 0.00000 0.71168 0.71168
5.37958 0.00000 5.37958 5.37958
3.56126 0.00000 3.56126 3.56126
3.89647 0.00000 3.89647 3.89647
8.70335 0.00000 8.70335 8.70335
22.67414 0.00000 22.67414 22.67414
3.41677 0.00000 3.41677 3.41677
0.90350 0.00000 0.90350 0.90350
-0.00339 0.00000 -0.00339 -0.00339
1.11295 0.00000 1.11295 1.11295
9.65042 0.00000 9.65042 9.65042
3.65927 0.00000 3.65927 3.65927
8.54636 0.00000 8.54636 8.54636
6.08995 0.00000 6.08995 6.08995
10.09577 0.00000 10.09577 10.09577
5.29741 0.00000 5.29741 5.29741
4.88963 0.00000 4.88963 4.88963
17.43998 0.00000 17.43998 17.43998
