# avg	std	min	max
-0.60550 0.00000 -0.60550 -0.60550
-1.22015 0.00000 -1.22015 -1.22015
-0.91989 0.00000 -0.91989 -0.91989
-1.60325 0.00000 -1.60325 -1.60325
-0.52208 0.00000 -0.52208 -0.52208
-1.97262 0.00000 -1.97262 -1.97262
0.37630 0.00000 0.37630 0.37630
2.51998 0.00000 2.51998 2.51998
-2.91425 0.00000 -2.91425 -2.91425
-0.27439 0.00000 -0.27439 -0.27439
0.00000 0.00000 0.00000 0.00000
-0.86217 0.00000 -0.86217 -0.86217
1.52636 0.00000 1.52636 1.52636
-0.02642 0.00000 -0.02642 -0.02642
-0.46513 0.00000 -0.46513 -0.46513
0.76014 0.00000 0.76014 0.76014
-0.28426 0.00000 -0.28426 -0.28426
-1.64379 0.00000 -1.64379 -1.64379
-1.62445 0.00000 -1.62445 -1.62445
-0.02731 0.00000 -0.02731 -0.02731
