# avg	std	min	max
-0.02141 0.00000 -0.02141 -0.02141
-0.22466 0.00000 -0.22466 -0.22466
0.00297 0.00000 0.00297 0.00297
-0.18313 0.00000 -0.18313 -0.18313
-0.17245 0.00000 -0.17245 -0.17245
-0.20854 0.00000 -0.20854 -0.20854
-0.11071 0.00000 -0.11071 -0.11071
-0.25123 0.00000 -0.25123 -0.25123
-0.79972 0.00000 -0.79972 -0.79972
0.01264 0.00000 0.01264 0.01264
-0.00002 0.00000 -0.00002 -0.00002
0.06376 0.00000 0.06376 0.06376
-0.06497 0.00000 -0.06497 -0.06497
0.06214 0.00000 0.06214 0.06214
-0.43083 0.00000 -0.43083 -0.43083
0.15530 0.00000 0.15530 0.15530
-0.47668 0.00000 -0.47668 -0.47668
-0.16823 0.00000 -0.16823 -0.16823
-0.37812 0.00000 -0.37812 -0.37812
0.21430 0.00000 0.21430 0.21430
