# avg	std	min	max
0.87834 0.00000 0.87834 0.87834
0.26402 0.00000 0.26402 0.26402
1.04538 0.00000 1.04538 1.04538
0.38159 0.00000 0.38159 0.38159
0.20871 0.00000 0.20871 0.20871
0.11528 0.00000 0.11528 0.11528
0.57233 0.00000 0.57233 0.57233
0.57923 0.00000 0.57923 0.57923
-0.37671 0.00000 -0.37671 -0.37671
0.19163 0.00000 0.19163 0.19163
-0.00139 0.00000 -0.00139 -0.00139
1.02718 0.00000 1.02718 1.02718
0.63856 0.00000 0.63856 0.63856
-0.04044 0.00000 -0.04044 -0.04044
0.43817 0.00000 0.43817 0.43817
-0.47253 0.00000 -0.47253 -0.47253
0.26114 0.00000 0.26114 0.26114
0.59320 0.00000 0.59320 0.59320
0.54334 0.00000 0.54334 0.54334
1.04326 0.00000 1.04326 1.04326
