# avg	std	min	max
-0.29488 0.00000 -0.29488 -0.29488
0.54112 0.00000 0.54112 0.54112
0.70083 0.00000 0.70083 0.70083
-0.75693 0.00000 -0.75693 -0.75693
0.10872 0.00000 0.10872 0.10872
-0.26419 0.00000 -0.26419 -0.26419
1.47717 0.00000 1.47717 1.47717
2.34788 0.00000 2.34788 2.34788
2.71446 0.00000 2.71446 2.71446
-0.18984 0.00000 -0.18984 -0.18984
0.00742 0.00000 0.00742 0.00742
0.13051 0.00000 0.13051 0.13051
3.51801 0.00000 3.51801 3.51801
-0.04762 0.00000 -0.04762 -0.04762
0.08561 0.00000 0.08561 0.08561
-0.07545 0.00000 -0.07545 -0.07545
0.68534 0.00000 0.68534 0.68534
0.40433 0.00000 0.40433 0.40433
0.18188 0.00000 0.18188 0.18188
1.72186 0.00000 1.72186 1.72186
