# avg	std	min	max
-0.05729 0.00000 -0.05729 -0.05729
-0.52978 0.00000 -0.52978 -0.52978
-0.10564 0.00000 -0.10564 -0.10564
-1.36574 0.00000 -1.36574 -1.36574
-1.13434 0.00000 -1.13434 -1.13434
-1.51480 0.00000 -1.51480 -1.51480
-1.19844 0.00000 -1.19844 -1.19844
-0.54460 0.00000 -0.54460 -0.54460
-1.94707 0.00000 -1.94707 -1.94707
-0.24659 0.00000 -0.24659 -0.24659
0.00130 0.00000 0.00130 0.00130
-0.27041 0.00000 -0.27041 -0.27041
-0.86150 0.00000 -0.86150 -0.86150
-0.46354 0.00000 -0.46354 -0.46354
-0.54069 0.00000 -0.54069 -0.54069
-0.96205 0.00000 -0.96205 -0.96205
-1.39233 0.00000 -1.39233 -1.39233
-1.42846 0.00000 -1.42846 -1.42846
-0.96009 0.00000 -0.96009 -0.96009
-0.11863 0.00000 -0.11863 -0.11863
