# avg	std	min	max
1.52447 0.00000 1.52447 1.52447
0.43862 0.00000 0.43862 0.43862
-0.72268 0.00000 -0.72268 -0.72268
1.96923 0.00000 1.96923 1.96923
-1.80385 0.00000 -1.80385 -1.80385
-1.23534 0.00000 -1.23534 -1.23534
1.26205 0.00000 1.26205 1.26205
4.72842 0.00000 4.72842 4.72842
1.42379 0.00000 1.42379 1.42379
0.89526 0.00000 0.89526 0.89526
0.00040 0.00000 0.00040 0.00040
0.25489 0.00000 0.25489 0.25489
2.88800 0.00000 2.88800 2.88800
2.07726 0.00000 2.07726 2.07726
1.73496 0.00000 1.73496 1.73496
5.81494 0.00000 5.81494 5.81494
4.55498 0.00000 4.55498 4.55498
1.13353 0.00000 1.13353 1.13353
1.51681 0.00000 1.51681 1.51681
1.47329 0.00000 1.47329 1.47329
