# avg	std	min	max
-0.36260 0.00000 -0.36260 -0.36260
-0.64146 0.00000 -0.64146 -0.64146
-0.30207 0.00000 -0.30207 -0.30207
-1.14831 0.00000 -1.14831 -1.14831
-0.87223 0.00000 -0.87223 -0.87223
-0.69579 0.00000 -0.69579 -0.69579
-0.46055 0.00000 -0.46055 -0.46055
0.06988 0.00000 0.06988 0.06988
-0.10300 0.00000 -0.10300 -0.10300
-0.39918 0.00000 -0.39918 -0.39918
-0.08238 0.00000 -0.08238 -0.08238
-0.66711 0.00000 -0.66711 -0.66711
-0.34222 0.00000 -0.34222 -0.34222
-0.70017 0.00000 -0.70017 -0.70017
-0.73904 0.00000 -0.73904 -0.73904
-0.29625 0.00000 -0.29625 -0.29625
-1.02782 0.00000 -1.02782 -1.02782
-1.07561 0.00000 -1.07561 -1.07561
-1.01328 0.00000 -1.01328 -1.01328
-1.08216 0.00000 -1.08216 -1.08216
