# avg	std	min	max
-2.16124 0.00000 -2.16124 -2.16124
-0.99564 0.00000 -0.99564 -0.99564
0.08269 0.00000 0.08269 0.08269
-1.26106 0.00000 -1.26106 -1.26106
-0.19430 0.00000 -0.19430 -0.19430
-1.14852 0.00000 -1.14852 -1.14852
-0.98417 0.00000 -0.98417 -0.98417
-0.40975 0.00000 -0.40975 -0.40975
-1.36282 0.00000 -1.36282 -1.36282
-1.38216 0.00000 -1.38216 -1.38216
-0.00083 0.00000 -0.00083 -0.00083
-0.94877 0.00000 -0.94877 -0.94877
-0.96187 0.00000 -0.96187 -0.96187
-1.87249 0.00000 -1.87249 -1.87249
-1.15855 0.00000 -1.15855 -1.15855
-2.60039 0.00000 -2.60039 -2.60039
-0.83123 0.00000 -0.83123 -0.83123
-1.39514 0.00000 -1.39514 -1.39514
-1.94468 0.00000 -1.94468 -1.94468
-0.74870 0.00000 -0.74870 -0.74870
