# avg	std	min	max
1.21977 0.00000 1.21977 1.21977
1.28180 0.00000 1.28180 1.28180
-0.01545 0.00000 -0.01545 -0.01545
0.35294 0.00000 0.35294 0.35294
-0.10739 0.00000 -0.10739 -0.10739
0.22318 0.00000 0.22318 0.22318
-0.80644 0.00000 -0.80644 -0.80644
0.34180 0.00000 0.34180 0.34180
2.61346 0.00000 2.61346 2.61346
1.31750 0.00000 1.31750 1.31750
0.90945 0.00000 0.90945 0.90945
1.03663 0.00000 1.03663 1.03663
-0.52689 0.00000 -0.52689 -0.52689
1.28808 0.00000 1.28808 1.28808
0.69676 0.00000 0.69676 0.69676
-0.12296 0.00000 -0.12296 -0.12296
0.40844 0.00000 0.40844 0.40844
0.85063 0.00000 0.85063 0.85063
1.16866 0.00000 1.16866 1.16866
1.36254 0.00000 1.36254 1.36254
