# avg	std	min	max
1.98261 0.00000 1.98261 1.98261
0.79408 0.00000 0.79408 0.79408
-0.01279 0.00000 -0.01279 -0.01279
-0.21870 0.00000 -0.21870 -0.21870
-0.40253 0.00000 -0.40253 -0.40253
-0.68758 0.00000 -0.68758 -0.68758
1.05811 0.00000 1.05811 1.05811
4.87201 0.00000 4.87201 4.87201
1.99173 0.00000 1.99173 1.99173
0.96064 0.00000 0.96064 0.96064
0.18349 0.00000 0.18349 0.18349
1.32046 0.00000 1.32046 1.32046
1.75476 0.00000 1.75476 1.75476
1.72307 0.00000 1.72307 1.72307
1.55276 0.00000 1.55276 1.55276
3.34636 0.00000 3.34636 3.34636
2.53555 0.00000 2.53555 2.53555
1.28076 0.00000 1.28076 1.28076
1.65145 0.00000 1.65145 1.65145
4.50591 0.00000 4.50591 4.50591
