# avg	std	min	max
1.24300 0.00000 1.24300 1.24300
0.25306 0.00000 0.25306 0.25306
0.00088 0.00000 0.00088 0.00088
-0.59638 0.00000 -0.59638 -0.59638
-0.40246 0.00000 -0.40246 -0.40246
-0.61015 0.00000 -0.61015 -0.61015
-0.23393 0.00000 -0.23393 -0.23393
-0.16421 0.00000 -0.16421 -0.16421
4.23790 0.00000 4.23790 4.23790
0.35185 0.00000 0.35185 0.35185
0.18744 0.00000 0.18744 0.18744
0.75472 0.00000 0.75472 0.75472
-0.13242 0.00000 -0.13242 -0.13242
0.07639 0.00000 0.07639 0.07639
-0.25860 0.00000 -0.25860 -0.25860
0.94336 0.00000 0.94336 0.94336
-0.04787 0.00000 -0.04787 -0.04787
-0.41545 0.00000 -0.41545 -0.41545
-0.03333 0.00000 -0.03333 -0.03333
0.28822 0.00000 0.28822 0.28822
