# avg	std	min	max
2.75052 0.00000 2.75052 2.75052
1.49784 0.00000 1.49784 1.49784
-0.00134 0.00000 -0.00134 -0.00134
-0.33403 0.00000 -0.33403 -0.33403
-0.23541 0.00000 -0.23541 -0.23541
-1.05217 0.00000 -1.05217 -1.05217
-2.02252 0.00000 -2.02252 -2.02252
-1.93490 0.00000 -1.93490 -1.93490
4.90785 0.00000 4.90785 4.90785
1.90975 0.00000 1.90975 1.90975
0.75071 0.00000 0.75071 0.75071
1.61255 0.00000 1.61255 1.61255
-2.53884 0.00000 -2.53884 -2.53884
1.38765 0.00000 1.38765 1.38765
1.89218 0.00000 1.89218 1.89218
3.98839 0.00000 3.98839 3.98839
3.47303 0.00000 3.47303 3.47303
-0.31568 0.00000 -0.31568 -0.31568
1.42925 0.00000 1.42925 1.42925
1.27402 0.00000 1.27402 1.27402
