# avg	std	min	max
3.51515 0.00000 3.51515 3.51515
1.93743 0.00000 1.93743 1.93743
-0.00288 0.00000 -0.00288 -0.00288
1.00475 0.00000 1.00475 1.00475
0.51826 0.00000 0.51826 0.51826
-1.19610 0.00000 -1.19610 -1.19610
9.05574 0.00000 9.05574 9.05574
12.93784 0.00000 12.93784 12.93784
5.41469 0.00000 5.41469 5.41469
2.49815 0.00000 2.49815 2.49815
1.17705 0.00000 1.17705 1.17705
1.74154 0.00000 1.74154 1.74154
17.39860 0.00000 17.39860 17.39860
4.02660 0.00000 4.02660 4.02660
1.32865 0.00000 1.32865 1.32865
4.98903 0.00000 4.98903 4.98903
3.34796 0.00000 3.34796 3.34796
1.27611 0.00000 1.27611 1.27611
3.56589 0.00000 3.56589 3.56589
10.52372 0.00000 10.52372 10.52372
