# avg	std	min	max
1.17650 0.00000 1.17650 1.17650
1.04538 0.00000 1.04538 1.04538
-0.00680 0.00000 -0.00680 -0.00680
-2.24825 0.00000 -2.24825 -2.24825
-0.22150 0.00000 -0.22150 -0.22150
-1.16264 0.00000 -1.16264 -1.16264
6.96903 0.00000 6.96903 6.96903
8.93663 0.00000 8.93663 8.93663
3.74350 0.00000 3.74350 3.74350
1.79104 0.00000 1.79104 1.79104
1.08475 0.00000 1.08475 1.08475
0.44383 0.00000 0.44383 0.44383
6.41673 0.00000 6.41673 6.41673
0.23549 0.00000 0.23549 0.23549
1.03492 0.00000 1.03492 1.03492
3.61651 0.00000 3.61651 3.61651
2.44371 0.00000 2.44371 2.44371
0.48691 0.00000 0.48691 0.48691
0.00847 0.00000 0.00847 0.00847
0.82139 0.00000 0.82139 0.82139
