# avg	std	min	max
0.26543 0.00000 0.26543 0.26543
0.03354 0.00000 0.03354 0.03354
-0.01765 0.00000 -0.01765 -0.01765
-0.14831 0.00000 -0.14831 -0.14831
-0.13000 0.00000 -0.13000 -0.13000
-0.30347 0.00000 -0.30347 -0.30347
-0.09242 0.00000 -0.09242 -0.09242
-0.43575 0.00000 -0.43575 -0.43575
-0.92170 0.00000 -0.92170 -0.92170
0.47145 0.00000 0.47145 0.47145
0.16903 0.00000 0.16903 0.16903
0.34849 0.00000 0.34849 0.34849
-0.04173 0.00000 -0.04173 -0.04173
0.27790 0.00000 0.27790 0.27790
-0.80237 0.00000 -0.80237 -0.80237
0.21925 0.00000 0.21925 0.21925
-0.87522 0.00000 -0.87522 -0.87522
-0.31813 0.00000 -0.31813 -0.31813
-0.28663 0.00000 -0.28663 -0.28663
0.24088 0.00000 0.24088 0.24088
