# avg	std	min	max
0.76174 0.00000 0.76174 0.76174
0.62048 0.00000 0.62048 0.62048
-0.01603 0.00000 -0.01603 -0.01603
0.91584 0.00000 0.91584 0.91584
1.18882 0.00000 1.18882 1.18882
0.14985 0.00000 0.14985 0.14985
0.12150 0.00000 0.12150 0.12150
0.56866 0.00000 0.56866 0.56866
4.79506 0.00000 4.79506 4.79506
1.64443 0.00000 1.64443 1.64443
3.08509 0.00000 3.08509 3.08509
0.91120 0.00000 0.91120 0.91120
0.29444 0.00000 0.29444 0.29444
1.75708 0.00000 1.75708 1.75708
0.79811 0.00000 0.79811 0.79811
2.16900 0.00000 2.16900 2.16900
1.23225 0.00000 1.23225 1.23225
0.50154 0.00000 0.50154 0.50154
0.99363 0.00000 0.99363 0.99363
1.61056 0.00000 1.61056 1.61056
