# avg	std	min	max
2.55964 0.00000 2.55964 2.55964
1.57222 0.00000 1.57222 1.57222
0.00024 0.00000 0.00024 0.00024
1.38753 0.00000 1.38753 1.38753
0.83539 0.00000 0.83539 0.83539
-1.02011 0.00000 -1.02011 -1.02011
2.99613 0.00000 2.99613 2.99613
2.03705 0.00000 2.03705 2.03705
0.99673 0.00000 0.99673 0.99673
2.77022 0.00000 2.77022 2.77022
1.42067 0.00000 1.42067 1.42067
0.98399 0.00000 0.98399 0.98399
4.30802 0.00000 4.30802 4.30802
-0.35613 0.00000 -0.35613 -0.35613
2.40198 0.00000 2.40198 2.40198
0.07791 0.00000 0.07791 0.07791
1.07275 0.00000 1.07275 1.07275
5.00687 0.00000 5.00687 5.00687
4.67716 0.00000 4.67716 4.67716
3.98391 0.00000 3.98391 3.98391
