# avg	std	min	max
1.28150 0.00000 1.28150 1.28150
0.42419 0.00000 0.42419 0.42419
-0.00000 0.00000 -0.00000 -0.00000
-0.63939 0.00000 -0.63939 -0.63939
-0.38144 0.00000 -0.38144 -0.38144
-0.59818 0.00000 -0.59818 -0.59818
-0.79161 0.00000 -0.79161 -0.79161
-1.44586 0.00000 -1.44586 -1.44586
0.56548 0.00000 0.56548 0.56548
1.14125 0.00000 1.14125 1.14125
1.19851 0.00000 1.19851 1.19851
1.10991 0.00000 1.10991 1.10991
-0.97729 0.00000 -0.97729 -0.97729
0.19973 0.00000 0.19973 0.19973
0.64674 0.00000 0.64674 0.64674
-1.07047 0.00000 -1.07047 -1.07047
-1.58986 0.00000 -1.58986 -1.58986
-0.25246 0.00000 -0.25246 -0.25246
-0.33262 0.00000 -0.33262 -0.33262
0.95193 0.00000 0.95193 0.95193
