# avg	std	min	max
-0.76478 0.00000 -0.76478 -0.76478
-0.71075 0.00000 -0.71075 -0.71075
-0.00002 0.00000 -0.00002 -0.00002
-1.09441 0.00000 -1.09441 -1.09441
1.54193 0.00000 1.54193 1.54193
-1.77180 0.00000 -1.77180 -1.77180
-1.35014 0.00000 -1.35014 -1.35014
-0.66120 0.00000 -0.66120 -0.66120
0.96661 0.00000 0.96661 0.96661
-0.35582 0.00000 -0.35582 -0.35582
0.73874 0.00000 0.73874 0.73874
0.00346 0.00000 0.00346 0.00346
-1.36251 0.00000 -1.36251 -1.36251
-1.75097 0.00000 -1.75097 -1.75097
-1.08060 0.00000 -1.08060 -1.08060
-0.47724 0.00000 -0.47724 -0.47724
-0.43478 0.00000 -0.43478 -0.43478
-1.65278 0.00000 -1.65278 -1.65278
-1.27975 0.00000 -1.27975 -1.27975
-0.92300 0.00000 -0.92300 -0.92300
