# avg	std	min	max
2.33910 0.00000 2.33910 2.33910
1.49001 0.00000 1.49001 1.49001
-0.00543 0.00000 -0.00543 -0.00543
0.66988 0.00000 0.66988 0.66988
-0.65097 0.00000 -0.65097 -0.65097
-0.46580 0.00000 -0.46580 -0.46580
0.84280 0.00000 0.84280 0.84280
2.74576 0.00000 2.74576 2.74576
2.93956 0.00000 2.93956 2.93956
2.55992 0.00000 2.55992 2.55992
2.03234 0.00000 2.03234 2.03234
1.12441 0.00000 1.12441 1.12441
1.77095 0.00000 1.77095 1.77095
1.75134 0.00000 1.75134 1.75134
1.39915 0.00000 1.39915 1.39915
2.82124 0.00000 2.82124 2.82124
3.51216 0.00000 3.51216 3.51216
1.54503 0.00000 1.54503 1.54503
2.40684 0.00000 2.40684 2.40684
3.15265 0.00000 3.15265 3.15265
