# avg	std	min	max
2.44889 0.00000 2.44889 2.44889
1.77020 0.00000 1.77020 1.77020
-0.01245 0.00000 -0.01245 -0.01245
0.01424 0.00000 0.01424 0.01424
-0.51501 0.00000 -0.51501 -0.51501
0.47253 0.00000 0.47253 0.47253
0.53355 0.00000 0.53355 0.53355
2.11586 0.00000 2.11586 2.11586
5.25731 0.00000 5.25731 5.25731
2.00347 0.00000 2.00347 2.00347
1.11425 0.00000 1.11425 1.11425
1.04875 0.00000 1.04875 1.04875
-0.53744 0.00000 -0.53744 -0.53744
1.49584 0.00000 1.49584 1.49584
2.31601 0.00000 2.31601 2.31601
3.60842 0.00000 3.60842 3.60842
3.35595 0.00000 3.35595 3.35595
0.05234 0.00000 0.05234 0.05234
0.49741 0.00000 0.49741 0.49741
0.48570 0.00000 0.48570 0.48570
