# avg	std	min	max
5.48494 0.00000 5.48494 5.48494
3.71569 0.00000 3.71569 3.71569
3.46182 0.00000 3.46182 3.46182
2.98090 0.00000 2.98090 2.98090
4.57201 0.00000 4.57201 4.57201
2.22433 0.00000 2.22433 2.22433
2.73169 0.00000 2.73169 2.73169
-0.01866 0.00000 -0.01866 -0.01866
8.61231 0.00000 8.61231 8.61231
3.59311 0.00000 3.59311 3.59311
4.14986 0.00000 4.14986 4.14986
3.87879 0.00000 3.87879 3.87879
9.37972 0.00000 9.37972 9.37972
4.35611 0.00000 4.35611 4.35611
4.71372 0.00000 4.71372 4.71372
5.18743 0.00000 5.18743 5.18743
2.84769 0.00000 2.84769 2.84769
5.08028 0.00000 5.08028 5.08028
6.11074 0.00000 6.11074 6.11074
2.69272 0.00000 2.69272 2.69272
