# avg	std	min	max
4.51771 0.00000 4.51771 4.51771
3.15091 0.00000 3.15091 3.15091
1.25277 0.00000 1.25277 1.25277
2.89527 0.00000 2.89527 2.89527
1.48459 0.00000 1.48459 1.48459
1.83494 0.00000 1.83494 1.83494
1.50476 0.00000 1.50476 1.50476
-0.27185 0.00000 -0.27185 -0.27185
5.12596 0.00000 5.12596 5.12596
3.44445 0.00000 3.44445 3.44445
1.64828 0.00000 1.64828 1.64828
2.96553 0.00000 2.96553 2.96553
1.70470 0.00000 1.70470 1.70470
3.39685 0.00000 3.39685 3.39685
2.84146 0.00000 2.84146 2.84146
4.68627 0.00000 4.68627 4.68627
4.13457 0.00000 4.13457 4.13457
2.48277 0.00000 2.48277 2.48277
3.05726 0.00000 3.05726 3.05726
3.21268 0.00000 3.21268 3.21268
