# avg	std	min	max
1.14220 0.00000 1.14220 1.14220
0.85899 0.00000 0.85899 0.85899
1.28845 0.00000 1.28845 1.28845
0.27075 0.00000 0.27075 0.27075
0.86297 0.00000 0.86297 0.86297
0.15725 0.00000 0.15725 0.15725
0.37898 0.00000 0.37898 0.37898
0.00131 0.00000 0.00131 0.00131
1.58986 0.00000 1.58986 1.58986
1.22154 0.00000 1.22154 1.22154
1.37023 0.00000 1.37023 1.37023
1.20878 0.00000 1.20878 1.20878
0.35971 0.00000 0.35971 0.35971
1.22979 0.00000 1.22979 1.22979
0.77258 0.00000 0.77258 0.77258
1.17004 0.00000 1.17004 1.17004
0.44654 0.00000 0.44654 0.44654
0.20758 0.00000 0.20758 0.20758
0.42513 0.00000 0.42513 0.42513
1.18059 0.00000 1.18059 1.18059
