# avg	std	min	max
2.19079 0.00000 2.19079 2.19079
1.26913 0.00000 1.26913 1.26913
1.18954 0.00000 1.18954 1.18954
0.04459 0.00000 0.04459 0.04459
0.81871 0.00000 0.81871 0.81871
0.33835 0.00000 0.33835 0.33835
0.22536 0.00000 0.22536 0.22536
-0.00596 0.00000 -0.00596 -0.00596
0.16901 0.00000 0.16901 0.16901
2.35657 0.00000 2.35657 2.35657
3.86058 0.00000 3.86058 3.86058
1.61633 0.00000 1.61633 1.61633
0.08176 0.00000 0.08176 0.08176
1.83547 0.00000 1.83547 1.83547
1.64793 0.00000 1.64793 1.64793
3.38610 0.00000 3.38610 3.38610
2.76512 0.00000 2.76512 2.76512
1.08641 0.00000 1.08641 1.08641
2.11086 0.00000 2.11086 2.11086
1.91123 0.00000 1.91123 1.91123
