# avg	std	min	max
1.21284 0.00000 1.21284 1.21284
0.36082 0.00000 0.36082 0.36082
1.42125 0.00000 1.42125 1.42125
-0.39437 0.00000 -0.39437 -0.39437
0.69625 0.00000 0.69625 0.69625
-0.56306 0.00000 -0.56306 -0.56306
-0.12369 0.00000 -0.12369 -0.12369
-0.46030 0.00000 -0.46030 -0.46030
-0.96007 0.00000 -0.96007 -0.96007
1.40688 0.00000 1.40688 1.40688
1.94198 0.00000 1.94198 1.94198
0.88998 0.00000 0.88998 0.88998
-0.00379 0.00000 -0.00379 -0.00379
1.26183 0.00000 1.26183 1.26183
0.70381 0.00000 0.70381 0.70381
1.79593 0.00000 1.79593 1.79593
1.10213 0.00000 1.10213 1.10213
-0.49500 0.00000 -0.49500 -0.49500
-0.77408 0.00000 -0.77408 -0.77408
0.27976 0.00000 0.27976 0.27976
