# avg	std	min	max
4.56954 0.00000 4.56954 4.56954
2.83819 0.00000 2.83819 2.83819
3.07040 0.00000 3.07040 3.07040
1.38466 0.00000 1.38466 1.38466
4.02217 0.00000 4.02217 4.02217
1.69679 0.00000 1.69679 1.69679
-0.07391 0.00000 -0.07391 -0.07391
1.63749 0.00000 1.63749 1.63749
3.90752 0.00000 3.90752 3.90752
4.02987 0.00000 4.02987 4.02987
2.32237 0.00000 2.32237 2.32237
3.27322 0.00000 3.27322 3.27322
-0.01187 0.00000 -0.01187 -0.01187
2.44371 0.00000 2.44371 2.44371
4.19569 0.00000 4.19569 4.19569
5.12666 0.00000 5.12666 5.12666
4.55425 0.00000 4.55425 4.55425
1.94076 0.00000 1.94076 1.94076
1.47896 0.00000 1.47896 1.47896
2.23671 0.00000 2.23671 2.23671
