# avg	std	min	max
2.94402 0.00000 2.94402 2.94402
1.49120 0.00000 1.49120 1.49120
2.97178 0.00000 2.97178 2.97178
-0.54801 0.00000 -0.54801 -0.54801
1.90876 0.00000 1.90876 1.90876
-0.19090 0.00000 -0.19090 -0.19090
-0.44594 0.00000 -0.44594 -0.44594
11.95584 0.00000 11.95584 11.95584
1.57987 0.00000 1.57987 1.57987
1.97121 0.00000 1.97121 1.97121
2.19009 0.00000 2.19009 2.19009
1.52342 0.00000 1.52342 1.52342
-0.01322 0.00000 -0.01322 -0.01322
3.05574 0.00000 3.05574 3.05574
3.27492 0.00000 3.27492 3.27492
3.13139 0.00000 3.13139 3.13139
3.01898 0.00000 3.01898 3.01898
3.20200 0.00000 3.20200 3.20200
4.72646 0.00000 4.72646 4.72646
1.37654 0.00000 1.37654 1.37654
