# avg	std	min	max
2.54275 0.00000 2.54275 2.54275
1.51257 0.00000 1.51257 1.51257
3.96016 0.00000 3.96016 3.96016
1.53882 0.00000 1.53882 1.53882
3.44177 0.00000 3.44177 3.44177
0.13050 0.00000 0.13050 0.13050
-0.45707 0.00000 -0.45707 -0.45707
0.57806 0.00000 0.57806 0.57806
6.35398 0.00000 6.35398 6.35398
2.14913 0.00000 2.14913 2.14913
2.28542 0.00000 2.28542 2.28542
2.08328 0.00000 2.08328 2.08328
0.00111 0.00000 0.00111 0.00111
1.16048 0.00000 1.16048 1.16048
1.37832 0.00000 1.37832 1.37832
3.35058 0.00000 3.35058 3.35058
2.52288 0.00000 2.52288 2.52288
1.73044 0.00000 1.73044 1.73044
2.33389 0.00000 2.33389 2.33389
2.10149 0.00000 2.10149 2.10149
