# avg	std	min	max
4.25240 0.00000 4.25240 4.25240
3.49612 0.00000 3.49612 3.49612
3.53774 0.00000 3.53774 3.53774
2.04192 0.00000 2.04192 2.04192
2.42311 0.00000 2.42311 2.42311
2.40200 0.00000 2.40200 2.40200
1.25573 0.00000 1.25573 1.25573
2.17027 0.00000 2.17027 2.17027
2.66140 0.00000 2.66140 2.66140
4.10749 0.00000 4.10749 4.10749
4.34666 0.00000 4.34666 4.34666
3.68589 0.00000 3.68589 3.68589
0.00662 0.00000 0.00662 0.00662
4.10238 0.00000 4.10238 4.10238
3.64910 0.00000 3.64910 3.64910
4.76963 0.00000 4.76963 4.76963
4.27706 0.00000 4.27706 4.27706
3.27478 0.00000 3.27478 3.27478
2.71931 0.00000 2.71931 2.71931
3.91793 0.00000 3.91793 3.91793
