# avg	std	min	max
0.46920 0.00000 0.46920 0.46920
0.61136 0.00000 0.61136 0.61136
1.02355 0.00000 1.02355 1.02355
0.03871 0.00000 0.03871 0.03871
0.69205 0.00000 0.69205 0.69205
-0.03111 0.00000 -0.03111 -0.03111
-0.04985 0.00000 -0.04985 -0.04985
-0.12096 0.00000 -0.12096 -0.12096
0.71951 0.00000 0.71951 0.71951
-0.00388 0.00000 -0.00388 -0.00388
0.14830 0.00000 0.14830 0.14830
0.96909 0.00000 0.96909 0.96909
-0.01397 0.00000 -0.01397 -0.01397
0.26707 0.00000 0.26707 0.26707
0.57263 0.00000 0.57263 0.57263
0.77075 0.00000 0.77075 0.77075
0.39954 0.00000 0.39954 0.39954
0.17115 0.00000 0.17115 0.17115
0.37591 0.00000 0.37591 0.37591
-0.21662 0.00000 -0.21662 -0.21662
