# avg	std	min	max
-0.25239 0.00000 -0.25239 -0.25239
-0.37197 0.00000 -0.37197 -0.37197
0.36503 0.00000 0.36503 0.36503
-0.91624 0.00000 -0.91624 -0.91624
-0.24435 0.00000 -0.24435 -0.24435
-1.05160 0.00000 -1.05160 -1.05160
-0.69746 0.00000 -0.69746 -0.69746
0.07804 0.00000 0.07804 0.07804
8.18104 0.00000 8.18104 8.18104
-0.39386 0.00000 -0.39386 -0.39386
0.82518 0.00000 0.82518 0.82518
-0.18975 0.00000 -0.18975 -0.18975
-0.05159 0.00000 -0.05159 -0.05159
-0.12319 0.00000 -0.12319 -0.12319
-0.95870 0.00000 -0.95870 -0.95870
-0.04789 0.00000 -0.04789 -0.04789
-0.25537 0.00000 -0.25537 -0.25537
0.98640 0.00000 0.98640 0.98640
1.82009 0.00000 1.82009 1.82009
-0.08378 0.00000 -0.08378 -0.08378
