res	aa	Beta	Turn	Helix	Aggregation	Conc-Stab_Aggregation
01	  D	  0.0	  0.0	0.000	0.000	0.000
02	  D	  0.0	  0.4	11.616	0.000	0.000
03	  P	  0.0	  0.5	11.616	0.000	0.000
04	  Q	  0.1	  0.5	11.616	0.000	0.000
05	  T	  0.6	  0.5	12.008	0.000	0.000
06	  R	  2.6	  0.3	12.008	0.000	0.000
07	  L	  2.5	  0.3	12.008	0.000	0.000
08	  D	  2.1	  0.3	10.778	0.000	0.000
09	  R	  0.6	  0.2	8.585	0.000	0.000
10	  F	  1.1	  0.5	6.570	0.000	0.000
11	  K	  1.0	  0.5	2.798	0.000	0.000
12	  D	  0.5	  0.5	1.892	0.000	0.000
13	  M	  0.6	  0.5	1.541	0.863	0.863
14	  L	  3.9	  0.0	1.286	0.863	0.863
15	  N	  8.2	  0.0	1.115	0.863	0.863
16	  V	 11.4	  0.0	0.542	0.863	0.863
17	  Y	  9.0	  0.0	0.542	0.863	0.863
18	  M	  4.7	  0.1	0.258	0.438	0.438
19	  E	  0.9	  0.1	0.383	0.000	0.000
20	  T	  3.9	  0.1	0.383	0.000	0.000
21	  M	  4.3	  0.1	0.383	0.000	0.000
22	  K	  4.4	  0.4	0.383	0.000	0.000
23	  A	  0.7	  0.7	0.383	0.000	0.000
24	  S	  0.3	  0.9	0.383	0.000	0.000
25	  G	  0.1	  0.9	0.000	0.000	0.000
26	  K	  0.6	  0.5	0.000	0.000	0.000
27	  E	  1.3	  0.2	0.000	0.000	0.000
28	  V	  6.0	  0.1	0.000	2.478	2.478
29	  V	  7.0	  0.0	0.000	2.478	2.478
30	  A	  6.7	  0.0	0.000	2.478	2.478
31	  Q	  3.8	  0.0	0.000	2.478	2.478
32	  F	  3.0	  0.0	0.000	2.478	2.478
33	  D	  2.7	  1.9	0.564	0.000	0.000
34	  A	  1.1	  2.0	0.564	0.000	0.000
35	  S	  0.5	  2.0	0.564	0.000	0.000
36	  A	  0.7	  2.1	0.564	0.000	0.000
37	  V	  0.5	  0.3	0.564	0.000	0.000
38	  G	  0.2	  0.3	0.564	0.000	0.000
39	  K	  0.2	  0.4	0.301	0.000	0.000
40	  Q	  1.0	  0.2	0.000	0.000	0.000
41	  L	  2.1	  0.1	0.000	0.000	0.000
42	  D	  2.1	  0.1	0.000	0.000	0.000
43	  L	  3.3	  0.0	0.000	0.000	0.000
44	  K	  2.6	  0.0	0.000	0.000	0.000
45	  V	  2.4	  2.6	0.000	0.000	0.000
46	  G	  0.5	  2.6	0.000	0.000	0.000
47	  D	  0.1	  2.7	0.000	0.000	0.000
48	  T	  1.6	  2.7	0.000	0.000	0.000
49	  L	  1.9	  0.2	0.000	0.000	0.000
50	  D	  1.9	  0.2	0.000	0.000	0.000
51	  S	  6.0	  0.4	0.000	0.000	0.000
52	  L	  6.0	  0.5	0.000	0.000	0.000
53	  S	  6.3	  0.5	0.000	0.000	0.000
54	  S	  1.2	  0.4	0.000	0.000	0.000
55	  T	  5.7	  0.1	0.000	0.352	0.352
56	  I	  9.0	  0.1	0.000	0.352	0.352
57	  V	 13.4	  0.0	0.000	0.352	0.352
58	  Q	  9.7	  0.0	0.000	0.352	0.352
59	  M	  6.2	  0.1	0.000	0.352	0.352
60	  K	  1.4	  0.5	0.000	0.000	0.000
61	  E	  0.1	  0.5	0.000	0.000	0.000
62	  D	  0.1	  0.5	0.000	0.000	0.000
63	  L	  0.1	  0.5	0.000	0.000	0.000
64	  A	  0.1	  0.2	0.000	0.000	0.000
65	  P	  0.1	  0.2	0.000	0.000	0.000
66	  Y	  2.7	  0.2	0.000	0.000	0.000
67	  Y	  3.5	  0.3	0.000	0.000	0.000
68	  E	  3.5	  0.1	0.000	0.000	0.000
69	  E	  1.1	  0.1	0.000	0.000	0.000
70	  M	  0.6	  0.3	0.000	0.000	0.000
71	  R	  0.6	  0.2	0.000	0.000	0.000
72	  D	  0.4	  0.4	0.000	0.000	0.000
73	  A	  0.3	  0.4	0.000	0.000	0.000
74	  W	  0.6	  0.2	0.000	0.000	0.000
75	  D	  0.5	  0.3	1.467	0.000	0.000
76	  K	  0.6	  0.2	1.467	0.000	0.000
77	  E	  0.3	  0.2	1.467	0.000	0.000
78	  T	  0.6	  0.3	1.467	0.000	0.000
79	  E	  0.4	  0.2	1.467	0.000	0.000
80	  S	  1.1	  0.2	1.467	0.000	0.000
81	  L	  1.1	  0.2	0.864	0.000	0.000
82	  Q	  1.2	  0.1	0.659	0.000	0.000
83	  S	  0.5	  0.1	0.201	0.000	0.000
84	  E	  2.1	  0.1	0.000	0.000	0.000
85	  V	  3.6	  0.0	0.000	0.000	0.000
86	  A	  3.6	  0.2	0.000	0.000	0.000
87	  Q	  1.9	  0.2	0.000	0.000	0.000
88	  D	  0.5	  0.2	0.955	0.000	0.000
89	  L	  0.5	  0.3	1.331	0.000	0.000
90	  E	  0.3	  0.1	1.331	0.000	0.000
91	  Q	  0.6	  0.0	1.331	0.000	0.000
92	  V	  3.3	  0.1	1.331	0.000	0.000
93	  R	  3.6	  0.1	1.331	0.000	0.000
94	  Q	  3.8	  0.1	1.331	0.000	0.000
95	  K	  2.1	  0.1	0.904	0.000	0.000
96	  F	  2.3	  0.1	0.246	0.000	0.000
97	  Q	  1.6	  0.1	0.000	0.000	0.000
98	  T	  1.1	  0.1	0.519	0.000	0.000
99	  A	  0.7	  0.1	0.519	0.000	0.000
100	  L	  0.7	  0.2	0.519	0.000	0.000
101	  E	  0.3	  0.2	0.519	0.000	0.000
102	  Q	  0.8	  0.2	0.519	0.000	0.000
103	  F	  1.3	  0.2	0.519	0.000	0.000
104	  A	  1.3	  0.0	0.141	0.000	0.000
105	  Q	  1.9	  0.0	0.141	0.000	0.000
106	  Q	  1.5	  0.0	0.000	0.000	0.000
107	  W	  1.5	  0.1	0.000	0.000	0.000
108	  G	  0.3	  0.1	0.000	0.000	0.000
109	  A	  0.4	  0.1	0.000	0.000	0.000
110	  E	  5.5	  0.1	0.000	0.000	0.000
111	  V	  6.9	  0.1	0.000	0.000	0.000
112	  D	  7.3	  0.1	0.682	0.000	0.000
113	  Q	  4.2	  0.0	0.682	0.000	0.000
114	  Y	  3.6	  0.1	0.682	0.000	0.000
115	  R	  2.8	  0.1	0.682	0.000	0.000
116	  E	  0.7	  0.1	0.682	0.000	0.000
117	  K	  1.1	  0.1	0.682	0.000	0.000
118	  L	  1.2	  0.1	0.396	0.000	0.000
119	  V	  1.2	  0.0	0.220	0.000	0.000
120	  P	  0.2	  0.0	0.000	0.000	0.000
121	  V	  5.1	  0.0	0.000	0.000	0.000
122	  V	  5.3	  0.1	0.000	0.000	0.000
123	  S	  5.3	  0.1	0.000	0.000	0.000
124	  N	  0.7	  0.1	0.886	0.000	0.000
125	  M	  0.5	  0.1	0.886	0.000	0.000
126	  K	  0.5	  0.1	1.066	0.000	0.000
127	  E	  0.6	  0.1	1.066	0.000	0.000
128	  L	  0.6	  0.1	1.355	0.000	0.000
129	  S	  0.8	  0.1	11.286	0.000	0.000
130	  R	  0.7	  0.1	10.942	0.000	0.000
131	  Q	  0.9	  0.2	10.673	0.000	0.000
132	  K	  2.2	  0.1	10.220	0.000	0.000
133	  L	  2.6	  0.1	10.220	0.000	0.000
134	  E	  2.3	  0.1	10.220	0.000	0.000
135	  L	  0.9	  0.0	9.861	0.000	0.000
136	  L	  0.4	  0.1	9.242	0.000	0.000
137	  Q	  0.7	  0.1	8.554	0.000	0.000
138	  Q	  0.8	  0.1	4.938	0.000	0.000
139	  Q	  2.3	  0.1	1.961	0.000	0.000
140	  L	  2.1	  0.0	0.655	0.000	0.000
141	  T	  1.8	  0.2	0.634	0.000	0.000
142	  P	  0.2	  0.2	0.315	0.000	0.000
143	  L	  0.0	  0.2	0.315	0.000	0.000
144	  A	  0.0	  0.2	0.315	0.000	0.000
145	  E	  0.0	  0.1	0.650	0.000	0.000
146	  E	  0.2	  0.2	0.650	0.000	0.000
147	  A	  0.2	  0.6	0.482	0.000	0.000
148	  Q	  0.2	  0.7	0.482	0.000	0.000
149	  G	  0.0	  0.6	0.335	0.000	0.000
150	  R	  0.8	  0.5	0.335	0.000	0.000
151	  M	  1.1	  0.3	0.165	0.000	0.000
152	  R	  1.1	  0.2	0.000	0.000	0.000
153	  G	  0.4	  0.2	0.356	0.000	0.000
154	  H	  1.5	  0.2	0.740	0.000	0.000
155	  V	  1.6	  0.0	1.754	0.000	0.000
156	  D	  1.6	  0.1	12.776	0.000	0.000
157	  E	  0.4	  0.1	12.928	0.000	0.000
158	  L	  0.5	  0.2	12.928	0.000	0.000
159	  R	  1.1	  0.3	12.928	0.000	0.000
160	  K	  0.9	  0.2	12.928	0.000	0.000
161	  N	  0.7	  0.2	12.618	0.000	0.000
162	  L	  0.2	  0.2	4.841	0.000	0.000
163	  A	  0.1	  0.2	3.181	0.000	0.000
164	  P	  0.0	  0.1	0.000	0.000	0.000
165	  Y	  0.8	  0.2	0.000	0.000	0.000
166	  K	  1.0	  0.2	0.000	0.000	0.000
167	  E	  1.0	  0.1	0.000	0.000	0.000
168	  E	  0.9	  0.1	0.552	0.000	0.000
169	  L	  1.1	  0.1	0.552	0.000	0.000
170	  T	  3.2	  0.1	0.552	0.000	0.000
171	  Q	  2.8	  0.1	0.552	0.000	0.000
172	  K	  3.0	  0.1	0.552	0.000	0.000
173	  I	  1.1	  0.1	0.552	0.000	0.000
174	  Q	  1.2	  0.1	0.552	0.000	0.000
175	  K	  1.2	  0.0	0.247	0.000	0.000
176	  L	  1.1	  0.1	0.000	0.000	0.000
177	  H	  0.9	  0.4	0.000	0.000	0.000
178	  E	  0.6	  0.3	0.000	0.000	0.000
179	  S	  0.9	  0.3	0.000	0.000	0.000
180	  F	  0.7	  0.3	0.000	0.000	0.000
181	  P	  0.3	  0.0	0.000	0.000	0.000
182	  Y	  3.3	  0.0	0.000	0.000	0.000
183	  T	  3.4	  0.2	0.000	0.000	0.000
184	  S	  3.4	  0.2	0.000	0.000	0.000
185	  N	  3.7	  0.2	0.000	0.000	0.000
186	  V	  4.5	  0.3	0.000	0.000	0.000
187	  R	  4.5	  0.1	0.000	0.000	0.000
188	  D	  1.0	  0.1	0.000	0.000	0.000
189	  Q	  0.4	  0.1	0.000	0.000	0.000
190	  A	  0.9	  0.1	0.000	0.000	0.000
191	  V	  2.9	  0.0	0.000	0.000	0.000
192	  Q	  3.0	  0.0	0.000	0.000	0.000
193	  H	  3.3	  0.0	0.000	0.000	0.000
194	  L	  1.6	  0.1	0.000	0.000	0.000
195	  S	  1.3	  0.2	0.153	0.000	0.000
196	  S	  2.5	  0.2	0.330	0.000	0.000
197	  L	  2.1	  0.2	0.330	0.000	0.000
198	  R	  2.1	  0.1	0.330	0.000	0.000
199	  E	  0.2	  0.1	0.330	0.000	0.000
200	  K	  9.7	  0.1	0.330	0.000	0.000
201	  V	 10.2	  0.0	0.177	0.000	0.000
202	  T	 10.1	  0.0	0.177	0.000	0.000
203	  P	  0.6	  0.0	0.000	0.000	0.000
204	  L	  0.3	  0.0	0.000	0.000	0.000
205	  V	  1.6	  0.2	0.000	0.000	0.000
206	  Q	  2.1	  0.2	0.000	0.000	0.000
207	  D	  3.1	  0.2	0.208	0.000	0.000
208	  F	  2.5	  0.3	0.208	0.000	0.000
209	  R	  2.0	  0.1	0.208	0.000	0.000
210	  E	  0.8	  0.1	0.208	0.000	0.000
211	  R	  3.5	  0.1	0.208	0.000	0.000
212	  V	  4.2	  0.0	0.208	0.000	0.000
213	  K	  4.1	  0.0	0.208	0.000	0.000
214	  P	  0.7	  0.0	0.000	0.000	0.000
215	  Y	  1.8	  0.1	0.000	0.000	0.000
216	  T	  2.5	  0.1	0.000	0.000	0.000
217	  D	  2.6	  0.1	0.000	0.000	0.000
218	  S	  2.7	  0.1	1.406	0.000	0.000
219	  V	  3.7	  0.1	1.406	0.000	0.000
220	  K	  4.0	  0.1	1.406	0.000	0.000
221	  T	  3.2	  0.1	1.406	0.000	0.000
222	  H	  2.2	  0.1	1.406	0.000	0.000
223	  L	  2.1	  0.0	1.406	1.986	1.986
224	  L	  2.8	  0.0	1.242	1.986	1.986
225	  N	  2.8	  0.0	1.063	1.986	1.986
226	  L	  2.6	  0.0	0.643	1.986	1.986
227	  F	  2.2	  0.1	0.657	1.986	1.986
228	  Q	  1.5	  0.1	0.409	0.000	0.000
229	  E	  1.3	  0.1	0.238	0.000	0.000
230	  A	  0.2	  0.1	0.238	0.000	0.000
231	  R	  0.5	  0.1	0.238	0.000	0.000
232	  K	  0.7	  0.1	0.238	0.000	0.000
233	  T	  5.2	  0.1	0.000	0.000	0.000
234	  L	  4.9	  0.1	0.000	0.000	0.000
235	  S	  4.7	  0.0	0.000	0.000	0.000
