res	aa	Beta	Turn	Helix	Aggregation	Conc-Stab_Aggregation
01	  A	  0.0	  0.4	0.000	0.000	0.000
02	  P	  0.0	  0.4	0.000	0.000	0.000
03	  S	  0.2	  0.5	0.192	0.000	0.000
04	  Q	  0.4	  0.5	0.192	0.000	0.000
05	  L	  0.4	  0.1	0.192	0.000	0.000
06	  A	  0.6	  0.1	0.192	0.000	0.000
07	  Q	  1.8	  0.0	0.192	0.000	0.000
08	  I	  3.3	  0.0	0.192	0.000	0.000
09	  R	  3.1	  0.1	0.192	0.000	0.000
10	  S	  2.1	  0.1	0.362	0.000	0.000
11	  A	  0.8	  0.1	0.362	0.000	0.000
12	  V	  9.7	  0.0	0.362	0.000	0.000
13	  D	 11.7	  0.0	0.362	0.000	0.000
14	  V	 15.1	  0.0	0.362	0.565	0.565
15	  Y	  7.2	  0.0	0.362	0.565	0.565
16	  M	  4.6	  0.0	0.000	0.565	0.565
17	  T	  1.8	  0.0	0.000	0.565	0.565
18	  Q	  2.4	  0.0	0.000	0.565	0.565
19	  V	  3.6	  0.4	0.000	0.565	0.565
20	  K	  2.8	  0.6	0.000	0.000	0.000
21	  D	  1.7	  0.7	0.000	0.000	0.000
22	  G	  0.0	  0.7	0.000	0.000	0.000
23	  A	  0.6	  0.3	0.000	0.000	0.000
24	  I	  2.3	  0.1	0.000	0.000	0.000
25	  R	  2.8	  0.1	0.000	0.000	0.000
26	  S	  4.9	  0.7	0.000	0.000	0.000
27	  L	  3.4	  0.7	0.000	0.000	0.000
28	  D	  2.8	  0.8	0.000	0.000	0.000
29	  Q	  1.0	  1.0	0.000	0.000	0.000
30	  L	  0.9	  0.6	0.000	0.000	0.000
31	  D	  0.9	  0.6	0.000	0.000	0.000
32	  G	  0.1	  0.5	0.000	0.000	0.000
33	  T	  0.0	  0.4	0.196	0.000	0.000
34	  P	  0.0	  0.2	0.196	0.000	0.000
35	  Y	  0.4	  0.2	0.335	0.000	0.000
36	  N	  0.4	  0.3	4.531	0.000	0.000
37	  E	  1.7	  0.1	6.881	0.000	0.000
38	  L	  1.5	  0.3	7.029	0.000	0.000
39	  K	  1.8	  0.3	7.490	0.000	0.000
40	  D	  0.5	  0.2	8.525	0.000	0.000
41	  I	  1.2	  0.2	9.021	0.000	0.000
42	  L	  1.0	  0.0	9.185	0.000	0.000
43	  A	  1.1	  0.0	9.185	0.000	0.000
44	  K	  0.4	  0.1	8.954	0.000	0.000
45	  R	  0.7	  0.1	5.020	0.000	0.000
46	  L	  0.6	  0.1	3.813	0.000	0.000
47	  E	  0.4	  0.1	3.647	0.000	0.000
48	  E	  1.3	  0.1	3.229	0.000	0.000
49	  L	  1.6	  0.1	2.193	0.000	0.000
50	  H	  2.6	  0.1	1.401	0.000	0.000
51	  T	  2.1	  0.0	0.000	0.000	0.000
52	  Q	  3.7	  0.0	0.000	0.000	0.000
53	  I	  4.4	  0.1	0.000	0.000	0.000
54	  K	  3.8	  0.0	0.000	0.000	0.000
55	  T	  4.5	  0.0	0.000	0.000	0.000
56	  L	  3.0	  0.1	0.000	0.000	0.000
57	  Q	  2.9	  0.1	0.000	0.000	0.000
58	  S	  0.5	  0.1	0.000	0.000	0.000
59	  S	 18.5	  0.1	0.000	0.000	0.000
60	  V	 18.8	  0.1	0.000	0.000	0.000
61	  S	 18.6	  0.0	0.000	0.000	0.000
62	  P	  0.4	  0.0	0.000	0.000	0.000
63	  M	  0.3	  0.2	0.000	0.000	0.000
64	  T	  0.3	  0.4	0.000	0.000	0.000
65	  D	  0.3	  0.4	0.000	0.000	0.000
66	  G	  0.1	  0.4	0.000	0.000	0.000
67	  F	  1.8	  0.3	0.000	1.913	1.913
68	  V	  2.8	  0.1	0.000	2.098	2.098
69	  S	  3.3	  0.0	0.000	2.098	2.098
70	  T	  5.9	  0.0	0.000	2.098	2.098
71	  V	  5.7	  0.0	0.000	2.098	2.098
72	  A	  5.2	  0.1	0.000	1.058	1.058
73	  E	  1.0	  0.1	0.000	0.000	0.000
74	  S	  0.4	  0.2	0.382	0.000	0.000
75	  T	  0.7	  0.2	1.656	0.000	0.000
76	  A	  0.7	  0.1	1.656	0.000	0.000
77	  E	  1.3	  0.0	1.656	0.000	0.000
78	  F	  1.9	  0.2	1.656	0.000	0.000
79	  R	  1.8	  0.2	1.656	0.000	0.000
80	  N	  1.2	  0.2	1.814	0.000	0.000
81	  R	  2.1	  0.2	1.482	0.000	0.000
82	  I	  3.0	  0.0	1.219	0.000	0.000
83	  A	  2.9	  0.3	1.219	0.000	0.000
84	  A	  1.2	  0.3	0.810	0.000	0.000
85	  D	  2.0	  0.3	2.371	0.000	0.000
86	  I	  3.0	  0.3	1.721	0.000	0.000
87	  E	  2.9	  0.0	1.721	0.000	0.000
88	  A	  1.3	  0.0	1.721	0.000	0.000
89	  L	  0.4	  0.1	1.721	0.000	0.000
90	  K	  0.8	  0.1	1.721	0.000	0.000
91	  T	  0.7	  0.1	0.703	0.000	0.000
92	  E	  1.0	  0.1	0.703	0.000	0.000
93	  L	  0.7	  0.1	0.452	0.000	0.000
94	  E	  0.6	  0.0	1.472	0.000	0.000
95	  P	  0.2	  0.1	1.187	0.000	0.000
96	  K	  0.3	  0.1	1.187	0.000	0.000
97	  R	  0.4	  0.1	1.187	0.000	0.000
98	  A	  0.8	  0.1	1.187	0.000	0.000
99	  H	  1.4	  0.0	1.702	0.000	0.000
100	  L	  1.2	  0.0	1.122	0.000	0.000
101	  R	  1.2	  0.0	0.933	0.000	0.000
102	  E	  0.8	  0.0	0.791	0.000	0.000
103	  V	  4.3	  0.0	0.791	0.000	0.000
104	  I	  5.8	  0.0	0.947	0.000	0.000
105	  E	  6.6	  0.1	0.947	0.000	0.000
106	  R	  3.6	  0.1	0.947	0.000	0.000
107	  H	  2.6	  0.1	1.106	0.000	0.000
108	  M	  1.2	  0.2	0.804	0.000	0.000
109	  E	  0.7	  0.1	0.804	0.000	0.000
110	  E	  0.9	  0.1	0.804	0.000	0.000
111	  Y	  1.9	  0.3	0.804	0.000	0.000
112	  R	  1.9	  0.2	0.804	0.000	0.000
113	  N	  1.1	  0.2	0.804	0.000	0.000
114	  H	  1.5	  0.2	0.154	0.000	0.000
115	  L	  1.5	  0.0	0.000	0.000	0.000
116	  E	  1.5	  0.0	0.000	0.000	0.000
117	  P	  0.1	  0.0	0.000	0.000	0.000
118	  I	  3.1	  0.0	0.000	0.574	0.574
119	  V	  4.9	  0.1	0.000	0.574	0.574
120	  K	  5.0	  0.1	0.144	0.574	0.574
121	  E	  2.5	  0.1	0.322	0.574	0.574
122	  Y	  2.6	  0.1	0.322	0.574	0.574
123	  Y	  3.0	  0.0	0.322	0.574	0.574
124	  A	  2.6	  0.0	0.322	0.262	0.262
125	  K	  1.4	  0.1	0.322	0.000	0.000
126	  H	  1.6	  0.1	0.322	0.000	0.000
127	  T	  1.9	  0.1	0.558	0.000	0.000
128	  A	  1.4	  0.0	0.558	0.000	0.000
129	  E	  0.7	  0.0	0.913	0.000	0.000
130	  M	  0.3	  0.1	1.272	0.000	0.000
131	  E	  0.2	  0.1	1.272	0.000	0.000
132	  E	  0.3	  0.1	1.417	0.000	0.000
133	  L	  0.5	  0.1	1.417	0.000	0.000
134	  R	  0.7	  0.1	1.417	0.000	0.000
135	  T	  1.5	  0.1	1.193	0.000	0.000
136	  K	  6.0	  0.1	1.193	0.000	0.000
137	  M	  5.9	  0.0	0.725	0.000	0.000
138	  E	  4.9	  0.0	0.000	0.000	0.000
139	  P	  0.1	  0.0	0.000	0.000	0.000
140	  I	  1.1	  0.0	0.309	0.000	0.000
141	  M	  1.1	  0.0	0.652	0.000	0.000
142	  A	  1.2	  0.0	0.652	0.000	0.000
143	  E	  0.4	  0.0	0.652	0.000	0.000
144	  L	  0.4	  0.1	0.652	0.000	0.000
145	  R	  0.4	  0.1	0.652	0.000	0.000
146	  E	  0.2	  0.1	0.510	0.000	0.000
147	  K	  1.7	  0.1	0.510	0.000	0.000
148	  I	  2.8	  0.1	0.334	0.000	0.000
149	  R	  3.3	  0.1	0.334	0.000	0.000
150	  T	  2.5	  0.1	0.179	0.000	0.000
151	  N	  5.9	  0.1	0.470	0.000	0.000
152	  V	  5.9	  0.1	0.622	0.000	0.000
153	  E	  5.2	  0.1	0.622	0.000	0.000
154	  E	  1.2	  0.1	0.622	0.000	0.000
155	  T	  1.2	  0.3	0.622	0.000	0.000
156	  K	  1.2	  0.3	0.622	0.000	0.000
157	  N	  0.7	  0.3	0.622	0.000	0.000
158	  A	  0.4	  0.3	0.000	0.000	0.000
159	  L	  0.5	  0.0	0.000	0.000	0.000
160	  T	  0.5	  0.0	0.000	0.000	0.000
161	  P	  0.2	  0.0	0.000	0.000	0.000
162	  I	  1.1	  0.0	0.000	0.000	0.000
163	  V	  1.8	  0.0	0.000	0.000	0.000
164	  D	  1.8	  0.0	0.759	0.000	0.000
165	  A	  1.4	  0.0	0.759	0.000	0.000
166	  V	  1.2	  0.0	0.759	0.000	0.000
167	  R	  1.2	  0.1	0.759	0.000	0.000
168	  E	  0.6	  0.1	0.759	0.000	0.000
169	  K	  1.6	  0.1	0.759	0.000	0.000
170	  I	  2.8	  0.0	0.182	0.000	0.000
171	  A	  3.3	  0.0	0.182	0.000	0.000
172	  T	  3.7	  0.0	0.000	0.000	0.000
173	  H	  4.7	  0.0	0.000	0.000	0.000
174	  V	  5.5	  0.1	0.540	0.000	0.000
175	  E	  3.6	  0.0	1.390	0.000	0.000
176	  Q	  1.5	  0.0	1.390	0.000	0.000
177	  A	  0.3	  0.1	1.390	0.000	0.000
178	  R	  0.4	  0.0	1.390	0.000	0.000
179	  A	  0.6	  0.0	1.390	0.000	0.000
180	  L	  1.1	  0.0	1.390	0.000	0.000
181	  L	  1.0	  0.0	0.915	0.000	0.000
182	  A	  0.7	  0.0	0.520	0.000	0.000
183	  P	  0.1	  0.0	0.000	0.000	0.000
184	  Y	  2.3	  0.0	0.000	0.000	0.000
185	  V	  2.9	  0.1	0.000	0.000	0.000
186	  E	  2.9	  0.1	0.000	0.000	0.000
187	  E	  4.1	  0.1	0.000	0.000	0.000
188	  Y	  4.2	  0.1	0.000	0.000	0.000
189	  K	  4.2	  0.1	0.000	0.000	0.000
190	  E	  1.0	  0.1	0.000	0.000	0.000
191	  Q	  2.5	  0.1	0.000	0.000	0.000
192	  F	  4.8	  0.1	0.000	0.000	0.000
193	  R	  4.9	  0.1	0.000	0.000	0.000
194	  Q	  3.2	  0.1	0.000	0.000	0.000
195	  A	  0.8	  0.1	0.000	0.000	0.000
196	  Y	  0.8	  0.3	0.000	0.000	0.000
197	  G	  0.4	  0.3	0.000	0.000	0.000
198	  R	  0.4	  0.3	0.000	0.000	0.000
199	  A	  0.3	  0.4	0.000	0.000	0.000
200	  Q	  0.6	  0.1	0.000	0.000	0.000
201	  S	  4.5	  0.1	0.000	0.000	0.000
202	  V	  5.7	  0.1	0.000	0.000	0.000
203	  R	  5.5	  0.0	0.000	0.000	0.000
204	  A	  1.5	  0.3	0.000	0.000	0.000
205	  E	  0.1	  0.3	0.000	0.000	0.000
206	  D	  0.2	  0.3	1.960	0.000	0.000
207	  L	  1.1	  0.3	1.960	0.000	0.000
208	  T	  1.7	  0.0	2.574	0.000	0.000
209	  A	  1.8	  0.0	2.574	0.000	0.000
210	  M	  1.0	  0.0	2.574	0.000	0.000
211	  R	  0.5	  0.1	2.574	0.000	0.000
212	  E	  0.2	  0.1	2.319	0.000	0.000
213	  R	  3.5	  0.1	2.086	0.000	0.000
214	  I	  3.6	  0.0	1.278	0.000	0.000
215	  Q	  3.5	  0.0	1.278	0.000	0.000
216	  P	  0.1	  0.0	0.000	0.000	0.000
217	  L	  0.1	  0.0	0.000	0.000	0.000
218	  A	  0.1	  0.3	0.000	0.000	0.000
219	  A	  0.3	  0.3	0.000	0.000	0.000
220	  D	  1.4	  0.3	0.327	0.000	0.000
221	  I	  1.7	  0.4	0.327	0.000	0.000
222	  K	  1.7	  0.1	0.327	0.000	0.000
223	  N	  0.6	  0.1	0.501	0.000	0.000
224	  K	  1.4	  0.1	0.501	0.000	0.000
225	  F	  2.5	  0.1	0.501	0.000	0.000
226	  Q	  2.4	  0.1	0.174	0.000	0.000
227	  E	  2.0	  0.1	0.174	0.000	0.000
228	  I	  1.9	  0.1	0.174	9.152	9.152
229	  F	  2.2	  0.3	0.174	9.563	9.563
230	  G	  1.6	  0.3	0.174	9.563	9.563
231	  I	  1.3	  0.3	0.000	9.563	9.563
232	  L	  0.9	  0.3	0.000	9.563	9.563
233	  A	  0.9	  0.1	0.000	4.595	4.595
234	  E	  0.3	  0.1	0.000	0.000	0.000
235	  T	 10.1	  0.1	0.000	0.000	0.000
236	  F	 10.8	  0.1	0.000	0.000	0.000
237	  N	 10.6	  0.0	0.000	0.000	0.000
238	  K	  0.8	  0.0	0.000	0.000	0.000
239	  S	  0.1	  0.0	0.000	0.000	0.000
