res	aa	Beta	Turn	Helix	Aggregation	Conc-Stab_Aggregation
01	  D	  0.0	  0.0	0.000	0.000	0.000
02	  E	  0.0	  0.0	0.000	0.000	0.000
03	  P	  0.0	  0.3	0.000	0.000	0.000
04	  P	  0.0	  0.3	0.000	0.000	0.000
05	  Q	  0.0	  0.3	0.000	0.000	0.000
06	  S	  0.0	  0.5	0.178	0.000	0.000
07	  P	  0.0	  0.3	0.178	0.000	0.000
08	  W	  0.2	  0.3	0.178	0.000	0.000
09	  D	  0.3	  0.3	0.178	0.000	0.000
10	  R	  2.0	  0.1	0.178	0.000	0.000
11	  V	  3.3	  0.2	0.178	0.432	0.432
12	  K	  3.4	  0.1	0.178	0.524	0.524
13	  D	  1.7	  0.1	2.147	0.524	0.524
14	  L	  0.1	  0.1	2.147	40.510	40.510
15	  A	  0.8	  0.0	2.147	41.757	41.757
16	  T	  6.9	  0.0	2.147	41.757	41.757
17	  V	 12.7	  0.0	2.147	41.757	41.757
18	  Y	 13.3	  0.0	2.147	41.757	41.757
19	  V	  8.6	  0.1	0.404	38.508	38.508
20	  D	  2.7	  0.1	0.404	0.000	0.000
21	  S	  2.9	  0.1	0.131	0.000	0.000
22	  V	  3.5	  0.1	0.000	0.000	0.000
23	  K	  3.4	  0.3	0.000	0.000	0.000
24	  D	  1.7	  1.1	0.000	0.000	0.000
25	  S	  0.2	  1.5	0.000	0.000	0.000
26	  G	  0.1	  1.7	0.000	0.000	0.000
27	  R	  0.4	  1.5	0.000	0.000	0.000
28	  D	  0.7	  0.7	0.000	0.000	0.000
29	  Y	  2.4	  0.3	0.000	0.000	0.000
30	  V	  4.1	  0.1	0.000	0.000	0.000
31	  S	  4.2	  0.1	0.000	0.000	0.000
32	  Q	  9.7	  0.1	0.000	0.000	0.000
33	  F	  8.2	  0.1	0.000	0.000	0.000
34	  E	  7.8	  0.1	0.000	0.000	0.000
35	  T	  1.5	  0.2	0.000	0.000	0.000
36	  S	  1.2	  0.2	0.000	0.000	0.000
37	  T	  1.2	  0.3	0.596	0.000	0.000
38	  L	  0.3	  0.4	0.596	0.000	0.000
39	  G	  0.2	  0.4	0.596	0.000	0.000
40	  K	  0.2	  0.3	0.596	0.000	0.000
41	  Q	  1.1	  0.2	0.596	0.000	0.000
42	  L	  2.8	  0.1	0.596	0.000	0.000
43	  N	  3.0	  0.0	1.419	0.000	0.000
44	  L	  3.6	  0.0	1.223	0.000	0.000
45	  K	  2.2	  0.0	1.048	0.000	0.000
46	  L	  2.2	  0.0	0.823	0.000	0.000
47	  L	  0.8	  0.3	0.823	0.000	0.000
48	  D	  0.6	  0.3	0.823	0.000	0.000
49	  N	  0.8	  0.9	0.358	0.000	0.000
50	  W	  1.3	  1.1	0.000	0.000	0.000
51	  D	  1.2	  0.9	0.000	0.000	0.000
52	  S	  2.4	  0.9	0.000	0.000	0.000
53	  L	  2.4	  0.3	0.000	0.333	0.333
54	  T	  3.2	  0.2	0.000	0.333	0.333
55	  S	  2.0	  0.1	0.000	0.333	0.333
56	  T	  7.4	  0.1	0.000	0.333	0.333
57	  V	  6.9	  0.1	0.000	0.333	0.333
58	  N	  6.4	  0.1	0.674	0.000	0.000
59	  K	  1.2	  0.1	0.674	0.000	0.000
60	  L	  0.8	  0.1	0.674	0.000	0.000
61	  R	  0.9	  0.2	0.674	0.000	0.000
62	  E	  0.1	  0.1	0.674	0.000	0.000
63	  Q	  0.1	  0.1	0.674	0.000	0.000
64	  L	  0.1	  0.1	0.274	0.000	0.000
65	  G	  0.1	  0.1	0.274	0.000	0.000
66	  P	  0.0	  0.0	0.000	0.000	0.000
67	  V	  4.1	  0.0	0.000	0.000	0.000
68	  T	  4.6	  0.1	0.000	0.000	0.000
69	  Q	  5.0	  0.1	0.000	0.000	0.000
70	  E	  1.4	  0.1	0.000	0.000	0.000
71	  F	  2.1	  0.1	0.000	0.000	0.000
72	  W	  2.0	  0.4	0.000	0.000	0.000
73	  D	  1.5	  0.5	0.163	0.000	0.000
74	  N	  0.8	  0.5	0.163	0.000	0.000
75	  L	  0.7	  0.4	0.163	0.000	0.000
76	  E	  0.8	  0.1	0.163	0.000	0.000
77	  K	  0.5	  0.1	0.332	0.000	0.000
78	  E	  0.4	  0.1	0.332	0.000	0.000
79	  T	  0.3	  0.2	5.219	0.000	0.000
80	  E	  0.1	  0.2	5.219	0.000	0.000
81	  E	  0.3	  0.1	5.219	0.000	0.000
82	  L	  0.6	  0.1	5.219	0.000	0.000
83	  R	  0.9	  0.1	5.219	0.000	0.000
84	  Q	  0.7	  0.1	5.219	0.000	0.000
85	  E	  0.8	  0.1	2.387	0.000	0.000
86	  M	  0.9	  0.1	1.290	0.000	0.000
87	  S	  1.4	  1.4	1.139	0.000	0.000
88	  K	  1.0	  1.4	0.778	0.000	0.000
89	  D	  0.8	  1.4	4.454	0.000	0.000
90	  L	  0.3	  1.4	4.663	0.000	0.000
91	  E	  0.3	  0.1	5.409	0.000	0.000
92	  E	 13.7	  0.0	5.409	0.000	0.000
93	  V	 15.7	  0.0	5.279	0.000	0.000
94	  K	 15.8	  0.0	5.279	0.000	0.000
95	  A	  2.5	  0.0	4.373	0.000	0.000
96	  Q	  1.7	  0.0	4.099	0.000	0.000
97	  V	  2.0	  0.0	1.146	0.000	0.000
98	  Q	  1.8	  0.0	1.146	0.000	0.000
99	  P	  0.4	  0.0	0.000	0.000	0.000
100	  Y	  1.1	  0.1	0.000	0.000	0.000
101	  L	  1.2	  0.5	0.000	0.000	0.000
102	  D	  1.3	  0.5	0.000	0.000	0.000
103	  N	  1.3	  0.5	0.178	0.000	0.000
104	  F	  3.2	  0.4	0.178	0.000	0.000
105	  Q	  3.3	  0.2	0.178	0.000	0.000
106	  K	  2.3	  0.2	0.178	0.000	0.000
107	  N	  1.0	  0.2	4.784	0.000	0.000
108	  W	  1.6	  0.2	4.937	0.000	0.000
109	  Q	  1.5	  0.1	4.937	0.000	0.000
110	  E	  0.8	  0.1	4.759	0.000	0.000
111	  E	  1.2	  0.1	4.759	0.000	0.000
112	  M	  3.1	  0.1	4.759	0.000	0.000
113	  N	  3.6	  0.0	4.510	0.000	0.000
114	  L	  3.2	  0.0	3.369	0.000	0.000
115	  Y	  3.4	  0.1	2.813	0.000	0.000
116	  S	  3.1	  0.1	0.842	0.000	0.000
117	  Q	  2.8	  0.1	0.243	0.000	0.000
118	  K	  4.7	  0.1	0.000	0.000	0.000
119	  L	  4.6	  0.1	0.000	0.000	0.000
120	  E	  4.3	  0.0	0.000	0.000	0.000
121	  P	  0.1	  0.0	0.000	0.000	0.000
122	  L	  0.2	  0.0	0.000	0.000	0.000
123	  R	  0.3	  0.1	0.000	0.000	0.000
124	  T	  0.4	  0.1	0.000	0.000	0.000
125	  E	  0.6	  0.1	0.000	0.000	0.000
126	  L	  0.5	  0.2	0.000	0.000	0.000
127	  Q	  0.4	  0.4	0.633	0.000	0.000
128	  E	  0.1	  0.6	0.633	0.000	0.000
129	  G	  0.0	  0.6	5.103	0.000	0.000
130	  A	  0.2	  0.5	5.103	0.000	0.000
131	  L	  0.5	  0.2	5.103	0.000	0.000
132	  Q	  0.8	  0.1	5.103	0.000	0.000
133	  K	  1.2	  0.1	5.103	0.000	0.000
134	  L	  1.2	  0.2	4.787	0.000	0.000
135	  Q	  1.0	  0.2	4.345	0.000	0.000
136	  D	  0.5	  0.2	4.311	0.000	0.000
137	  L	  0.3	  0.2	3.149	0.000	0.000
138	  Q	  0.3	  0.1	2.883	0.000	0.000
139	  E	  0.3	  0.1	2.016	0.000	0.000
140	  K	  1.2	  0.1	1.563	0.000	0.000
141	  L	  1.2	  0.1	1.107	0.000	0.000
142	  S	  1.1	  0.2	1.101	0.000	0.000
143	  P	  0.1	  0.2	0.367	0.000	0.000
144	  L	  0.0	  0.2	0.367	0.000	0.000
145	  A	  0.1	  0.3	0.367	0.000	0.000
146	  E	  0.1	  0.1	0.367	0.000	0.000
147	  Q	  0.6	  0.1	0.367	0.000	0.000
148	  V	  1.5	  0.2	0.000	0.000	0.000
149	  R	  1.5	  0.1	0.169	0.000	0.000
150	  D	  1.0	  0.2	0.502	0.000	0.000
151	  R	  0.2	  0.2	0.502	0.000	0.000
152	  A	  0.2	  0.1	0.502	0.000	0.000
153	  R	  0.4	  0.1	0.502	0.000	0.000
154	  A	  0.6	  0.0	0.502	0.000	0.000
155	  H	  2.4	  0.1	0.502	0.000	0.000
156	  V	  3.7	  0.1	0.000	0.000	0.000
157	  N	  3.4	  0.1	0.000	0.000	0.000
158	  T	  4.1	  0.1	0.000	0.000	0.000
159	  L	  2.8	  0.1	0.000	0.000	0.000
160	  R	  3.1	  0.1	0.000	0.000	0.000
161	  T	  1.6	  0.1	0.000	0.000	0.000
162	  Q	  1.7	  0.1	0.000	0.000	0.000
163	  L	  1.4	  0.1	0.000	0.000	0.000
164	  A	  0.4	  0.1	0.000	0.000	0.000
165	  P	  0.0	  0.1	0.000	0.000	0.000
166	  Y	  0.2	  0.3	0.000	0.000	0.000
167	  S	  0.2	  0.3	17.897	0.000	0.000
168	  D	  0.2	  0.3	28.595	0.000	0.000
169	  E	  0.2	  0.3	30.799	0.000	0.000
170	  L	  0.4	  0.2	30.799	0.000	0.000
171	  R	  0.8	  0.1	30.799	0.000	0.000
172	  Q	  0.8	  0.1	30.799	0.000	0.000
173	  R	  0.7	  0.1	29.450	0.000	0.000
174	  L	  0.4	  0.0	27.690	0.000	0.000
175	  A	  0.3	  0.0	25.618	0.000	0.000
176	  T	  0.6	  0.0	22.274	0.000	0.000
177	  R	  0.8	  0.0	21.748	0.000	0.000
178	  L	  0.8	  0.0	17.848	0.000	0.000
179	  E	  0.5	  0.0	15.790	0.000	0.000
180	  A	  0.4	  0.0	13.752	0.000	0.000
181	  L	  0.3	  0.1	12.573	0.000	0.000
182	  K	  0.3	  0.2	10.604	0.000	0.000
183	  E	  0.2	  0.3	5.384	0.000	0.000
184	  N	  0.1	  0.7	2.883	0.000	0.000
185	  S	  0.1	  1.0	0.545	0.000	0.000
186	  G	  0.0	  1.0	0.000	0.000	0.000
187	  A	  0.5	  1.0	0.000	0.000	0.000
188	  S	  0.6	  0.6	0.809	0.000	0.000
189	  L	  0.6	  0.4	0.809	0.000	0.000
190	  A	  0.3	  0.2	0.809	0.000	0.000
191	  E	  4.1	  0.2	0.809	0.000	0.000
192	  Y	  6.0	  0.2	0.809	0.000	0.000
193	  H	  6.1	  0.2	0.809	0.000	0.000
194	  A	  2.3	  0.2	0.504	0.000	0.000
195	  K	  0.5	  0.2	0.504	0.000	0.000
196	  A	  0.3	  0.2	0.176	0.000	0.000
197	  S	  0.3	  0.2	0.176	0.000	0.000
198	  E	  0.2	  0.2	0.000	0.000	0.000
199	  H	  1.0	  0.2	0.000	0.000	0.000
200	  L	  1.7	  0.1	0.000	0.000	0.000
201	  S	  1.8	  0.3	0.000	0.000	0.000
202	  A	  1.0	  0.3	0.000	0.000	0.000
203	  L	  0.2	  0.4	0.000	0.000	0.000
204	  G	  0.1	  0.4	0.000	0.000	0.000
205	  E	  0.1	  0.2	0.000	0.000	0.000
206	  K	  0.8	  0.2	0.000	0.000	0.000
207	  A	  0.8	  0.1	0.000	0.000	0.000
208	  K	  0.7	  0.0	0.000	0.000	0.000
209	  P	  0.0	  0.0	0.000	0.000	0.000
210	  A	  0.2	  0.0	0.000	0.000	0.000
211	  L	  0.3	  0.2	0.000	0.000	0.000
212	  D	  0.3	  0.2	0.275	0.000	0.000
213	  D	  0.5	  0.2	0.275	0.000	0.000
214	  L	  0.8	  0.4	0.275	0.000	0.000
215	  R	  0.8	  0.3	0.275	0.000	0.000
216	  Q	  0.4	  0.3	0.275	0.000	0.000
217	  G	  0.1	  0.3	0.275	0.000	0.000
218	  L	  0.1	  0.1	0.000	0.000	0.000
219	  L	  0.1	  0.0	0.000	0.000	0.000
220	  P	  0.1	  0.0	0.000	0.000	0.000
221	  V	  1.6	  0.0	0.000	0.543	0.543
222	  L	  1.7	  0.3	0.000	0.543	0.543
223	  E	  1.9	  0.3	0.000	0.543	0.543
224	  S	  2.0	  0.3	0.000	0.543	0.543
225	  F	  4.6	  0.3	0.000	0.543	0.543
226	  K	  5.7	  0.0	0.000	0.543	0.543
227	  V	  8.4	  0.0	0.000	4.143	4.143
228	  S	  6.3	  0.0	0.000	4.346	4.346
229	  F	  6.0	  0.0	0.000	4.631	4.631
230	  L	  2.4	  0.0	0.000	4.631	4.631
231	  S	  1.9	  0.0	0.625	4.088	4.088
232	  A	  0.9	  0.0	0.625	3.865	3.865
233	  L	  0.2	  0.1	0.625	2.776	2.776
234	  E	  0.2	  0.1	1.282	0.000	0.000
235	  E	  2.7	  0.1	1.693	0.000	0.000
236	  Y	  7.2	  0.1	1.693	0.000	0.000
237	  T	  8.3	  0.1	1.296	0.000	0.000
238	  K	  5.7	  0.1	1.296	0.000	0.000
239	  K	  1.8	  0.1	1.296	0.000	0.000
240	  L	  1.0	  0.2	0.843	0.000	0.000
241	  S	  1.1	  0.1	0.843	0.000	0.000
242	  S	  0.6	  0.1	0.451	0.000	0.000
243	  Q	  0.2	  0.1	0.000	0.000	0.000
