res	aa	Beta	Turn	Helix	Aggregation	Conc-Stab_Aggregation
01	  M	  0.1	  0.0	0.000	0.000	0.000
02	  A	  0.1	  0.2	0.000	0.000	0.000
03	  P	  0.1	  0.2	0.000	0.000	0.000
04	  Y	  1.5	  0.2	0.000	0.000	0.000
05	  Y	  2.3	  0.3	0.000	0.000	0.000
06	  K	  2.9	  0.1	0.000	0.000	0.000
07	  E	  3.4	  0.1	0.000	0.000	0.000
08	  V	  3.1	  0.1	0.000	0.000	0.000
09	  R	  2.5	  0.0	0.137	0.000	0.000
10	  E	  0.8	  0.0	0.137	0.000	0.000
11	  M	  1.0	  0.0	0.137	0.000	0.000
12	  W	  1.4	  0.0	0.137	0.000	0.000
13	  L	  1.4	  0.2	0.137	0.000	0.000
14	  K	  1.0	  0.2	0.137	0.000	0.000
15	  D	  0.6	  0.2	0.990	0.000	0.000
16	  T	  0.7	  0.4	3.846	0.000	0.000
17	  E	  0.5	  0.2	3.846	0.000	0.000
18	  S	  2.4	  0.2	3.846	0.000	0.000
19	  L	  2.5	  0.2	3.846	0.000	0.000
20	  R	  2.7	  0.1	3.846	0.000	0.000
21	  Q	  0.7	  0.1	3.705	0.000	0.000
22	  E	  1.0	  0.1	1.900	0.000	0.000
23	  L	  1.3	  0.1	1.071	0.000	0.000
24	  T	  1.7	  0.3	0.848	0.000	0.000
25	  K	  1.0	  0.3	0.848	0.000	0.000
26	  D	  0.8	  0.3	2.915	0.000	0.000
27	  L	  0.3	  0.3	2.782	0.000	0.000
28	  E	  0.3	  0.1	3.039	0.000	0.000
29	  E	 14.1	  0.0	3.039	0.000	0.000
30	  V	 15.5	  0.1	3.039	0.000	0.000
31	  K	 15.8	  0.1	3.039	0.000	0.000
32	  E	  2.0	  0.1	2.230	0.000	0.000
33	  K	  3.0	  0.1	2.018	0.000	0.000
34	  I	  3.2	  0.0	0.830	0.000	0.000
35	  R	  3.2	  0.0	0.830	0.000	0.000
36	  P	  0.5	  0.0	0.000	0.000	0.000
37	  F	  1.0	  0.1	0.000	0.000	0.000
38	  L	  1.2	  0.2	0.000	0.000	0.000
39	  D	  1.9	  0.2	0.000	0.000	0.000
40	  Q	  3.5	  0.2	0.000	0.000	0.000
41	  F	  4.3	  0.2	0.000	0.000	0.000
42	  S	  3.9	  0.1	0.000	0.000	0.000
43	  T	  2.6	  0.1	0.000	0.000	0.000
44	  K	  4.0	  0.1	0.000	0.000	0.000
45	  W	  4.4	  0.0	0.000	0.000	0.000
46	  T	  3.2	  0.1	0.514	0.000	0.000
47	  E	  0.8	  0.1	0.514	0.000	0.000
48	  E	  0.2	  0.1	1.100	0.000	0.000
49	  L	  0.2	  0.2	1.517	0.000	0.000
50	  E	  0.4	  0.2	1.517	0.000	0.000
51	  Q	  2.5	  0.1	1.517	0.000	0.000
52	  Y	  4.9	  0.2	1.339	0.000	0.000
53	  R	  5.2	  0.1	1.145	0.000	0.000
54	  Q	  3.3	  0.1	1.145	0.000	0.000
55	  R	  1.2	  0.1	0.458	0.000	0.000
56	  L	  0.7	  0.1	0.164	0.000	0.000
57	  A	  0.4	  0.0	0.164	0.000	0.000
58	  P	  0.1	  0.0	0.000	0.000	0.000
59	  V	  1.7	  0.0	0.000	0.000	0.000
60	  A	  1.8	  0.0	0.000	0.000	0.000
61	  Q	  1.9	  0.1	0.000	0.000	0.000
62	  E	  1.6	  0.1	0.000	0.000	0.000
63	  L	  1.6	  0.1	0.000	0.000	0.000
64	  K	  1.6	  0.1	0.281	0.000	0.000
65	  E	  0.9	  0.1	0.281	0.000	0.000
66	  L	  1.3	  0.1	0.281	0.000	0.000
67	  T	  2.6	  0.1	0.667	0.000	0.000
68	  K	  2.2	  0.1	0.667	0.000	0.000
69	  Q	  2.4	  0.1	0.667	0.000	0.000
70	  K	  8.5	  0.1	0.387	0.000	0.000
71	  V	 12.7	  0.0	0.387	0.000	0.000
72	  E	 12.2	  0.0	0.387	0.000	0.000
73	  L	  5.0	  0.0	0.387	0.000	0.000
74	  M	  0.3	  0.1	0.387	0.000	0.000
75	  Q	  0.4	  0.1	0.217	0.000	0.000
76	  E	  0.3	  0.1	0.000	0.000	0.000
77	  K	  3.8	  0.1	0.000	0.000	0.000
78	  L	  3.8	  0.1	0.000	0.000	0.000
79	  T	  3.8	  0.0	0.000	0.000	0.000
80	  P	  0.2	  0.0	0.000	0.000	0.000
81	  V	  0.8	  0.0	0.283	0.000	0.000
82	  A	  0.8	  0.1	1.088	0.000	0.000
83	  E	  0.8	  0.1	2.167	0.000	0.000
84	  E	  1.9	  0.1	2.878	0.000	0.000
85	  V	  2.8	  0.1	2.878	0.000	0.000
86	  R	  2.8	  0.1	2.878	0.000	0.000
87	  D	  0.9	  0.2	2.878	0.000	0.000
88	  R	  0.7	  0.2	2.878	0.000	0.000
89	  L	  0.9	  0.3	2.878	0.000	0.000
90	  R	  0.9	  0.2	2.730	0.000	0.000
91	  G	  0.3	  0.2	3.074	0.000	0.000
92	  H	  2.2	  0.2	3.626	0.000	0.000
93	  V	  2.7	  0.0	5.461	0.000	0.000
94	  E	  2.7	  0.1	8.105	0.000	0.000
95	  E	  0.9	  0.1	8.261	0.000	0.000
96	  L	  0.5	  0.1	8.261	0.000	0.000
97	  R	  1.1	  0.3	8.261	0.000	0.000
98	  K	  0.9	  0.2	8.261	0.000	0.000
99	  N	  0.7	  0.2	7.308	0.000	0.000
100	  L	  0.2	  0.2	3.093	0.000	0.000
101	  A	  0.1	  0.1	1.994	0.000	0.000
102	  P	  0.0	  0.1	0.000	0.000	0.000
103	  Y	  1.7	  0.2	0.000	0.000	0.000
104	  S	  1.8	  0.3	4.181	0.000	0.000
105	  S	  1.8	  0.2	6.251	0.000	0.000
106	  E	  0.4	  0.2	7.162	0.000	0.000
107	  L	  0.6	  0.2	7.162	0.000	0.000
108	  R	  0.9	  0.1	7.162	0.000	0.000
109	  Q	  1.0	  0.1	7.162	0.000	0.000
110	  K	  1.2	  0.1	6.280	0.000	0.000
111	  L	  1.1	  0.1	5.157	0.000	0.000
112	  S	  1.0	  0.1	5.228	0.000	0.000
113	  Q	  0.8	  0.1	3.738	0.000	0.000
114	  K	  2.3	  0.1	2.137	0.000	0.000
115	  L	  2.0	  0.1	1.308	0.000	0.000
116	  E	  1.7	  0.1	1.479	0.000	0.000
117	  E	  1.2	  0.0	1.479	0.000	0.000
118	  I	  1.6	  0.1	1.479	0.000	0.000
119	  R	  1.6	  0.2	1.479	0.000	0.000
120	  E	  0.5	  0.5	1.129	0.000	0.000
121	  K	  0.1	  0.5	1.129	0.000	0.000
122	  G	  0.1	  0.5	0.624	0.000	0.000
123	  I	  0.1	  0.3	0.000	0.000	0.000
124	  P	  0.0	  0.0	0.000	0.000	0.000
125	  Q	  0.1	  0.0	0.000	0.000	0.000
126	  A	  0.1	  0.0	0.000	0.000	0.000
127	  A	  0.2	  0.0	0.000	0.000	0.000
128	  E	  1.7	  0.0	0.000	0.000	0.000
129	  Y	  4.3	  0.0	0.000	0.000	0.000
130	  Q	  4.4	  0.0	0.000	0.000	0.000
131	  A	  3.2	  0.0	0.000	0.000	0.000
132	  K	  2.7	  0.0	0.000	0.000	0.000
133	  V	  6.7	  0.0	0.000	0.000	0.000
134	  V	  7.7	  0.0	0.000	0.000	0.000
135	  E	  5.7	  0.0	0.000	0.000	0.000
136	  Q	  2.2	  0.0	0.000	0.000	0.000
137	  L	  0.9	  0.2	0.000	0.000	0.000
138	  S	  0.9	  0.2	0.000	0.000	0.000
139	  N	  0.8	  0.2	0.000	0.000	0.000
140	  L	  0.7	  0.2	0.000	0.000	0.000
141	  R	  0.8	  0.1	0.000	0.000	0.000
142	  E	  0.2	  0.1	0.000	0.000	0.000
143	  K	  9.8	  0.1	0.000	0.000	0.000
144	  V	 10.4	  0.0	0.000	0.000	0.000
145	  T	 10.3	  0.0	0.000	0.000	0.000
146	  P	  0.6	  0.0	0.000	0.000	0.000
147	  L	  0.3	  0.0	0.000	0.000	0.000
148	  V	  1.6	  0.2	0.000	0.000	0.000
149	  Q	  2.1	  0.2	0.000	0.000	0.000
150	  D	  2.3	  0.2	0.157	0.000	0.000
151	  F	  1.9	  0.3	0.157	0.000	0.000
152	  K	  1.5	  0.1	0.157	0.000	0.000
153	  E	  1.1	  0.1	0.157	0.000	0.000
154	  R	  1.6	  0.1	0.157	0.000	0.000
155	  L	  1.5	  0.1	0.157	0.000	0.000
156	  T	  1.5	  0.2	0.233	0.000	0.000
157	  P	  0.2	  0.2	0.233	0.000	0.000
158	  Y	  0.4	  0.2	0.233	0.000	0.000
159	  A	  0.4	  0.4	0.233	0.000	0.000
160	  E	  0.4	  0.2	0.233	0.000	0.000
161	  N	  0.3	  0.2	6.554	0.000	0.000
162	  L	  0.5	  0.3	6.554	0.000	0.000
163	  K	  0.8	  0.1	6.554	0.000	0.000
164	  T	  1.4	  0.1	6.321	0.000	0.000
165	  R	  2.1	  0.1	6.321	0.000	0.000
166	  F	  3.5	  0.0	6.321	58.080	58.080
167	  I	  5.3	  0.0	2.743	58.080	58.080
168	  A	  4.7	  0.0	2.743	58.080	58.080
169	  L	  3.5	  0.0	2.314	58.080	58.080
170	  L	  0.8	  0.1	1.688	58.080	58.080
171	  D	  0.5	  0.2	2.253	0.000	0.000
172	  D	  0.5	  0.2	1.858	0.000	0.000
173	  L	  2.8	  0.2	1.622	0.000	0.000
174	  R	  3.0	  0.1	1.622	0.000	0.000
175	  V	  2.8	  0.0	1.428	0.000	0.000
176	  C	  0.4	  0.0	1.428	0.000	0.000
177	  P	  0.2	  0.0	0.000	0.000	0.000
178	  S	  0.1	  2.5	0.000	0.000	0.000
179	  P	  0.0	  2.5	0.000	0.000	0.000
180	  S	  0.1	  2.5	0.000	0.000	0.000
181	  S	  0.1	  2.7	0.151	0.000	0.000
182	  P	  0.1	  0.4	0.151	0.000	0.000
183	  R	  0.3	  0.4	0.151	0.000	0.000
184	  S	  1.1	  0.4	0.151	0.000	0.000
185	  A	  1.3	  0.2	0.151	0.000	0.000
186	  R	  1.3	  0.2	0.151	0.000	0.000
187	  S	  2.3	  0.2	0.000	0.000	0.000
188	  S	  2.1	  0.2	0.000	0.000	0.000
189	  S	  1.9	  0.1	0.000	0.000	0.000
190	  P	  0.0	  0.0	0.000	0.000	0.000
191	  P	  0.0	  0.2	0.000	0.000	0.000
192	  P	  0.0	  0.2	0.000	0.000	0.000
193	  Q	  1.4	  0.2	0.000	0.000	0.000
194	  V	  1.4	  0.2	0.000	0.000	0.000
195	  T	  1.4	  0.0	0.000	0.000	0.000
196	  P	  0.0	  0.0	0.000	0.000	0.000
197	  P	  0.0	  0.0	0.000	0.000	0.000
198	  Q	  0.0	  0.3	0.000	0.000	0.000
199	  P	  0.0	  0.4	0.000	0.000	0.000
200	  S	  3.6	  1.4	0.000	0.000	0.000
201	  A	  4.0	  1.4	0.000	0.000	0.000
202	  S	  4.1	  1.1	0.000	0.000	0.000
203	  A	  0.6	  1.2	0.000	0.000	0.000
204	  P	  0.1	  0.1	0.000	0.000	0.000
205	  L	  1.9	  0.1	0.000	0.000	0.000
206	  Y	  3.3	  0.1	0.000	0.000	0.000
207	  C	  3.5	  0.4	0.000	0.000	0.000
208	  K	  1.6	  0.5	0.000	0.000	0.000
209	  N	  0.3	  2.1	0.000	0.000	0.000
210	  R	  0.1	  2.3	0.000	0.000	0.000
211	  D	  0.1	  1.9	0.000	0.000	0.000
212	  S	  0.1	  1.9	0.000	0.000	0.000
213	  G	  0.0	  0.2	0.000	0.000	0.000
