res	aa	Beta	Turn	Helix	Aggregation	Conc-Stab_Aggregation
01	  A	  0.0	  0.2	0.000	0.000	0.000
02	  P	  0.0	  0.2	0.000	0.000	0.000
03	  T	  1.1	  0.3	0.000	0.000	0.000
04	  Q	  2.7	  0.3	0.000	0.000	0.000
05	  L	  3.1	  0.2	0.000	0.000	0.000
06	  E	  2.5	  0.2	0.000	0.000	0.000
07	  H	  3.1	  0.2	0.000	0.000	0.000
08	  Y	  4.0	  0.2	0.000	0.000	0.000
09	  K	  3.7	  0.0	0.000	0.000	0.000
10	  A	  1.5	  0.0	0.000	9.803	9.803
11	  A	  0.4	  0.0	0.000	20.870	20.870
12	  A	  0.5	  0.0	0.000	47.796	47.796
13	  L	  1.9	  0.0	0.000	49.966	49.966
14	  V	  5.7	  0.0	0.000	50.177	50.177
15	  Y	  6.6	  0.1	0.000	49.753	49.753
16	  L	  5.5	  0.1	0.000	46.578	46.578
17	  N	  1.8	  0.1	0.000	5.383	5.383
18	  Q	  1.0	  0.1	0.000	2.759	2.759
19	  V	  1.7	  0.1	0.000	2.759	2.759
20	  R	  1.5	  0.1	0.000	0.000	0.000
21	  D	  1.0	  0.2	1.508	0.000	0.000
22	  Q	  0.3	  0.2	1.508	0.000	0.000
23	  A	  0.6	  0.1	1.508	0.000	0.000
24	  T	  1.1	  0.1	1.753	0.000	0.000
25	  K	  1.0	  0.0	1.753	0.000	0.000
26	  A	  0.8	  0.2	1.753	0.000	0.000
27	  L	  0.2	  0.2	1.409	0.000	0.000
28	  G	  0.1	  0.2	1.116	0.000	0.000
29	  Q	  0.8	  0.5	0.794	0.000	0.000
30	  L	  0.9	  0.6	0.000	0.000	0.000
31	  D	  0.9	  0.6	0.000	0.000	0.000
32	  G	  0.1	  0.6	0.000	0.000	0.000
33	  T	  0.3	  0.3	1.702	0.000	0.000
34	  E	  2.4	  0.1	1.702	0.000	0.000
35	  Y	  3.4	  0.0	2.029	0.000	0.000
36	  D	  3.2	  0.2	2.635	0.000	0.000
37	  A	  1.4	  0.2	2.635	0.000	0.000
38	  Y	  1.2	  0.3	2.635	0.000	0.000
39	  K	  1.4	  0.3	2.346	0.000	0.000
40	  Q	  1.7	  0.1	1.949	0.000	0.000
41	  K	  2.3	  0.1	1.264	0.000	0.000
42	  V	  2.4	  0.1	0.138	0.000	0.000
43	  S	  1.9	  0.8	0.138	0.000	0.000
44	  E	  0.7	  0.9	0.000	0.000	0.000
45	  S	  2.8	  1.6	2.671	0.000	0.000
46	  L	  2.7	  1.6	2.671	0.000	0.000
47	  D	  2.7	  0.9	2.671	0.000	0.000
48	  K	  0.7	  0.9	2.671	0.000	0.000
49	  L	  0.8	  0.2	2.671	0.000	0.000
50	  Q	  2.1	  0.2	2.671	0.000	0.000
51	  Q	  2.0	  0.1	1.906	0.000	0.000
52	  Y	  2.2	  0.1	1.127	0.000	0.000
53	  A	  0.9	  0.1	0.510	0.000	0.000
54	  E	  0.5	  0.1	0.355	0.000	0.000
55	  T	  3.1	  0.6	0.155	0.000	0.000
56	  A	  3.2	  0.9	0.155	0.000	0.000
57	  S	  3.4	  1.6	0.155	0.000	0.000
58	  G	  0.4	  1.6	0.000	0.000	0.000
59	  S	  3.2	  1.1	0.000	0.000	0.000
60	  L	  3.0	  0.8	0.000	0.000	0.000
61	  T	  3.0	  0.0	0.161	0.000	0.000
62	  P	  0.2	  0.0	0.161	0.000	0.000
63	  Y	  5.9	  0.0	0.161	0.000	0.000
64	  T	  6.6	  0.0	0.161	0.000	0.000
65	  A	  6.9	  0.0	0.161	0.000	0.000
66	  H	  1.4	  0.0	0.161	0.000	0.000
67	  L	  0.7	  0.3	0.000	0.000	0.000
68	  A	  0.4	  0.3	0.000	0.000	0.000
69	  D	  0.2	  0.6	0.000	0.000	0.000
70	  S	  0.5	  0.6	0.000	0.000	0.000
71	  T	  2.1	  0.4	0.000	0.000	0.000
72	  K	  2.2	  0.3	0.000	0.000	0.000
73	  Q	  2.4	  0.1	0.000	0.000	0.000
74	  V	  1.3	  0.1	0.000	0.000	0.000
75	  R	  1.1	  0.1	0.000	0.000	0.000
76	  E	  0.7	  0.1	0.000	0.000	0.000
77	  H	  5.9	  0.1	0.000	0.000	0.000
78	  I	  7.9	  0.1	0.000	0.000	0.000
79	  M	  7.8	  0.0	0.000	0.000	0.000
80	  T	  2.4	  0.1	1.044	0.000	0.000
81	  E	  0.3	  0.1	1.044	0.000	0.000
82	  L	  0.4	  0.2	1.044	0.000	0.000
83	  E	  0.4	  0.2	1.044	0.000	0.000
84	  S	  2.3	  0.1	1.044	0.000	0.000
85	  L	  2.8	  0.2	1.044	0.000	0.000
86	  R	  3.1	  0.1	0.849	0.000	0.000
87	  S	  1.2	  0.2	0.614	0.000	0.000
88	  Q	  4.4	  0.2	0.246	0.000	0.000
89	  L	  4.1	  0.1	0.000	0.000	0.000
90	  E	  3.9	  0.0	0.000	0.000	0.000
91	  P	  0.2	  0.0	0.000	0.000	0.000
92	  H	  0.4	  0.1	0.000	0.000	0.000
93	  R	  0.5	  0.1	0.000	0.000	0.000
94	  A	  0.6	  0.1	0.000	0.000	0.000
95	  E	  1.6	  0.1	0.000	0.000	0.000
96	  L	  1.7	  0.1	0.000	0.000	0.000
97	  H	  2.1	  0.1	0.000	0.000	0.000
98	  Q	  1.1	  0.0	0.000	0.000	0.000
99	  V	  4.6	  0.0	0.000	0.000	0.000
100	  I	  4.7	  0.0	0.000	0.000	0.000
101	  E	  5.0	  0.1	0.000	0.000	0.000
102	  K	  1.5	  0.1	0.000	0.000	0.000
103	  H	  1.3	  0.1	0.158	0.000	0.000
104	  L	  0.7	  0.2	0.158	0.000	0.000
105	  E	  0.6	  0.1	0.470	0.000	0.000
106	  E	  0.9	  0.1	1.185	0.000	0.000
107	  Y	  1.6	  0.2	1.185	0.000	0.000
108	  R	  1.5	  0.1	1.185	0.000	0.000
109	  E	  0.8	  0.2	1.185	0.000	0.000
110	  K	  0.3	  0.2	1.185	0.000	0.000
111	  L	  0.2	  0.1	1.185	0.000	0.000
112	  G	  0.2	  0.1	1.026	0.000	0.000
113	  P	  0.0	  0.0	0.000	0.000	0.000
114	  I	  1.5	  0.0	0.000	0.000	0.000
115	  F	  2.8	  0.1	0.000	0.000	0.000
116	  Q	  3.1	  0.1	0.000	0.000	0.000
117	  E	  1.8	  0.1	0.000	0.000	0.000
118	  Y	  1.5	  0.1	0.000	0.000	0.000
119	  V	  2.7	  0.0	0.000	0.000	0.000
120	  T	  2.7	  0.2	0.121	0.000	0.000
121	  D	  1.7	  0.2	1.431	0.000	0.000
122	  N	  0.3	  0.3	3.826	0.000	0.000
123	  Q	  0.7	  0.3	3.826	0.000	0.000
124	  K	  0.8	  0.2	4.507	0.000	0.000
125	  E	  0.8	  0.1	5.343	0.000	0.000
126	  L	  0.4	  0.2	5.935	0.000	0.000
127	  E	  0.3	  0.1	6.942	0.000	0.000
128	  S	  2.1	  0.1	11.350	0.000	0.000
129	  L	  3.5	  0.1	10.959	0.000	0.000
130	  R	  3.8	  0.0	10.959	0.000	0.000
131	  L	  3.3	  0.0	10.545	0.000	0.000
132	  K	  2.9	  0.0	9.486	0.000	0.000
133	  L	  2.6	  0.0	7.606	0.000	0.000
134	  Q	  1.3	  0.0	6.290	0.000	0.000
135	  P	  0.1	  0.0	0.000	0.000	0.000
136	  A	  0.1	  0.0	0.177	0.000	0.000
137	  L	  0.2	  0.3	0.177	0.000	0.000
138	  E	  0.2	  0.3	0.177	0.000	0.000
139	  D	  0.3	  0.3	2.996	0.000	0.000
140	  L	  0.3	  0.3	2.996	0.000	0.000
141	  K	  0.6	  0.1	2.996	0.000	0.000
142	  Q	  0.8	  0.1	2.996	0.000	0.000
143	  K	  2.4	  0.1	2.819	0.000	0.000
144	  L	  2.1	  0.1	2.819	0.000	0.000
145	  E	  1.9	  0.1	2.438	0.000	0.000
146	  T	  0.8	  0.1	1.247	0.000	0.000
147	  N	  3.5	  0.1	1.247	0.000	0.000
148	  F	  4.1	  0.1	0.448	0.000	0.000
149	  E	  3.5	  0.1	0.000	0.000	0.000
150	  E	  1.3	  0.1	0.000	0.000	0.000
151	  T	  4.2	  0.2	0.000	0.000	0.000
152	  K	  4.7	  0.2	0.000	0.000	0.000
153	  S	  4.4	  0.2	0.000	0.000	0.000
154	  K	  1.9	  0.2	0.000	0.000	0.000
155	  L	  1.4	  0.1	0.000	0.000	0.000
156	  V	  1.2	  0.1	0.000	0.000	0.000
157	  P	  0.2	  0.0	0.154	0.000	0.000
158	  M	  0.3	  0.0	0.154	0.000	0.000
159	  V	  2.2	  0.0	0.301	0.000	0.000
160	  E	  2.2	  0.0	0.301	0.000	0.000
161	  A	  2.6	  0.0	0.301	0.000	0.000
162	  V	  1.5	  0.0	0.301	0.000	0.000
163	  R	  1.7	  0.0	0.301	0.000	0.000
164	  T	  2.1	  0.0	0.148	0.000	0.000
165	  K	  1.6	  0.2	0.148	0.000	0.000
166	  M	  1.5	  0.2	0.148	0.000	0.000
167	  G	  0.4	  0.3	0.148	0.000	0.000
168	  K	  0.2	  0.3	0.000	0.000	0.000
169	  Q	  1.8	  0.2	0.000	0.000	0.000
170	  L	  1.8	  0.3	0.000	0.000	0.000
171	  E	  1.7	  0.2	0.000	0.000	0.000
172	  G	  0.1	  0.2	0.000	0.000	0.000
173	  L	  0.3	  0.4	0.000	0.000	0.000
174	  R	  0.4	  0.3	0.000	0.000	0.000
175	  D	  0.3	  0.2	0.000	0.000	0.000
176	  L	  0.2	  0.2	0.000	0.000	0.000
177	  A	  0.2	  0.0	0.000	0.000	0.000
178	  T	  0.2	  0.2	0.000	0.000	0.000
179	  P	  0.1	  0.2	0.000	0.000	0.000
180	  Y	  0.3	  0.5	0.000	0.000	0.000
181	  A	  0.3	  0.5	0.000	0.000	0.000
182	  D	  0.3	  0.5	2.227	0.000	0.000
183	  E	  3.4	  0.5	2.517	0.000	0.000
184	  Y	  4.2	  0.3	2.517	0.000	0.000
185	  K	  4.4	  0.3	2.517	0.000	0.000
186	  E	  1.1	  0.1	2.517	0.000	0.000
187	  H	  1.0	  0.1	2.517	0.000	0.000
188	  M	  1.1	  0.1	2.342	0.000	0.000
189	  L	  1.4	  0.0	2.104	0.000	0.000
190	  K	  1.0	  0.0	1.790	0.000	0.000
191	  A	  1.0	  0.0	1.090	0.000	0.000
192	  V	  1.0	  0.1	0.171	0.000	0.000
193	  D	  0.7	  0.1	1.204	0.000	0.000
194	  D	  1.9	  0.1	2.385	0.000	0.000
195	  V	  3.3	  0.1	2.385	0.000	0.000
196	  K	  3.6	  0.1	2.385	0.000	0.000
197	  E	  2.2	  0.1	2.385	0.000	0.000
198	  K	  1.3	  0.1	2.385	0.000	0.000
199	  L	  1.0	  0.1	2.050	0.000	0.000
200	  A	  0.9	  0.2	1.427	0.000	0.000
201	  P	  0.1	  0.2	0.000	0.000	0.000
202	  H	  0.8	  0.2	0.000	0.000	0.000
203	  T	  1.2	  0.2	0.000	0.000	0.000
204	  T	  1.3	  0.1	0.000	0.000	0.000
205	  E	  0.9	  0.1	0.000	0.000	0.000
206	  L	  0.6	  0.3	0.000	0.000	0.000
207	  Q	  0.5	  0.4	0.000	0.000	0.000
208	  G	  0.1	  0.4	0.000	0.000	0.000
209	  R	  1.1	  0.4	0.000	0.000	0.000
210	  L	  1.2	  0.2	0.000	0.000	0.000
211	  E	  1.2	  0.0	0.000	0.000	0.000
212	  P	  0.1	  0.0	0.355	0.000	0.000
213	  Y	  0.8	  0.0	0.494	0.348	0.348
214	  L	  0.9	  0.1	0.895	0.348	0.348
215	  E	  1.1	  0.1	1.561	0.348	0.348
216	  K	  0.4	  0.1	1.561	0.348	0.348
217	  A	  0.3	  0.1	1.561	5.501	5.501
218	  M	  0.5	  0.0	1.561	5.501	5.501
219	  A	  0.8	  0.0	1.561	5.501	5.501
220	  F	  2.7	  0.0	1.561	5.501	5.501
221	  F	  3.3	  0.1	0.859	5.501	5.501
222	  R	  3.2	  0.1	0.000	0.000	0.000
223	  N	  4.4	  0.1	0.000	0.203	0.203
224	  T	  7.1	  0.1	0.000	6.584	6.584
225	  Y	  7.6	  0.0	0.000	6.743	6.743
226	  L	  4.7	  0.0	0.000	6.743	6.743
227	  A	  1.3	  0.0	0.000	6.743	6.743
228	  L	  0.8	  0.0	0.000	6.743	6.743
229	  Q	  0.4	  0.0	0.000	0.700	0.700
230	  Q	  0.2	  0.0	0.000	0.000	0.000
