res	aa	Beta	Turn	Helix	Aggregation	Conc-Stab_Aggregation
01	  A	  0.0	  0.3	0.000	0.000	0.000
02	  P	  0.0	  0.4	0.000	0.000	0.000
03	  T	  0.5	  0.4	0.149	0.000	0.000
04	  D	  2.1	  0.4	0.149	0.000	0.000
05	  Y	  3.3	  0.2	0.149	0.000	0.000
06	  E	  2.8	  0.1	0.149	0.000	0.000
07	  Q	  2.5	  0.1	0.149	0.000	0.000
08	  I	  3.0	  0.2	0.149	0.000	0.000
09	  R	  3.2	  0.1	0.149	0.000	0.000
10	  S	  2.1	  0.1	0.149	2.044	2.044
11	  A	  1.3	  0.1	0.000	18.103	18.103
12	  V	  4.0	  0.0	0.000	57.720	57.720
13	  V	 12.9	  0.0	0.000	58.249	58.249
14	  T	 15.5	  0.0	0.000	58.249	58.249
15	  Y	 13.0	  0.0	0.000	58.167	58.167
16	  L	  3.8	  0.0	0.000	55.582	55.582
17	  G	  0.4	  0.0	0.000	8.836	8.836
18	  Q	  1.1	  0.0	0.000	4.368	4.368
19	  V	  2.9	  0.0	0.000	4.368	4.368
20	  K	  3.1	  0.1	0.000	0.000	0.000
21	  E	  2.1	  0.1	0.000	0.000	0.000
22	  T	  1.6	  0.1	1.446	0.000	0.000
23	  A	  1.4	  0.1	1.446	0.000	0.000
24	  Q	  1.5	  0.1	1.446	0.000	0.000
25	  K	  0.5	  0.1	1.446	0.000	0.000
26	  A	  0.6	  0.1	1.446	0.000	0.000
27	  I	  1.0	  0.0	1.446	0.000	0.000
28	  D	  0.8	  0.1	1.446	0.000	0.000
29	  R	  2.8	  0.4	0.826	0.000	0.000
30	  L	  2.4	  0.8	0.578	0.000	0.000
31	  D	  2.4	  1.4	0.125	0.000	0.000
32	  D	  0.1	  1.9	0.125	0.000	0.000
33	  G	  0.0	  1.6	0.252	0.000	0.000
34	  D	  0.4	  1.2	2.612	0.000	0.000
35	  Y	  1.1	  0.7	2.612	0.000	0.000
36	  K	  1.7	  0.1	2.612	0.000	0.000
37	  E	 15.4	  0.1	2.612	0.000	0.000
38	  V	 16.1	  0.1	2.612	0.000	0.000
39	  K	 15.8	  0.1	2.612	0.000	0.000
40	  E	  1.9	  0.1	2.374	0.000	0.000
41	  R	  0.8	  0.1	2.374	0.000	0.000
42	  L	  3.0	  0.1	2.104	0.538	0.538
43	  T	  8.8	  0.0	1.756	0.538	0.538
44	  L	  9.9	  0.0	1.756	0.538	0.538
45	  S	  8.3	  0.0	2.623	0.538	0.538
46	  L	  2.8	  0.0	1.879	0.538	0.538
47	  Q	  1.2	  0.0	1.762	0.000	0.000
48	  R	  2.1	  0.0	1.372	0.000	0.000
49	  I	  2.2	  0.3	1.114	0.000	0.000
50	  Q	  1.8	  0.2	1.114	0.000	0.000
51	  G	  0.2	  0.2	0.694	0.000	0.000
52	  Y	  0.8	  0.2	0.278	0.000	0.000
53	  L	  1.0	  0.0	0.000	0.000	0.000
54	  E	  1.1	  0.0	0.000	0.000	0.000
55	  A	  0.4	  0.0	0.000	0.000	0.000
56	  A	  0.3	  0.1	0.000	0.000	0.000
57	  S	  2.6	  0.3	0.000	0.000	0.000
58	  T	  3.1	  0.3	0.000	0.000	0.000
59	  S	  3.3	  0.3	0.000	0.000	0.000
60	  L	  1.0	  0.3	0.000	0.000	0.000
61	  A	  0.4	  0.0	0.000	0.000	0.000
62	  P	  0.1	  0.0	0.000	0.000	0.000
63	  V	  0.6	  0.0	0.000	0.000	0.000
64	  R	  0.6	  0.1	0.000	0.000	0.000
65	  E	  0.6	  0.1	0.000	0.000	0.000
66	  T	  0.5	  0.1	0.000	0.000	0.000
67	  I	  0.5	  0.1	0.000	0.000	0.000
68	  G	  0.5	  0.3	0.000	0.000	0.000
69	  P	  0.0	  0.3	0.000	0.000	0.000
70	  Q	  0.8	  0.3	0.000	0.000	0.000
71	  V	  5.1	  0.2	0.000	0.000	0.000
72	  V	  5.3	  0.1	0.139	0.000	0.000
73	  E	  4.5	  0.1	0.139	0.000	0.000
74	  G	  0.3	  0.1	1.333	6.001	6.001
75	  V	  4.5	  0.1	1.477	6.001	6.001
76	  I	  7.4	  0.0	1.670	6.001	6.001
77	  A	  7.6	  0.0	1.670	6.001	6.001
78	  L	  3.7	  0.0	1.670	6.001	6.001
79	  R	  0.8	  0.0	1.670	0.000	0.000
80	  A	  0.9	  0.0	1.292	0.000	0.000
81	  K	  7.6	  0.0	1.090	0.000	0.000
82	  V	  8.6	  0.0	0.288	0.000	0.000
83	  E	  8.5	  0.1	0.288	0.000	0.000
84	  K	  1.6	  0.1	0.118	0.000	0.000
85	  D	  2.7	  0.1	4.553	0.000	0.000
86	  V	  3.4	  0.2	4.748	0.000	0.000
87	  E	  3.2	  0.1	5.095	0.000	0.000
88	  D	  1.3	  0.1	6.849	0.000	0.000
89	  L	  0.7	  0.2	6.849	0.000	0.000
90	  R	  0.8	  0.1	6.849	0.000	0.000
91	  K	  0.6	  0.1	6.516	0.000	0.000
92	  E	  0.7	  0.1	4.634	0.000	0.000
93	  L	  0.6	  0.1	3.779	0.000	0.000
94	  E	  0.6	  0.0	3.664	0.000	0.000
95	  P	  0.1	  0.1	0.664	0.000	0.000
96	  K	  0.4	  0.1	1.143	0.000	0.000
97	  R	  0.4	  0.1	1.684	0.000	0.000
98	  E	  0.4	  0.2	1.684	0.000	0.000
99	  E	  0.3	  0.1	2.072	0.000	0.000
100	  L	  0.6	  0.1	1.919	0.000	0.000
101	  R	  1.2	  0.1	1.919	0.000	0.000
102	  Q	  1.8	  0.0	1.919	0.000	0.000
103	  V	  4.5	  0.0	1.323	0.000	0.000
104	  V	  4.6	  0.0	1.323	0.000	0.000
105	  K	  3.9	  0.1	1.323	0.000	0.000
106	  K	  0.9	  0.1	0.653	0.000	0.000
107	  H	  0.9	  0.3	0.000	0.000	0.000
108	  L	  0.9	  0.3	0.000	0.000	0.000
109	  D	  0.8	  0.4	1.146	0.000	0.000
110	  E	  0.8	  0.4	1.397	0.000	0.000
111	  Y	  1.5	  0.3	1.397	0.000	0.000
112	  R	  1.5	  0.2	1.397	0.000	0.000
113	  E	  0.8	  0.1	1.397	0.000	0.000
114	  K	  4.3	  0.1	1.397	0.000	0.000
115	  L	  4.4	  0.1	1.113	0.000	0.000
116	  E	  4.3	  0.0	0.847	0.000	0.000
117	  P	  0.1	  0.0	0.000	0.000	0.000
118	  L	  0.4	  0.0	0.000	0.000	0.000
119	  I	  1.3	  0.1	0.000	0.000	0.000
120	  K	  1.4	  0.1	0.000	0.000	0.000
121	  E	  3.7	  0.1	0.000	0.000	0.000
122	  F	  4.2	  0.1	0.000	0.000	0.000
123	  T	  4.3	  0.1	1.279	0.000	0.000
124	  E	  2.3	  0.1	1.279	0.000	0.000
125	  K	  1.2	  0.1	1.279	0.000	0.000
126	  H	  1.0	  0.2	1.597	0.000	0.000
127	  R	  0.4	  0.2	1.597	0.000	0.000
128	  E	  0.2	  0.1	1.597	0.000	0.000
129	  Q	  1.8	  0.1	1.257	0.000	0.000
130	  M	  1.9	  0.1	0.946	0.000	0.000
131	  E	  1.9	  0.1	0.927	0.000	0.000
132	  Q	  0.9	  0.1	0.927	0.000	0.000
133	  L	  2.9	  0.1	0.927	0.000	0.000
134	  R	  4.4	  0.0	0.927	0.000	0.000
135	  V	 12.2	  0.0	0.615	0.000	0.000
136	  K	 14.3	  0.0	0.615	0.000	0.000
137	  M	 12.9	  0.0	0.000	0.000	0.000
138	  E	  5.4	  0.0	0.000	0.000	0.000
139	  P	  0.1	  0.0	0.000	0.000	0.000
140	  V	  1.4	  0.0	0.149	0.000	0.000
141	  M	  1.7	  0.2	0.149	0.000	0.000
142	  K	  1.7	  0.3	0.149	0.000	0.000
143	  D	  0.4	  0.3	1.033	0.000	0.000
144	  L	  0.2	  0.3	1.033	0.000	0.000
145	  Q	  0.3	  0.1	1.033	0.000	0.000
146	  E	  0.3	  0.1	1.033	0.000	0.000
147	  R	  3.1	  0.1	1.033	0.000	0.000
148	  I	  4.8	  0.1	1.033	0.000	0.000
149	  K	  4.9	  0.1	1.033	0.000	0.000
150	  T	  2.2	  0.1	0.254	0.000	0.000
151	  N	  0.9	  0.1	0.403	0.000	0.000
152	  L	  0.7	  0.1	0.149	0.000	0.000
153	  E	  0.5	  0.1	0.149	0.000	0.000
154	  E	  0.6	  0.1	0.149	0.000	0.000
155	  T	  4.2	  0.2	0.149	0.000	0.000
156	  K	  4.7	  0.2	0.149	0.000	0.000
157	  S	  4.4	  0.2	0.149	0.000	0.000
158	  K	  4.2	  0.2	0.000	0.000	0.000
159	  L	  3.7	  0.1	0.000	0.000	0.000
160	  T	  3.5	  0.0	0.227	0.000	0.000
161	  P	  0.1	  0.0	0.227	0.000	0.000
162	  I	  2.8	  0.0	0.227	0.000	0.000
163	  V	 21.6	  0.0	0.579	0.000	0.000
164	  E	 22.1	  0.0	0.579	0.000	0.000
165	  V	 21.3	  0.0	0.579	0.000	0.000
166	  L	  2.9	  0.1	0.579	0.000	0.000
167	  R	  2.5	  0.1	0.579	0.000	0.000
168	  S	  0.9	  0.1	1.508	0.000	0.000
169	  K	  0.9	  0.1	1.050	0.000	0.000
170	  A	  0.7	  0.1	0.929	0.000	0.000
171	  T	  0.8	  0.1	1.120	0.000	0.000
172	  E	  0.3	  0.1	1.294	0.000	0.000
173	  R	  2.6	  0.1	1.847	0.000	0.000
174	  V	  3.0	  0.1	1.421	0.000	0.000
175	  E	  2.9	  0.1	1.582	0.000	0.000
176	  E	  0.9	  0.1	1.582	0.000	0.000
177	  L	  0.6	  0.1	1.582	0.000	0.000
178	  R	  2.6	  0.1	1.582	0.000	0.000
179	  Q	  4.1	  0.1	1.582	0.000	0.000
180	  F	  9.9	  0.1	0.527	0.000	0.000
181	  V	  8.4	  0.0	0.000	0.000	0.000
182	  A	  6.7	  0.0	0.000	0.000	0.000
183	  P	  0.5	  0.0	0.000	0.000	0.000
184	  Y	  1.5	  0.0	0.000	0.000	0.000
185	  V	  2.2	  0.1	0.000	0.000	0.000
186	  Q	  2.6	  0.1	0.000	0.000	0.000
187	  E	  1.9	  0.1	0.000	0.000	0.000
188	  Y	  2.0	  0.2	0.000	0.000	0.000
189	  R	  1.7	  0.2	0.000	0.000	0.000
190	  D	  0.9	  0.2	0.000	0.000	0.000
191	  H	  0.3	  0.2	0.000	0.000	0.000
192	  A	  0.3	  0.1	0.000	0.000	0.000
193	  Q	  0.7	  0.1	0.000	0.000	0.000
194	  T	  6.9	  0.0	0.000	0.000	0.000
195	  V	  7.9	  0.0	0.000	0.000	0.000
196	  F	  7.7	  0.3	0.000	0.000	0.000
197	  G	  1.3	  0.3	0.000	0.000	0.000
198	  Q	  1.3	  0.3	0.000	0.000	0.000
199	  L	  1.4	  0.4	0.000	0.000	0.000
200	  Q	  1.6	  0.2	0.000	0.000	0.000
201	  S	  0.9	  0.1	0.000	0.000	0.000
202	  K	  4.3	  0.1	0.000	0.000	0.000
203	  Y	  5.5	  0.4	0.000	0.000	0.000
204	  E	  5.2	  0.5	0.000	0.000	0.000
205	  S	  1.5	  0.7	0.676	0.000	0.000
206	  G	  0.1	  0.8	2.444	0.000	0.000
207	  E	  0.5	  0.4	2.592	0.000	0.000
208	  L	  0.6	  0.3	2.592	0.000	0.000
209	  Q	  0.8	  0.1	2.592	0.000	0.000
210	  K	  0.5	  0.1	2.592	0.000	0.000
211	  K	  0.6	  0.1	2.345	0.000	0.000
212	  L	  0.5	  0.1	1.194	0.865	0.865
213	  A	  1.3	  0.0	0.922	0.865	0.865
214	  T	  1.4	  0.0	0.132	0.865	0.865
215	  V	  1.5	  0.1	0.132	0.865	0.865
216	  G	  0.6	  0.2	0.132	0.865	0.865
217	  E	  0.1	  0.2	0.000	0.000	0.000
218	  E	 13.5	  0.2	0.000	0.000	0.000
219	  I	 14.0	  0.1	0.000	0.000	0.000
220	  K	 14.0	  0.1	0.000	0.000	0.000
221	  P	  0.5	  0.2	0.000	0.000	0.000
222	  Q	  1.4	  0.2	0.000	0.000	0.000
223	  L	  1.5	  0.2	0.000	0.000	0.000
224	  E	  1.6	  0.1	0.000	0.000	0.000
225	  K	  1.9	  0.0	0.000	0.000	0.000
226	  I	  4.8	  0.0	0.000	0.000	0.000
227	  V	  5.5	  0.0	0.000	0.000	0.000
228	  E	  3.8	  0.0	0.000	0.000	0.000
229	  T	  3.8	  0.0	0.687	0.000	0.000
230	  L	  3.3	  0.1	0.687	0.000	0.000
231	  Q	  3.3	  0.1	0.687	0.000	0.000
232	  K	  0.5	  0.1	0.687	0.000	0.000
233	  A	  0.6	  0.1	0.687	0.000	0.000
234	  F	  1.7	  0.0	0.687	0.000	0.000
235	  M	  1.6	  0.0	0.218	0.000	0.000
236	  A	  1.2	  0.0	0.000	0.000	0.000
