res	aa	Beta	Turn	Helix	Aggregation	Conc-Stab_Aggregation
01	  D	  0.0	  0.0	0.000	0.000	0.000
02	  A	  0.0	  0.3	0.000	0.000	0.000
03	  P	  0.0	  0.4	0.000	0.000	0.000
04	  S	  0.2	  0.5	0.186	0.000	0.000
05	  Q	  1.8	  0.5	0.186	0.000	0.000
06	  L	  2.1	  0.3	0.186	0.000	0.000
07	  E	  2.4	  0.2	0.186	0.000	0.000
08	  H	  4.2	  0.2	0.186	0.000	0.000
09	  F	  5.9	  0.4	0.186	0.000	0.000
10	  R	  5.5	  0.4	0.000	0.000	0.000
11	  S	  2.3	  0.5	0.000	0.000	0.000
12	  G	  0.3	  0.5	0.000	0.691	0.691
13	  L	  1.8	  0.2	0.000	2.014	2.014
14	  N	  2.4	  0.1	0.000	2.014	2.014
15	  L	  3.2	  0.0	0.000	2.014	2.014
16	  F	  2.5	  0.1	0.174	2.014	2.014
17	  L	  2.1	  0.1	0.174	2.014	2.014
18	  D	  1.3	  0.2	0.430	0.000	0.000
19	  Q	  1.3	  0.2	0.430	0.000	0.000
20	  L	  1.2	  0.5	0.430	0.000	0.000
21	  K	  1.2	  0.8	0.430	0.000	0.000
22	  G	  0.1	  0.7	0.256	0.000	0.000
23	  S	  1.9	  0.7	0.256	0.000	0.000
24	  L	  2.3	  0.4	0.000	0.000	0.000
25	  T	  2.4	  0.1	0.000	0.000	0.000
26	  N	  0.6	  0.1	0.000	0.000	0.000
27	  A	  0.6	  0.1	0.000	0.000	0.000
28	  V	  2.2	  0.0	0.000	0.000	0.000
29	  N	  2.1	  0.1	0.000	0.000	0.000
30	  S	  4.3	  1.0	0.000	0.000	0.000
31	  L	  2.6	  1.1	0.000	0.000	0.000
32	  D	  2.6	  1.1	2.301	0.000	0.000
33	  D	  0.1	  1.0	4.847	0.000	0.000
34	  A	  0.2	  0.2	4.847	0.000	0.000
35	  E	  3.4	  0.0	4.847	0.000	0.000
36	  Y	  3.8	  0.4	4.847	0.000	0.000
37	  K	  4.0	  0.4	4.847	0.000	0.000
38	  D	  1.9	  0.4	4.944	0.000	0.000
39	  I	  2.2	  0.4	4.433	0.000	0.000
40	  K	  2.1	  0.1	4.433	0.000	0.000
41	  E	  1.1	  0.1	3.733	0.000	0.000
42	  R	  0.6	  0.1	3.299	0.000	0.000
43	  A	  1.0	  0.1	2.464	0.000	0.000
44	  I	  1.7	  0.0	1.584	0.000	0.000
45	  M	  5.6	  0.0	1.584	0.000	0.000
46	  H	 10.5	  0.3	0.503	0.000	0.000
47	  I	 10.4	  0.5	0.000	0.000	0.000
48	  D	  6.2	  0.6	0.000	0.000	0.000
49	  G	  0.7	  0.6	0.603	0.700	0.700
50	  A	  0.4	  0.3	0.603	8.494	8.494
51	  Y	 13.3	  0.1	0.603	8.494	8.494
52	  T	 15.6	  0.0	0.881	8.494	8.494
53	  Y	 16.5	  0.0	0.881	8.494	8.494
54	  I	  4.8	  0.0	0.881	8.494	8.494
55	  K	  2.6	  0.0	0.881	0.000	0.000
56	  Q	  2.5	  0.0	0.745	0.000	0.000
57	  L	  1.7	  0.1	0.602	0.000	0.000
58	  Q	  1.8	  0.0	0.602	0.000	0.000
59	  A	  0.8	  0.0	0.304	0.000	0.000
60	  Q	  1.0	  0.0	0.304	0.000	0.000
61	  V	  1.3	  0.0	0.000	0.000	0.000
62	  A	  1.1	  0.0	0.000	0.000	0.000
63	  P	  0.6	  0.0	0.000	0.000	0.000
64	  V	  1.8	  0.0	0.000	0.000	0.000
65	  T	  2.4	  0.1	0.000	0.000	0.000
66	  D	  2.6	  0.1	0.000	0.000	0.000
67	  S	  1.8	  0.1	0.000	0.000	0.000
68	  V	  2.2	  0.1	0.000	0.697	0.697
69	  V	  2.1	  0.1	0.000	0.697	0.697
70	  G	  1.2	  0.1	0.000	0.697	0.697
71	  T	 14.0	  0.1	0.000	0.697	0.697
72	  I	 14.1	  0.1	0.000	0.697	0.697
73	  S	 14.1	  0.1	0.423	0.000	0.000
74	  E	  0.5	  0.1	0.423	0.000	0.000
75	  A	  0.3	  0.1	0.423	0.000	0.000
76	  T	  0.3	  0.1	0.799	0.000	0.000
77	  E	  0.1	  0.1	0.799	0.000	0.000
78	  E	  1.7	  0.1	0.799	0.000	0.000
79	  F	  3.7	  0.1	0.539	0.000	0.000
80	  Q	  3.9	  0.1	0.376	0.000	0.000
81	  K	  3.0	  0.1	0.376	0.000	0.000
82	  S	  1.5	  0.1	0.196	0.000	0.000
83	  V	  2.1	  0.1	0.000	0.000	0.000
84	  A	  1.6	  0.2	0.000	0.000	0.000
85	  K	  0.9	  0.3	0.000	0.000	0.000
86	  D	  0.3	  0.3	0.380	0.000	0.000
87	  L	  0.5	  0.3	0.380	0.000	0.000
88	  V	  5.4	  0.0	0.380	0.000	0.000
89	  E	  5.6	  0.0	0.380	0.000	0.000
90	  L	  5.5	  0.0	0.380	0.000	0.000
91	  E	  0.7	  0.0	3.227	0.000	0.000
92	  P	  0.1	  0.0	3.182	0.000	0.000
93	  M	  0.6	  0.0	3.324	0.000	0.000
94	  R	  0.7	  0.0	3.815	0.000	0.000
95	  A	  0.8	  0.1	3.815	0.000	0.000
96	  E	  0.5	  0.1	4.362	0.000	0.000
97	  L	  0.7	  0.1	3.848	0.000	0.000
98	  R	  1.2	  0.1	3.666	0.000	0.000
99	  K	  2.0	  0.0	3.012	0.000	0.000
100	  V	  3.0	  0.0	1.597	0.000	0.000
101	  L	  2.4	  0.0	1.597	0.000	0.000
102	  K	  1.5	  0.1	1.237	0.000	0.000
103	  E	  0.3	  0.1	0.515	0.000	0.000
104	  H	  1.1	  0.4	0.000	0.000	0.000
105	  M	  1.1	  0.4	0.000	0.000	0.000
106	  D	  1.8	  0.3	0.000	0.000	0.000
107	  Q	  5.2	  0.3	0.000	0.000	0.000
108	  Y	  5.5	  0.2	0.000	0.269	0.269
109	  Q	  5.0	  0.1	0.000	0.269	0.269
110	  T	  1.6	  0.1	0.000	0.269	0.269
111	  L	  1.6	  0.1	0.000	0.269	0.269
112	  L	  1.5	  0.0	0.000	0.269	0.269
113	  K	  0.6	  0.0	0.000	0.000	0.000
114	  P	  0.1	  0.0	0.000	0.000	0.000
115	  V	  4.1	  0.0	0.000	0.000	0.000
116	  V	  5.3	  0.1	0.000	0.000	0.000
117	  D	  5.9	  0.1	0.000	0.000	0.000
118	  S	  2.8	  0.1	3.182	0.000	0.000
119	  Y	  2.7	  0.1	3.182	0.000	0.000
120	  I	  3.7	  0.0	3.182	0.000	0.000
121	  E	  2.9	  0.1	3.515	0.000	0.000
122	  R	  2.0	  0.1	3.515	0.000	0.000
123	  R	  0.6	  0.1	3.515	0.000	0.000
124	  K	  0.5	  0.5	2.484	0.000	0.000
125	  E	  0.3	  0.5	2.008	0.000	0.000
126	  D	  0.3	  0.5	4.586	0.000	0.000
127	  M	  0.7	  0.4	4.339	0.000	0.000
128	  K	  0.8	  0.0	4.305	0.000	0.000
129	  A	  0.9	  0.0	4.120	0.000	0.000
130	  M	  1.0	  0.0	4.120	0.000	0.000
131	  R	  1.0	  0.0	3.459	0.000	0.000
132	  A	  1.0	  0.0	2.926	0.000	0.000
133	  Q	  7.6	  0.0	2.695	0.000	0.000
134	  F	  7.9	  0.0	0.882	0.000	0.000
135	  Q	  7.6	  0.2	0.334	0.000	0.000
136	  P	  0.4	  0.2	0.000	0.000	0.000
137	  T	 10.0	  0.2	3.028	0.000	0.000
138	  F	 10.7	  0.3	4.808	0.000	0.000
139	  E	 10.7	  0.2	6.498	0.000	0.000
140	  E	  1.0	  0.2	6.897	0.000	0.000
141	  L	  0.5	  0.2	6.897	0.000	0.000
142	  R	  0.5	  0.1	6.897	0.000	0.000
143	  K	  0.5	  0.1	6.897	0.000	0.000
144	  K	  2.4	  0.1	5.787	0.000	0.000
145	  V	  4.2	  0.0	3.255	0.000	0.000
146	  A	  4.0	  0.0	3.255	0.000	0.000
147	  H	  2.8	  0.0	1.942	0.000	0.000
148	  N	  5.2	  0.0	0.759	0.000	0.000
149	  V	  5.7	  0.1	0.162	0.000	0.000
150	  E	  4.9	  0.1	0.162	0.000	0.000
151	  E	  1.2	  0.1	0.162	0.000	0.000
152	  T	  2.1	  0.1	0.305	0.000	0.000
153	  K	  2.3	  0.1	0.305	0.000	0.000
154	  Q	  1.9	  0.1	0.305	0.000	0.000
155	  A	  0.9	  0.1	0.143	0.000	0.000
156	  L	  0.8	  0.0	0.143	0.000	0.000
157	  V	  0.7	  0.0	0.143	0.000	0.000
158	  P	  0.2	  0.0	0.000	0.000	0.000
159	  L	  0.3	  0.0	0.000	0.000	0.000
160	  L	  0.7	  0.0	0.000	0.000	0.000
161	  K	  1.0	  0.0	0.000	0.000	0.000
162	  A	  0.9	  0.0	0.000	0.000	0.000
163	  V	  0.5	  0.1	0.000	0.000	0.000
164	  G	  0.3	  0.2	0.920	0.000	0.000
165	  E	  0.2	  0.2	0.920	0.000	0.000
166	  K	  2.4	  0.2	0.920	0.000	0.000
167	  V	  3.2	  0.2	0.920	0.000	0.000
168	  A	  3.1	  0.2	0.920	0.000	0.000
169	  N	  1.5	  0.2	0.920	0.000	0.000
170	  H	  6.9	  0.2	0.525	0.000	0.000
171	  I	  8.5	  0.0	0.000	0.000	0.000
172	  K	  8.2	  0.0	0.000	0.000	0.000
173	  A	  2.6	  0.0	0.000	0.000	0.000
174	  V	  1.4	  0.0	0.000	0.000	0.000
175	  R	  1.1	  0.1	0.000	0.000	0.000
176	  E	  0.6	  0.1	0.000	0.000	0.000
177	  T	  0.2	  0.1	0.000	0.000	0.000
178	  L	  0.2	  0.2	0.000	0.000	0.000
179	  G	  0.2	  0.3	0.000	0.000	0.000
180	  P	  0.0	  0.3	0.000	0.000	0.000
181	  H	  2.3	  0.3	0.000	0.000	0.000
182	  V	  2.9	  0.3	0.000	0.000	0.000
183	  E	  3.0	  0.1	0.000	0.000	0.000
184	  E	  4.1	  0.1	0.000	0.000	0.000
185	  Y	  4.3	  0.1	0.000	0.000	0.000
186	  K	  4.3	  0.1	0.000	0.000	0.000
187	  E	  0.9	  0.1	0.000	0.000	0.000
188	  Q	  0.7	  0.1	0.000	0.000	0.000
189	  V	  3.3	  0.1	0.000	0.000	0.000
190	  R	  3.5	  0.0	0.000	0.000	0.000
191	  Q	  3.4	  0.0	0.000	0.000	0.000
192	  A	  1.0	  0.0	0.000	0.000	0.000
193	  Y	  1.9	  0.1	0.000	0.000	0.000
194	  E	  1.5	  0.1	0.162	0.000	0.000
195	  Q	  1.5	  0.1	0.162	0.000	0.000
196	  A	  0.4	  0.1	0.162	0.000	0.000
197	  Q	  1.1	  0.1	0.162	0.000	0.000
198	  K	  1.6	  0.0	0.162	0.000	0.000
199	  F	  1.9	  0.2	0.162	0.000	0.000
200	  D	  1.1	  0.3	2.958	0.000	0.000
201	  D	  0.4	  0.3	4.316	0.000	0.000
202	  K	  0.1	  0.3	4.316	0.000	0.000
203	  A	  0.4	  0.1	4.316	0.000	0.000
204	  M	  0.5	  0.1	4.316	0.000	0.000
205	  S	  0.4	  0.1	5.310	0.000	0.000
206	  E	  0.3	  0.1	5.233	0.000	0.000
207	  L	  0.3	  0.2	4.802	0.000	0.000
208	  R	  0.4	  0.1	4.249	0.000	0.000
209	  E	  0.1	  0.1	3.468	0.000	0.000
210	  K	  2.8	  0.1	3.022	0.000	0.000
211	  I	  3.1	  0.0	2.269	0.000	0.000
212	  N	  3.0	  0.0	2.550	0.000	0.000
213	  P	  0.3	  0.0	0.281	0.000	0.000
214	  A	  0.2	  0.0	0.281	0.000	0.000
215	  I	  1.3	  0.0	0.281	0.000	0.000
216	  E	  1.3	  0.0	0.281	0.000	0.000
217	  A	  1.7	  0.0	0.281	0.000	0.000
218	  I	  2.3	  0.1	0.281	0.000	0.000
219	  K	  2.5	  0.1	0.281	0.000	0.000
220	  T	  2.2	  0.1	0.000	0.000	0.000
221	  N	  0.8	  0.1	0.220	0.150	0.150
222	  M	  0.8	  0.1	0.220	0.850	0.850
223	  K	  1.5	  0.0	0.220	1.530	1.530
224	  T	  3.8	  0.0	0.220	1.530	1.530
225	  I	  3.8	  0.0	0.220	1.530	1.530
226	  Y	  6.5	  0.0	0.220	1.530	1.530
227	  D	  5.0	  0.0	0.000	1.530	1.530
228	  V	 11.4	  0.0	0.000	1.934	1.934
229	  V	 10.8	  0.0	0.000	1.934	1.934
230	  I	 10.1	  0.0	0.000	1.934	1.934
231	  E	  3.5	  0.0	0.000	0.404	0.404
232	  T	 11.8	  0.0	0.000	0.404	0.404
233	  I	 13.7	  0.0	0.000	0.404	0.404
234	  T	 14.1	  0.3	0.000	0.404	0.404
235	  K	  3.0	  0.3	0.000	0.404	0.404
236	  D	  0.5	  0.4	0.000	0.000	0.000
237	  R	  1.7	  0.4	0.000	0.000	0.000
238	  Q	  1.6	  0.2	0.000	0.000	0.000
239	  N	  1.6	  0.1	0.000	0.000	0.000
