res	aa	Beta	Turn	Helix	Aggregation	Conc-Stab_Aggregation
01	  D	  0.1	  0.0	0.000	0.000	0.000
02	  N	  0.3	  0.0	0.142	0.000	0.000
03	  V	  1.6	  0.0	0.142	0.186	0.186
04	  L	  3.1	  0.0	0.142	0.186	0.186
05	  K	  3.2	  0.0	0.142	0.186	0.186
06	  L	  2.3	  0.0	0.142	0.186	0.186
07	  L	  0.9	  0.3	0.142	0.186	0.186
08	  D	  0.6	  0.3	0.142	0.186	0.186
09	  N	  0.8	  0.8	0.344	0.000	0.000
10	  W	  1.1	  0.9	0.344	0.000	0.000
11	  D	  1.1	  0.7	0.344	0.000	0.000
12	  T	  0.9	  0.7	0.645	0.000	0.000
13	  L	  0.7	  0.1	0.645	0.221	0.221
14	  A	  0.8	  0.1	0.645	0.221	0.221
15	  S	  0.5	  0.1	0.509	0.221	0.221
16	  T	  6.2	  0.1	0.301	0.221	0.221
17	  L	  6.4	  0.1	0.301	0.221	0.221
18	  S	  6.6	  0.1	0.738	0.000	0.000
19	  K	  2.6	  0.0	0.587	0.000	0.000
20	  V	  2.8	  0.1	0.437	0.000	0.000
21	  R	  2.4	  0.1	0.437	0.000	0.000
22	  E	  0.6	  0.1	0.437	0.000	0.000
23	  Q	  0.1	  0.1	0.437	0.000	0.000
24	  L	  0.1	  0.1	0.205	0.000	0.000
25	  G	  0.1	  0.1	0.205	0.000	0.000
26	  P	  0.0	  0.0	0.000	0.000	0.000
27	  V	  4.1	  0.0	0.000	0.000	0.000
28	  T	  4.6	  0.1	0.000	0.000	0.000
29	  Q	  5.0	  0.1	0.000	0.000	0.000
30	  E	  1.4	  0.1	0.000	0.000	0.000
31	  F	  2.1	  0.1	0.000	0.000	0.000
32	  W	  2.0	  0.4	0.000	0.000	0.000
33	  D	  1.5	  0.5	0.196	0.000	0.000
34	  N	  0.8	  0.5	0.418	0.000	0.000
35	  L	  0.7	  0.4	0.418	0.000	0.000
36	  E	  0.8	  0.1	0.418	0.000	0.000
37	  K	  0.5	  0.1	0.418	0.000	0.000
38	  E	  0.4	  0.1	0.418	0.000	0.000
39	  T	  3.4	  0.3	1.384	0.000	0.000
40	  A	  3.7	  0.3	1.384	0.000	0.000
41	  S	  5.7	  0.2	1.384	0.000	0.000
42	  L	  3.0	  0.2	1.162	0.000	0.000
43	  R	  2.7	  0.1	1.162	0.000	0.000
44	  Q	  0.7	  0.1	1.162	0.000	0.000
45	  E	  1.8	  0.1	0.482	0.000	0.000
46	  M	  1.9	  0.0	0.175	0.000	0.000
47	  H	  2.0	  0.5	0.000	0.000	0.000
48	  K	  0.6	  0.5	0.000	0.000	0.000
49	  D	  0.5	  0.5	4.209	0.000	0.000
50	  L	  0.3	  0.5	4.486	0.000	0.000
51	  E	  0.3	  0.1	4.788	0.000	0.000
52	  E	 13.6	  0.0	4.935	0.000	0.000
53	  V	 15.5	  0.1	4.935	0.000	0.000
54	  K	 15.8	  0.0	4.935	0.000	0.000
55	  Q	  3.0	  0.0	4.022	0.000	0.000
56	  K	  3.6	  0.0	3.199	0.000	0.000
57	  V	  3.7	  0.0	1.353	0.000	0.000
58	  Q	  3.2	  0.0	1.353	0.000	0.000
59	  P	  0.4	  0.0	0.000	0.000	0.000
60	  Y	  1.0	  0.1	0.000	0.000	0.000
61	  L	  1.0	  0.2	0.000	0.000	0.000
62	  D	  1.1	  0.2	1.069	0.000	0.000
63	  E	  1.6	  0.2	1.069	0.000	0.000
64	  F	  3.7	  0.1	1.069	0.000	0.000
65	  Q	  4.3	  0.0	1.069	0.000	0.000
66	  K	  3.3	  0.0	1.069	0.000	0.000
67	  W	  1.8	  0.0	1.069	0.000	0.000
68	  H	  1.2	  0.1	0.723	0.000	0.000
69	  E	  0.7	  0.1	0.200	0.000	0.000
70	  E	  2.3	  0.1	0.153	0.000	0.000
71	  V	  9.9	  0.1	0.611	0.000	0.000
72	  E	 10.4	  0.0	0.611	0.000	0.000
73	  I	  9.7	  0.0	0.611	0.000	0.000
74	  Y	  4.2	  0.0	0.611	0.000	0.000
75	  R	  3.8	  0.1	0.611	0.000	0.000
76	  Q	  3.1	  0.1	0.611	0.000	0.000
77	  K	  6.2	  0.1	0.119	0.000	0.000
78	  V	  6.4	  0.0	0.000	0.000	0.000
79	  A	  5.7	  0.4	0.000	0.000	0.000
80	  P	  0.5	  0.4	0.000	0.000	0.000
81	  L	  0.0	  0.4	0.000	0.000	0.000
82	  G	  0.0	  0.5	0.164	0.000	0.000
83	  E	  0.1	  0.2	0.164	0.000	0.000
84	  E	  0.9	  0.2	0.164	0.000	0.000
85	  F	  1.6	  0.2	0.164	0.000	0.000
86	  R	  1.5	  0.5	0.462	0.000	0.000
87	  E	  0.7	  0.7	0.462	0.000	0.000
88	  G	  0.0	  0.7	0.645	0.000	0.000
89	  A	  0.2	  0.6	0.645	0.000	0.000
90	  R	  0.6	  0.3	0.645	0.000	0.000
91	  Q	  1.2	  0.1	0.645	0.000	0.000
92	  K	  2.7	  0.1	0.645	0.000	0.000
93	  V	  3.1	  0.1	0.348	0.000	0.000
94	  Q	  2.5	  0.1	0.348	0.000	0.000
95	  E	  1.2	  0.1	0.156	0.000	0.000
96	  L	  0.7	  0.2	0.156	0.000	0.000
97	  Q	  0.7	  0.2	0.156	0.000	0.000
98	  D	  0.3	  0.3	0.156	0.000	0.000
99	  K	  1.0	  0.3	0.000	0.000	0.000
100	  L	  1.1	  0.1	0.000	0.000	0.000
101	  S	  1.1	  0.3	3.820	0.000	0.000
102	  P	  0.1	  0.2	5.138	0.000	0.000
103	  L	  0.0	  0.2	6.095	0.000	0.000
104	  A	  0.1	  0.3	8.666	0.000	0.000
105	  Q	  0.2	  0.1	8.666	0.000	0.000
106	  E	  0.4	  0.1	8.801	0.000	0.000
107	  L	  0.6	  0.2	8.633	0.000	0.000
108	  R	  0.5	  0.2	9.002	0.000	0.000
109	  D	  0.2	  0.2	9.227	0.000	0.000
110	  R	  0.2	  0.2	8.532	0.000	0.000
111	  A	  0.2	  0.1	8.160	0.000	0.000
112	  R	  0.4	  0.1	7.144	0.000	0.000
113	  A	  0.3	  0.0	4.953	0.000	0.000
114	  H	  0.5	  0.0	3.481	0.000	0.000
115	  A	  0.3	  0.1	1.140	0.000	0.000
116	  E	  0.2	  0.1	0.998	0.000	0.000
117	  T	  2.7	  0.1	0.637	0.000	0.000
118	  L	  3.0	  0.1	0.637	0.000	0.000
119	  R	  3.4	  0.1	0.637	0.000	0.000
120	  Q	  1.2	  0.1	0.488	0.000	0.000
121	  Q	  1.2	  0.1	0.000	0.000	0.000
122	  L	  0.8	  0.1	0.000	0.000	0.000
123	  A	  0.4	  0.2	0.000	0.000	0.000
124	  P	  0.1	  0.1	0.000	0.000	0.000
125	  Y	  0.3	  0.5	0.000	0.000	0.000
126	  S	  0.3	  1.6	0.000	0.000	0.000
127	  D	  0.3	  1.6	0.000	0.000	0.000
128	  D	  0.9	  1.6	0.000	0.000	0.000
129	  L	  1.0	  1.3	0.000	0.000	0.000
130	  R	  1.0	  0.2	0.000	0.000	0.000
131	  P	  0.2	  0.2	0.000	0.000	0.000
132	  R	  0.8	  0.2	0.000	0.000	0.000
133	  L	  1.7	  0.2	0.000	0.000	0.000
134	  T	  2.6	  0.0	0.825	0.000	0.000
135	  A	  2.1	  0.0	0.825	0.000	0.000
136	  R	  1.7	  0.0	1.257	0.000	0.000
137	  L	  0.9	  0.1	1.257	0.000	0.000
138	  E	  0.7	  0.1	1.257	0.000	0.000
139	  A	  0.5	  0.0	1.257	0.000	0.000
140	  L	  0.3	  0.2	1.257	0.000	0.000
141	  K	  0.3	  0.4	1.056	0.000	0.000
142	  E	  0.1	  0.6	0.383	0.000	0.000
143	  G	  0.0	  0.7	0.000	0.000	0.000
144	  G	  0.0	  0.9	0.000	0.000	0.000
145	  G	  0.0	  0.7	0.154	0.000	0.000
146	  S	  0.1	  0.5	0.947	0.000	0.000
147	  L	  0.2	  0.5	0.947	0.000	0.000
148	  A	  0.3	  0.2	0.947	0.000	0.000
149	  E	  4.1	  0.2	0.947	0.000	0.000
150	  Y	  6.0	  0.2	0.947	0.000	0.000
151	  H	  6.1	  0.2	0.793	0.000	0.000
152	  A	  2.3	  0.2	0.486	0.000	0.000
153	  K	  0.5	  0.2	0.486	0.000	0.000
154	  A	  0.3	  0.2	0.165	0.000	0.000
155	  S	  0.2	  0.2	3.022	0.000	0.000
156	  E	  0.1	  0.2	3.008	0.000	0.000
157	  Q	  1.1	  0.2	3.008	0.000	0.000
158	  L	  1.5	  0.2	3.008	0.000	0.000
159	  K	  1.6	  0.0	3.008	0.000	0.000
160	  A	  0.6	  0.0	3.008	0.000	0.000
161	  L	  0.2	  0.1	2.576	0.000	0.000
162	  G	  0.1	  0.2	1.963	0.000	0.000
163	  E	  0.1	  0.2	1.353	0.000	0.000
164	  K	  0.8	  0.2	0.427	0.000	0.000
165	  A	  0.8	  0.1	0.000	0.000	0.000
166	  K	  0.7	  0.0	0.000	0.000	0.000
167	  P	  0.0	  0.0	0.000	0.000	0.000
168	  A	  0.1	  0.0	0.000	0.000	0.000
169	  L	  0.2	  0.3	0.000	0.000	0.000
170	  E	  0.2	  0.3	0.000	0.000	0.000
171	  D	  0.5	  0.3	0.000	0.000	0.000
172	  L	  0.8	  0.3	0.000	0.000	0.000
173	  R	  1.0	  0.2	0.000	0.000	0.000
174	  Q	  0.6	  0.6	0.000	0.000	0.000
175	  E	  0.3	  1.6	0.000	0.000	0.000
176	  G	  0.0	  1.9	0.154	0.000	0.000
177	  S	  0.0	  1.8	0.154	0.000	0.000
178	  N	  0.1	  1.5	1.144	0.000	0.000
179	  R	  0.2	  0.4	1.144	0.000	0.000
180	  K	  0.7	  0.1	1.144	0.000	0.000
181	  E	  1.6	  0.1	1.144	0.000	0.000
182	  I	  1.6	  0.2	0.989	0.000	0.000
183	  E	  1.2	  0.1	0.989	0.000	0.000
184	  N	  0.3	  0.2	2.033	0.000	0.000
185	  Q	  0.3	  0.2	1.779	0.000	0.000
186	  A	  0.3	  0.1	1.336	0.000	0.000
187	  K	  0.4	  0.3	1.336	0.000	0.000
188	  A	  0.7	  0.2	1.044	0.000	0.000
189	  S	  4.3	  0.2	1.044	0.000	0.000
190	  C	  5.7	  0.2	0.275	0.000	0.000
191	  H	 11.5	  0.0	0.000	0.000	0.000
192	  Y	  8.2	  0.0	0.000	0.000	0.000
193	  S	  6.8	  2.3	0.000	0.000	0.000
194	  P	  0.5	  2.4	0.000	0.000	0.000
195	  S	  1.5	  2.6	0.000	0.000	0.000
196	  H	  1.6	  2.6	0.000	0.000	0.000
197	  S	  1.9	  0.3	0.905	0.000	0.000
198	  A	  0.5	  0.3	0.905	0.000	0.000
199	  Q	  0.5	  0.1	0.905	0.000	0.000
200	  E	  0.2	  0.1	0.905	0.000	0.000
201	  K	  0.9	  0.1	0.905	0.000	0.000
202	  L	  3.6	  0.1	0.905	0.000	0.000
203	  Q	  3.8	  0.0	0.624	0.000	0.000
204	  F	  3.2	  0.0	0.239	0.000	0.000
205	  P	  0.2	  0.0	0.000	0.000	0.000
