res	aa	Beta	Turn	Helix	Aggregation	Conc-Stab_Aggregation
01	  D	  0.0	  0.0	0.000	0.000	0.000
02	  D	  0.0	  0.6	0.000	0.000	0.000
03	  P	  0.0	  0.7	0.000	0.000	0.000
04	  Q	  0.1	  0.7	0.000	0.000	0.000
05	  S	  0.4	  0.7	0.000	0.000	0.000
06	  S	  6.1	  0.6	0.000	0.000	0.000
07	  W	  6.2	  0.5	0.000	0.000	0.000
08	  D	  6.0	  0.5	0.196	0.000	0.000
09	  R	  1.9	  0.5	0.196	0.000	0.000
10	  V	  3.2	  0.3	0.196	0.704	0.704
11	  K	  3.2	  0.3	0.196	0.842	0.842
12	  D	  1.7	  0.3	1.076	0.842	0.842
13	  F	  0.5	  0.4	1.076	61.513	61.513
14	  A	  1.1	  0.2	0.880	62.345	62.345
15	  T	  7.1	  0.2	0.880	62.345	62.345
16	  V	 12.8	  0.2	0.880	62.345	62.345
17	  Y	 14.1	  0.0	0.880	62.345	62.345
18	  V	 10.0	  0.0	0.357	57.419	57.419
19	  E	  3.8	  0.0	0.357	0.743	0.743
20	  A	  2.1	  0.0	0.234	0.743	0.743
21	  I	  0.8	  0.1	0.234	0.743	0.743
22	  K	  0.8	  0.3	0.234	0.743	0.743
23	  D	  0.3	  1.1	0.000	0.000	0.000
24	  S	  0.2	  1.5	0.000	0.000	0.000
25	  G	  0.1	  1.7	0.000	0.000	0.000
26	  R	  0.4	  1.5	0.000	0.000	0.000
27	  D	  0.7	  0.7	0.000	0.000	0.000
28	  Y	  3.3	  0.3	0.000	0.790	0.790
29	  V	  4.6	  0.0	0.000	0.790	0.790
30	  A	  4.5	  0.0	0.000	0.790	0.790
31	  Q	  9.0	  0.0	0.000	0.790	0.790
32	  F	  9.8	  0.0	0.134	0.790	0.790
33	  E	  9.6	  0.0	0.382	0.000	0.000
34	  A	  2.8	  0.1	0.382	0.000	0.000
35	  S	  0.5	  0.3	1.069	0.000	0.000
36	  A	  0.4	  0.4	1.069	0.000	0.000
37	  L	  0.2	  0.5	1.069	0.000	0.000
38	  G	  0.1	  0.5	1.069	0.000	0.000
39	  K	  0.2	  0.3	0.935	0.000	0.000
40	  Q	  1.1	  0.2	0.686	0.000	0.000
41	  L	  2.8	  0.1	0.446	0.000	0.000
42	  N	  3.0	  0.0	1.268	0.000	0.000
43	  L	  3.6	  0.0	1.115	0.000	0.000
44	  K	  2.2	  0.0	0.978	0.000	0.000
45	  L	  2.2	  0.0	0.822	0.000	0.000
46	  L	  0.8	  0.3	0.822	0.000	0.000
47	  D	  0.6	  0.3	0.822	0.000	0.000
48	  N	  0.8	  0.8	0.699	0.000	0.000
49	  W	  1.1	  0.9	0.342	0.000	0.000
50	  D	  1.1	  0.6	0.342	0.000	0.000
51	  T	  0.9	  0.6	0.643	0.000	0.000
52	  L	  0.7	  0.1	0.643	0.220	0.220
53	  A	  0.8	  0.1	0.643	0.220	0.220
54	  S	  0.5	  0.1	0.508	0.220	0.220
55	  T	  6.2	  0.1	0.301	0.220	0.220
56	  L	  6.4	  0.1	0.301	0.220	0.220
57	  S	  6.6	  0.1	0.738	0.000	0.000
58	  K	  2.6	  0.0	0.587	0.000	0.000
59	  V	  2.8	  0.1	0.437	0.000	0.000
60	  R	  2.4	  0.1	0.437	0.000	0.000
61	  E	  0.6	  0.1	0.437	0.000	0.000
62	  Q	  0.1	  0.1	0.437	0.000	0.000
63	  L	  0.1	  0.1	0.205	0.000	0.000
64	  G	  0.1	  0.1	0.205	0.000	0.000
65	  P	  0.0	  0.0	0.000	0.000	0.000
66	  V	  4.1	  0.0	0.000	0.000	0.000
67	  T	  4.6	  0.1	0.000	0.000	0.000
68	  Q	  5.0	  0.1	0.000	0.000	0.000
69	  E	  1.4	  0.1	0.000	0.000	0.000
70	  F	  2.1	  0.1	0.000	0.000	0.000
71	  W	  2.0	  0.4	0.000	0.000	0.000
72	  D	  1.5	  0.5	0.196	0.000	0.000
73	  N	  0.8	  0.5	0.418	0.000	0.000
74	  L	  0.7	  0.4	0.418	0.000	0.000
75	  E	  0.8	  0.1	0.418	0.000	0.000
76	  K	  0.5	  0.1	0.418	0.000	0.000
77	  E	  0.4	  0.1	0.418	0.000	0.000
78	  T	  3.4	  0.3	1.384	0.000	0.000
79	  A	  3.7	  0.3	1.384	0.000	0.000
80	  S	  5.7	  0.2	1.384	0.000	0.000
81	  L	  3.0	  0.2	1.162	0.000	0.000
82	  R	  2.7	  0.1	1.162	0.000	0.000
83	  Q	  0.7	  0.1	1.162	0.000	0.000
84	  E	  1.8	  0.1	0.482	0.000	0.000
85	  M	  1.9	  0.0	0.175	0.000	0.000
86	  H	  2.0	  0.5	0.000	0.000	0.000
87	  K	  0.6	  0.5	0.000	0.000	0.000
88	  D	  0.5	  0.5	4.209	0.000	0.000
89	  L	  0.3	  0.5	4.486	0.000	0.000
90	  E	  0.3	  0.1	4.788	0.000	0.000
91	  E	 13.6	  0.0	4.935	0.000	0.000
92	  V	 15.5	  0.1	4.935	0.000	0.000
93	  K	 15.8	  0.0	4.935	0.000	0.000
94	  Q	  3.0	  0.0	4.022	0.000	0.000
95	  K	  3.6	  0.0	3.199	0.000	0.000
96	  V	  3.7	  0.0	1.353	0.000	0.000
97	  Q	  3.2	  0.0	1.353	0.000	0.000
98	  P	  0.4	  0.0	0.000	0.000	0.000
99	  Y	  1.0	  0.1	0.000	0.000	0.000
100	  L	  1.0	  0.2	0.000	0.000	0.000
101	  D	  1.0	  0.2	4.393	0.000	0.000
102	  E	  1.6	  0.2	4.552	0.000	0.000
103	  F	  3.6	  0.1	4.552	0.000	0.000
104	  Q	  3.7	  0.0	4.552	0.000	0.000
105	  K	  2.3	  0.0	4.552	0.000	0.000
106	  K	  0.8	  0.0	4.552	0.000	0.000
107	  W	  1.2	  0.0	3.417	0.000	0.000
108	  H	  1.2	  0.1	2.830	0.000	0.000
109	  E	  0.7	  0.1	1.513	0.000	0.000
110	  E	  2.3	  0.1	1.276	0.000	0.000
111	  V	  9.8	  0.1	1.276	0.000	0.000
112	  E	 10.3	  0.0	1.276	0.000	0.000
113	  I	  9.6	  0.0	1.094	0.000	0.000
114	  Y	  4.2	  0.0	1.094	0.000	0.000
115	  R	  3.8	  0.1	0.833	0.000	0.000
116	  Q	  3.0	  0.1	0.833	0.000	0.000
117	  K	  6.1	  0.1	0.118	0.000	0.000
118	  V	  6.4	  0.0	0.000	0.000	0.000
119	  A	  5.7	  0.4	0.000	0.000	0.000
120	  P	  0.5	  0.4	0.000	0.000	0.000
121	  L	  0.0	  0.4	0.000	0.000	0.000
122	  G	  0.0	  0.5	0.164	0.000	0.000
123	  E	  0.1	  0.2	0.164	0.000	0.000
124	  E	  0.9	  0.2	0.164	0.000	0.000
125	  F	  1.6	  0.2	0.164	0.000	0.000
126	  R	  1.5	  0.5	0.462	0.000	0.000
127	  E	  0.7	  0.7	0.462	0.000	0.000
128	  G	  0.0	  0.7	0.645	0.000	0.000
129	  A	  0.2	  0.6	0.645	0.000	0.000
130	  R	  0.6	  0.3	0.645	0.000	0.000
131	  Q	  1.2	  0.1	0.645	0.000	0.000
132	  K	  2.7	  0.1	0.645	0.000	0.000
133	  V	  3.1	  0.1	0.348	0.000	0.000
134	  Q	  2.5	  0.1	0.348	0.000	0.000
135	  E	  1.2	  0.1	0.156	0.000	0.000
136	  L	  0.7	  0.2	0.156	0.000	0.000
137	  Q	  0.7	  0.2	0.156	0.000	0.000
138	  D	  0.3	  0.3	0.156	0.000	0.000
139	  K	  1.0	  0.3	0.000	0.000	0.000
140	  L	  1.1	  0.1	0.000	0.000	0.000
141	  S	  1.1	  0.3	3.122	0.000	0.000
142	  P	  0.1	  0.2	4.430	0.000	0.000
143	  L	  0.0	  0.2	5.377	0.000	0.000
144	  A	  0.1	  0.3	7.608	0.000	0.000
145	  Q	  0.2	  0.1	7.608	0.000	0.000
146	  E	  0.4	  0.1	7.742	0.000	0.000
147	  L	  0.6	  0.2	7.572	0.000	0.000
148	  R	  0.5	  0.2	7.935	0.000	0.000
149	  D	  0.2	  0.2	8.024	0.000	0.000
150	  R	  0.2	  0.2	7.321	0.000	0.000
151	  A	  0.2	  0.1	6.945	0.000	0.000
152	  R	  0.4	  0.1	5.919	0.000	0.000
153	  A	  0.6	  0.0	3.750	0.000	0.000
154	  H	  2.7	  0.0	2.303	0.000	0.000
155	  V	  3.2	  0.0	0.000	0.000	0.000
156	  E	  2.9	  0.0	0.000	0.000	0.000
157	  T	  3.3	  0.0	0.000	0.000	0.000
158	  L	  3.0	  0.1	0.000	0.000	0.000
159	  R	  3.4	  0.1	0.000	0.000	0.000
160	  Q	  1.2	  0.1	0.000	0.000	0.000
161	  Q	  1.2	  0.1	0.000	0.000	0.000
162	  L	  0.8	  0.1	0.000	0.000	0.000
163	  A	  0.4	  0.1	0.000	0.000	0.000
164	  P	  0.0	  0.1	0.000	0.000	0.000
165	  Y	  0.3	  0.4	0.000	0.000	0.000
166	  S	  0.3	  1.3	7.927	0.000	0.000
167	  D	  0.3	  1.2	14.570	0.000	0.000
168	  D	  0.3	  1.2	21.247	0.000	0.000
169	  L	  0.6	  1.0	21.247	0.000	0.000
170	  R	  1.0	  0.1	21.247	0.000	0.000
171	  Q	  0.9	  0.1	21.247	0.000	0.000
172	  R	  1.3	  0.1	20.487	0.000	0.000
173	  L	  1.6	  0.0	19.609	0.000	0.000
174	  T	  2.0	  0.0	18.789	0.000	0.000
175	  A	  1.6	  0.0	18.789	0.000	0.000
176	  R	  1.3	  0.0	17.493	0.000	0.000
177	  L	  0.7	  0.0	13.785	0.000	0.000
178	  E	  0.6	  0.0	13.086	0.000	0.000
179	  A	  0.4	  0.0	11.520	0.000	0.000
180	  L	  0.3	  0.1	10.461	0.000	0.000
181	  K	  0.3	  0.3	8.744	0.000	0.000
182	  E	  0.1	  0.5	4.030	0.000	0.000
183	  G	  0.0	  0.6	1.680	0.000	0.000
184	  G	  0.0	  0.8	0.514	0.000	0.000
185	  G	  0.0	  0.7	0.151	0.000	0.000
186	  S	  0.1	  0.5	0.939	0.000	0.000
187	  L	  0.2	  0.5	0.939	0.000	0.000
188	  A	  0.3	  0.2	0.939	0.000	0.000
189	  E	  4.1	  0.2	0.939	0.000	0.000
190	  Y	  6.0	  0.2	0.939	0.000	0.000
191	  H	  6.1	  0.2	0.788	0.000	0.000
192	  A	  2.3	  0.2	0.483	0.000	0.000
193	  K	  0.5	  0.2	0.483	0.000	0.000
194	  A	  0.3	  0.2	0.164	0.000	0.000
195	  S	  0.2	  0.2	3.021	0.000	0.000
196	  E	  0.1	  0.2	3.008	0.000	0.000
197	  Q	  1.1	  0.2	3.008	0.000	0.000
198	  L	  1.5	  0.2	3.008	0.000	0.000
199	  K	  1.6	  0.0	3.008	0.000	0.000
200	  A	  0.6	  0.0	3.008	0.000	0.000
201	  L	  0.2	  0.1	2.576	0.000	0.000
202	  G	  0.1	  0.2	1.963	0.000	0.000
203	  E	  0.1	  0.2	1.353	0.000	0.000
204	  K	  0.8	  0.2	0.427	0.000	0.000
205	  A	  0.8	  0.1	0.000	0.000	0.000
206	  K	  0.7	  0.0	0.000	0.000	0.000
207	  P	  0.0	  0.0	0.000	0.000	0.000
208	  V	  1.6	  0.0	0.000	0.000	0.000
209	  L	  1.7	  0.3	0.184	0.000	0.000
210	  E	  1.7	  0.3	0.184	0.000	0.000
211	  D	  0.5	  0.3	0.184	0.000	0.000
212	  L	  0.8	  0.4	0.184	0.000	0.000
213	  R	  0.8	  0.3	0.184	0.000	0.000
214	  Q	  0.4	  0.3	0.184	0.000	0.000
215	  G	  0.1	  0.3	0.000	0.000	0.000
216	  L	  0.1	  0.1	0.000	0.000	0.000
217	  L	  0.1	  0.0	0.000	0.000	0.000
218	  P	  0.1	  0.0	0.000	0.000	0.000
219	  V	  1.6	  0.0	0.000	0.480	0.480
220	  L	  1.8	  0.1	0.000	0.480	0.480
221	  E	  1.8	  0.1	0.000	0.480	0.480
222	  S	  0.8	  0.1	0.000	0.480	0.480
223	  L	  2.5	  0.1	0.000	0.480	0.480
224	  K	  3.8	  0.0	0.000	0.480	0.480
225	  V	  7.1	  0.0	0.000	26.287	26.287
226	  S	  5.6	  0.0	0.000	28.481	28.481
227	  I	  5.2	  0.0	0.000	30.977	30.977
228	  L	  1.4	  0.0	0.000	30.977	30.977
229	  A	  1.2	  0.0	0.000	30.819	30.819
230	  A	  0.6	  0.0	0.000	29.675	29.675
231	  I	  0.6	  0.0	0.000	24.505	24.505
232	  D	  0.4	  0.1	5.995	0.000	0.000
233	  E	  0.3	  0.1	5.995	0.000	0.000
234	  A	  0.4	  0.2	5.995	0.000	0.000
235	  S	  0.6	  0.2	6.136	0.000	0.000
236	  K	  0.4	  0.2	6.136	0.000	0.000
237	  K	  1.1	  0.2	6.136	0.000	0.000
238	  L	  1.3	  0.1	3.688	0.000	0.000
239	  N	  1.3	  0.0	2.319	0.000	0.000
240	  A	  0.4	  0.0	1.420	0.000	0.000
241	  Q	  0.1	  0.0	0.327	0.000	0.000
