res	aa	Beta	Turn	Helix	Aggregation	Conc-Stab_Aggregation
01	  D	  0.0	  0.0	0.000	0.000	0.000
02	  E	  0.0	  0.0	0.000	0.000	0.000
03	  P	  0.0	  0.3	0.000	0.000	0.000
04	  P	  0.0	  0.3	0.000	0.000	0.000
05	  Q	  0.0	  0.3	0.000	0.000	0.000
06	  S	  0.0	  0.5	0.178	0.000	0.000
07	  P	  0.0	  0.3	0.178	0.000	0.000
08	  W	  0.2	  0.3	0.178	0.000	0.000
09	  D	  0.3	  0.3	0.178	0.000	0.000
10	  R	  2.0	  0.1	0.178	0.000	0.000
11	  V	  3.3	  0.2	0.178	0.433	0.433
12	  K	  3.4	  0.1	0.178	0.526	0.526
13	  D	  1.7	  0.1	2.144	0.526	0.526
14	  L	  0.1	  0.1	2.144	40.651	40.651
15	  A	  0.8	  0.0	2.144	41.903	41.903
16	  T	  6.8	  0.0	2.144	41.903	41.903
17	  V	 12.7	  0.0	2.144	41.903	41.903
18	  Y	 13.3	  0.0	2.144	41.903	41.903
19	  V	  8.6	  0.1	0.403	38.642	38.642
20	  D	  2.7	  0.1	0.563	0.000	0.000
21	  S	  2.9	  0.1	0.290	0.000	0.000
22	  V	  3.6	  0.1	0.159	0.000	0.000
23	  K	  3.5	  0.4	0.159	0.000	0.000
24	  E	  1.8	  0.5	0.159	0.000	0.000
25	  S	  0.1	  0.8	0.159	0.000	0.000
26	  G	  0.1	  1.2	0.000	0.000	0.000
27	  K	  0.2	  0.8	0.000	0.000	0.000
28	  D	  0.5	  0.6	0.000	0.000	0.000
29	  Y	  2.2	  0.4	0.000	0.000	0.000
30	  V	  4.1	  0.1	0.000	0.000	0.000
31	  S	  4.2	  0.1	0.000	0.000	0.000
32	  Q	  9.7	  0.1	0.000	0.000	0.000
33	  F	  9.1	  0.2	0.000	0.000	0.000
34	  E	  8.6	  0.2	0.000	0.000	0.000
35	  S	  1.6	  0.2	0.365	0.000	0.000
36	  S	  0.5	  0.2	0.548	0.000	0.000
37	  M	  0.5	  0.1	0.548	0.000	0.000
38	  L	  0.4	  0.1	0.548	0.000	0.000
39	  G	  0.2	  0.1	0.548	0.000	0.000
40	  K	  0.2	  0.2	0.548	0.000	0.000
41	  Q	  1.1	  0.2	0.183	0.000	0.000
42	  L	  2.8	  0.1	0.000	0.000	0.000
43	  N	  3.0	  0.0	0.826	0.000	0.000
44	  L	  3.6	  0.0	0.826	0.000	0.000
45	  K	  2.2	  0.0	0.826	0.000	0.000
46	  L	  2.3	  0.0	0.826	0.000	0.000
47	  L	  0.8	  0.3	0.826	0.000	0.000
48	  D	  0.6	  0.3	0.826	0.000	0.000
49	  N	  0.8	  0.9	0.359	0.000	0.000
50	  W	  1.3	  1.1	0.000	0.000	0.000
51	  D	  1.2	  0.9	0.000	0.000	0.000
52	  S	  2.4	  0.9	0.000	0.000	0.000
53	  L	  2.4	  0.3	0.000	0.336	0.336
54	  T	  3.2	  0.2	0.000	0.336	0.336
55	  S	  2.0	  0.1	0.000	0.336	0.336
56	  T	  7.4	  0.1	0.000	0.336	0.336
57	  V	  6.9	  0.1	0.000	0.336	0.336
58	  N	  6.4	  0.1	0.674	0.000	0.000
59	  K	  1.2	  0.1	0.674	0.000	0.000
60	  L	  0.8	  0.1	0.674	0.000	0.000
61	  R	  0.9	  0.2	0.674	0.000	0.000
62	  E	  0.1	  0.1	0.674	0.000	0.000
63	  Q	  0.1	  0.1	0.674	0.000	0.000
64	  L	  0.1	  0.1	0.274	0.000	0.000
65	  G	  0.1	  0.1	0.274	0.000	0.000
66	  P	  0.0	  0.0	0.000	0.000	0.000
67	  V	  4.1	  0.0	0.000	0.000	0.000
68	  T	  4.6	  0.1	0.000	0.000	0.000
69	  Q	  5.0	  0.1	0.000	0.000	0.000
70	  E	  1.4	  0.1	0.000	0.000	0.000
71	  F	  2.7	  0.1	0.000	0.000	0.000
72	  W	  2.9	  0.6	0.000	0.000	0.000
73	  E	  2.4	  0.6	0.000	0.000	0.000
74	  N	  1.1	  0.6	0.148	0.000	0.000
75	  L	  0.7	  0.6	0.148	0.000	0.000
76	  E	  0.8	  0.1	0.148	0.000	0.000
77	  K	  0.5	  0.1	0.380	0.000	0.000
78	  E	  0.4	  0.1	0.527	0.000	0.000
79	  T	  0.7	  0.1	4.476	0.000	0.000
80	  E	  1.0	  0.1	4.476	0.000	0.000
81	  V	  3.0	  0.0	4.476	0.000	0.000
82	  L	  3.0	  0.0	4.476	0.000	0.000
83	  R	  2.7	  0.1	4.476	0.000	0.000
84	  Q	  0.7	  0.1	4.476	0.000	0.000
85	  E	  0.8	  0.1	1.511	0.000	0.000
86	  M	  0.9	  0.1	0.796	0.000	0.000
87	  S	  1.4	  1.4	0.845	0.000	0.000
88	  K	  1.0	  1.4	0.614	0.000	0.000
89	  D	  0.8	  1.4	4.467	0.000	0.000
90	  L	  0.3	  1.4	4.677	0.000	0.000
91	  E	  0.3	  0.1	5.423	0.000	0.000
92	  E	 13.7	  0.0	5.423	0.000	0.000
93	  V	 15.7	  0.0	5.291	0.000	0.000
94	  K	 15.8	  0.0	5.291	0.000	0.000
95	  A	  2.5	  0.0	4.382	0.000	0.000
96	  Q	  1.7	  0.0	4.108	0.000	0.000
97	  V	  2.0	  0.0	1.149	0.000	0.000
98	  Q	  1.8	  0.0	1.149	0.000	0.000
99	  P	  0.4	  0.0	0.000	0.000	0.000
100	  Y	  0.7	  0.1	0.000	0.000	0.000
101	  L	  0.7	  0.3	0.000	0.000	0.000
102	  D	  0.8	  0.3	7.274	0.000	0.000
103	  D	  1.1	  0.3	34.277	0.000	0.000
104	  F	  2.4	  0.3	34.379	0.000	0.000
105	  E	  2.7	  0.0	34.985	0.000	0.000
106	  K	  1.7	  0.0	35.258	0.000	0.000
107	  K	  2.0	  0.0	35.871	0.000	0.000
108	  W	  1.9	  0.0	35.697	0.000	0.000
109	  E	  1.9	  0.1	35.201	0.000	0.000
110	  E	  0.3	  0.1	33.960	0.000	0.000
111	  E	  1.0	  0.1	32.772	0.000	0.000
112	  M	  2.2	  0.1	31.585	0.000	0.000
113	  K	  2.4	  0.1	30.151	0.000	0.000
114	  L	  1.8	  0.1	25.847	0.000	0.000
115	  Y	  2.2	  0.1	23.120	0.000	0.000
116	  S	  2.1	  0.1	10.389	0.000	0.000
117	  Q	  2.0	  0.1	5.492	0.000	0.000
118	  K	  4.0	  0.1	1.791	0.000	0.000
119	  L	  3.9	  0.1	0.534	0.000	0.000
120	  E	  3.6	  0.0	0.265	0.000	0.000
121	  P	  0.1	  0.0	0.000	0.000	0.000
122	  L	  0.2	  0.0	0.000	0.000	0.000
123	  R	  0.3	  0.1	0.000	0.000	0.000
124	  T	  0.4	  0.1	0.000	0.000	0.000
125	  E	  0.6	  0.1	0.000	0.000	0.000
126	  L	  0.5	  0.2	0.000	0.000	0.000
127	  Q	  0.4	  0.4	0.631	0.000	0.000
128	  E	  0.1	  0.6	0.631	0.000	0.000
129	  G	  0.0	  0.6	5.380	0.000	0.000
130	  A	  0.2	  0.5	5.380	0.000	0.000
131	  L	  0.5	  0.2	5.380	0.000	0.000
132	  Q	  0.8	  0.1	5.380	0.000	0.000
133	  K	  1.2	  0.1	5.380	0.000	0.000
134	  L	  1.2	  0.2	5.066	0.000	0.000
135	  Q	  1.0	  0.2	4.627	0.000	0.000
136	  D	  0.5	  0.2	4.905	0.000	0.000
137	  L	  0.3	  0.2	3.751	0.000	0.000
138	  Q	  0.3	  0.1	3.486	0.000	0.000
139	  E	  0.2	  0.1	2.621	0.000	0.000
140	  K	  0.7	  0.1	2.171	0.000	0.000
141	  L	  1.0	  0.2	1.717	0.000	0.000
142	  S	  1.0	  0.3	1.347	0.000	0.000
143	  S	  0.7	  0.4	1.078	0.000	0.000
144	  L	  0.3	  0.5	0.518	0.000	0.000
145	  G	  0.2	  0.5	1.334	0.000	0.000
146	  E	  0.0	  0.3	1.334	0.000	0.000
147	  Q	  0.6	  0.1	1.334	0.000	0.000
148	  V	  1.5	  0.2	1.334	0.000	0.000
149	  R	  1.5	  0.1	1.334	0.000	0.000
150	  D	  0.9	  0.2	1.225	0.000	0.000
151	  R	  0.2	  0.2	1.075	0.000	0.000
152	  A	  0.5	  0.1	0.716	0.000	0.000
153	  R	  2.4	  0.1	0.572	0.000	0.000
154	  V	 11.6	  0.0	0.137	0.000	0.000
155	  H	 12.7	  0.1	0.137	0.000	0.000
156	  V	 11.7	  0.1	0.000	0.000	0.000
157	  D	  2.5	  0.1	0.139	0.000	0.000
158	  T	  3.2	  0.1	0.139	0.000	0.000
159	  L	  2.6	  0.1	0.139	0.000	0.000
160	  R	  2.8	  0.1	0.139	0.000	0.000
161	  T	  1.6	  0.1	0.139	0.000	0.000
162	  Q	  1.7	  0.1	0.139	0.000	0.000
163	  L	  1.5	  0.1	0.000	0.000	0.000
164	  A	  0.4	  0.2	0.000	0.000	0.000
165	  P	  0.0	  0.1	0.000	0.000	0.000
166	  Y	  0.3	  0.4	0.000	0.000	0.000
167	  S	  0.3	  0.4	7.740	0.000	0.000
168	  D	  0.3	  0.4	8.888	0.000	0.000
169	  K	  0.8	  0.4	8.888	0.000	0.000
170	  L	  1.1	  0.2	8.888	0.000	0.000
171	  R	  1.6	  0.2	8.888	0.000	0.000
172	  Q	  1.1	  0.1	8.888	0.000	0.000
173	  R	  0.9	  0.1	6.081	0.000	0.000
174	  L	  0.5	  0.1	4.463	0.000	0.000
175	  A	  0.4	  0.0	4.078	0.000	0.000
176	  T	  0.8	  0.0	4.470	0.000	0.000
177	  R	  1.1	  0.0	4.626	0.000	0.000
178	  L	  1.1	  0.1	3.876	0.000	0.000
179	  E	  0.7	  0.1	3.586	0.000	0.000
180	  A	  0.5	  0.0	3.307	0.000	0.000
181	  L	  0.3	  0.1	3.150	0.000	0.000
182	  K	  0.4	  0.4	2.605	0.000	0.000
183	  E	  0.2	  0.5	1.053	0.000	0.000
184	  S	  0.1	  0.7	0.428	0.000	0.000
185	  G	  0.0	  0.8	0.000	0.000	0.000
186	  G	  0.0	  0.7	0.000	0.000	0.000
187	  A	  0.5	  0.6	0.000	0.000	0.000
188	  S	  0.7	  0.4	0.812	0.000	0.000
189	  L	  0.7	  0.4	0.812	0.000	0.000
190	  A	  0.3	  0.2	0.812	0.000	0.000
191	  E	  4.1	  0.2	0.812	0.000	0.000
192	  Y	  6.0	  0.2	0.812	0.000	0.000
193	  H	  6.1	  0.2	0.812	0.000	0.000
194	  A	  2.3	  0.2	0.506	0.000	0.000
195	  K	  0.5	  0.2	0.506	0.000	0.000
196	  A	  0.3	  0.2	0.177	0.000	0.000
197	  S	  0.3	  0.2	0.177	0.000	0.000
198	  E	  0.2	  0.2	0.000	0.000	0.000
199	  H	  1.0	  0.2	0.000	0.000	0.000
200	  L	  1.2	  0.2	0.000	0.000	0.000
201	  S	  1.3	  0.1	0.000	0.000	0.000
202	  T	  0.6	  0.1	0.617	0.000	0.000
203	  L	  0.3	  0.2	0.617	0.000	0.000
204	  G	  0.2	  0.2	0.617	0.000	0.000
205	  E	  0.1	  0.2	0.617	0.000	0.000
206	  K	  0.8	  0.2	0.617	0.000	0.000
207	  A	  0.8	  0.1	0.617	0.000	0.000
208	  K	  0.7	  0.0	0.617	0.000	0.000
209	  P	  0.0	  0.0	0.000	0.000	0.000
210	  L	  0.1	  0.0	0.000	0.000	0.000
211	  L	  0.2	  0.3	0.246	0.000	0.000
212	  E	  0.2	  0.3	0.246	0.000	0.000
213	  D	  0.5	  0.3	0.246	0.000	0.000
214	  L	  0.8	  0.4	0.246	0.000	0.000
215	  R	  0.8	  0.3	0.246	0.000	0.000
216	  Q	  0.4	  0.3	0.246	0.000	0.000
217	  G	  0.1	  0.3	0.000	0.000	0.000
218	  L	  0.1	  0.1	0.000	0.000	0.000
219	  L	  0.1	  0.0	0.000	0.000	0.000
220	  P	  0.1	  0.0	0.000	0.000	0.000
221	  V	  1.6	  0.0	0.000	0.000	0.000
222	  L	  1.8	  0.3	0.000	0.000	0.000
223	  E	  2.0	  0.3	0.000	0.000	0.000
224	  S	  2.1	  0.3	0.000	0.000	0.000
225	  F	  3.2	  0.3	0.000	0.000	0.000
226	  K	  3.2	  0.2	0.000	0.000	0.000
227	  A	  2.2	  0.2	0.000	0.181	0.181
228	  S	  1.5	  0.2	0.000	0.397	0.397
229	  F	  2.5	  0.1	0.000	0.700	0.700
230	  L	  2.5	  0.0	0.000	0.700	0.700
231	  S	  2.0	  0.0	0.385	0.700	0.700
232	  A	  1.0	  0.0	0.385	0.700	0.700
233	  L	  0.3	  0.2	0.385	0.700	0.700
234	  E	  0.2	  0.1	0.385	0.000	0.000
235	  E	  2.8	  0.1	0.385	0.000	0.000
236	  Y	  7.3	  0.2	0.385	0.000	0.000
237	  T	  8.2	  0.1	0.000	0.000	0.000
238	  K	  6.1	  0.1	0.000	0.000	0.000
239	  L	  1.9	  0.2	0.000	0.000	0.000
240	  S	  1.1	  0.1	0.000	0.000	0.000
241	  S	  0.6	  0.1	0.000	0.000	0.000
242	  Q	  0.2	  0.1	0.000	0.000	0.000
