res	aa	Beta	Turn	Helix	Aggregation	Conc-Stab_Aggregation
01	  Q	  0.0	  0.0	0.000	0.000	0.000
02	  P	  0.0	  0.2	0.000	0.000	0.000
03	  Q	  0.0	  0.3	0.000	0.000	0.000
04	  T	  0.1	  0.3	0.000	0.000	0.000
05	  G	  0.2	  0.5	0.000	0.000	0.000
06	  M	  0.2	  0.3	0.000	0.000	0.000
07	  D	  0.2	  0.3	0.000	0.000	0.000
08	  E	  2.8	  0.2	0.000	0.000	0.000
09	  F	  6.1	  0.1	0.000	0.000	0.000
10	  T	  7.0	  0.1	0.000	0.000	0.000
11	  S	  4.5	  0.1	0.000	0.000	0.000
12	  T	  2.0	  0.1	0.000	0.000	0.000
13	  L	  1.4	  0.3	0.000	0.000	0.000
14	  L	  2.6	  0.2	0.000	0.000	0.000
15	  D	  2.2	  0.2	0.000	0.000	0.000
16	  Y	  3.6	  0.3	0.000	0.000	0.000
17	  V	  4.2	  0.0	0.000	0.000	0.000
18	  N	  4.0	  0.0	0.000	0.000	0.000
19	  Q	  3.3	  0.0	0.000	0.000	0.000
20	  V	  3.0	  0.1	0.000	0.000	0.000
21	  K	  3.1	  0.1	0.000	0.000	0.000
22	  D	  2.0	  0.2	0.000	0.000	0.000
23	  T	  1.3	  0.4	0.000	0.000	0.000
24	  A	  1.0	  0.4	0.000	0.000	0.000
25	  R	  1.0	  0.3	0.000	0.000	0.000
26	  G	  0.2	  0.3	0.000	0.000	0.000
27	  T	  4.5	  0.1	0.000	0.290	0.290
28	  V	  6.1	  0.0	0.000	0.290	0.290
29	  A	  6.4	  0.0	0.000	0.290	0.290
30	  Q	  3.2	  0.0	0.000	0.290	0.290
31	  I	  1.7	  0.1	0.000	0.290	0.290
32	  D	  1.3	  0.4	0.000	0.000	0.000
33	  N	  0.2	  0.5	0.000	0.000	0.000
34	  S	  0.1	  0.7	0.000	0.000	0.000
35	  E	  0.1	  0.6	0.000	0.000	0.000
36	  L	  0.1	  0.4	0.000	0.000	0.000
37	  G	  0.1	  0.3	0.000	0.000	0.000
38	  T	  1.1	  0.1	0.000	0.000	0.000
39	  Q	  2.0	  0.1	0.000	0.000	0.000
40	  L	  3.6	  0.1	0.000	0.000	0.000
41	  N	  3.3	  0.0	0.000	0.000	0.000
42	  L	  6.8	  0.0	0.000	0.000	0.000
43	  R	  7.6	  0.0	0.000	0.000	0.000
44	  I	  7.1	  0.0	0.000	0.000	0.000
45	  S	  2.8	  0.8	0.000	0.000	0.000
46	  E	  0.4	  0.9	0.000	0.000	0.000
47	  S	  2.8	  1.7	0.372	0.000	0.000
48	  L	  2.7	  1.8	0.372	0.000	0.000
49	  D	  2.7	  1.0	0.651	0.000	0.000
50	  N	  0.2	  1.0	0.651	0.000	0.000
51	  L	  0.4	  0.2	0.651	0.000	0.000
52	  H	  1.1	  0.1	0.651	0.000	0.000
53	  K	  1.5	  0.0	0.467	0.000	0.000
54	  Y	  3.2	  0.1	0.280	0.000	0.000
55	  V	  3.0	  0.1	0.000	0.000	0.000
56	  N	  2.5	  0.1	1.325	0.000	0.000
57	  D	  0.8	  0.8	1.638	0.000	0.000
58	  L	  0.5	  0.8	1.638	0.000	0.000
59	  S	  0.6	  0.8	1.638	0.000	0.000
60	  K	  0.7	  0.7	1.638	0.000	0.000
61	  K	  2.6	  0.1	1.638	0.000	0.000
62	  V	  3.0	  0.1	0.670	0.000	0.000
63	  M	  2.8	  0.0	0.670	0.000	0.000
64	  P	  0.6	  0.0	0.000	0.000	0.000
65	  I	  0.1	  0.2	0.000	0.000	0.000
66	  S	  0.1	  1.0	0.570	0.000	0.000
67	  D	  0.1	  1.1	1.702	0.000	0.000
68	  D	  2.2	  1.1	3.391	0.000	0.000
69	  I	  2.5	  0.9	3.391	0.000	0.000
70	  R	  2.5	  0.1	3.391	0.000	0.000
71	  E	  0.5	  0.1	3.391	0.000	0.000
72	  K	  2.2	  0.1	3.391	0.000	0.000
73	  L	  2.6	  0.1	2.810	0.000	0.000
74	  T	  3.1	  0.2	2.103	0.000	0.000
75	  K	  1.3	  0.2	2.103	0.000	0.000
76	  D	  0.9	  0.6	1.132	0.000	0.000
77	  T	  1.8	  0.7	2.233	0.000	0.000
78	  S	  1.7	  0.5	3.017	0.000	0.000
79	  K	  2.4	  0.5	3.017	0.000	0.000
80	  L	  1.4	  0.1	3.017	0.000	0.000
81	  R	  1.4	  0.1	3.017	0.000	0.000
82	  A	  1.0	  0.0	3.017	0.000	0.000
83	  Q	  1.3	  0.0	2.716	0.000	0.000
84	  I	  1.4	  0.0	1.225	0.000	0.000
85	  Q	  1.2	  0.2	1.225	0.000	0.000
86	  K	  0.4	  0.2	0.642	0.000	0.000
87	  D	  0.4	  0.2	5.637	0.000	0.000
88	  L	  0.4	  0.4	5.448	0.000	0.000
89	  E	  0.3	  0.3	6.583	0.000	0.000
90	  D	  0.2	  0.2	10.306	0.000	0.000
91	  L	  0.5	  0.3	10.306	0.000	0.000
92	  Q	  0.7	  0.0	10.306	0.000	0.000
93	  A	  0.8	  0.1	9.624	0.000	0.000
94	  K	  1.1	  0.1	9.068	0.000	0.000
95	  L	  1.0	  0.0	6.649	0.000	0.000
96	  L	  0.7	  0.0	4.807	0.000	0.000
97	  P	  0.1	  0.0	0.000	0.000	0.000
98	  Y	  0.6	  0.0	0.000	0.000	0.000
99	  A	  0.7	  0.1	0.000	0.000	0.000
100	  K	  0.8	  0.1	0.000	0.000	0.000
101	  E	  1.0	  0.1	0.000	0.000	0.000
102	  F	  3.4	  0.1	0.000	0.000	0.000
103	  R	  3.7	  0.1	0.000	0.000	0.000
104	  Q	  3.3	  0.1	0.000	0.000	0.000
105	  R	  3.5	  0.1	0.000	0.000	0.000
106	  L	  3.0	  0.1	0.000	0.000	0.000
107	  N	  2.7	  0.5	0.000	0.000	0.000
108	  E	  0.1	  0.5	0.000	0.000	0.000
109	  S	  4.1	  0.5	0.580	0.000	0.000
110	  V	  5.0	  0.8	0.580	0.000	0.000
111	  E	  5.0	  0.3	0.580	0.000	0.000
112	  D	  2.2	  0.3	1.721	0.000	0.000
113	  Y	  3.6	  0.4	1.721	0.000	0.000
114	  R	  3.8	  0.1	1.721	0.000	0.000
115	  Q	  3.0	  0.1	1.721	0.000	0.000
116	  K	  1.7	  0.1	1.542	0.000	0.000
117	  L	  1.5	  0.1	1.542	0.000	0.000
118	  V	  1.2	  0.0	0.843	0.000	0.000
119	  P	  0.2	  0.0	0.000	0.000	0.000
120	  M	  0.1	  0.0	0.000	0.000	0.000
121	  A	  0.0	  0.3	0.000	0.000	0.000
122	  E	  0.1	  0.3	0.000	0.000	0.000
123	  N	  0.4	  0.3	0.000	0.000	0.000
124	  L	  0.5	  0.5	0.000	0.000	0.000
125	  K	  0.6	  0.2	0.000	0.000	0.000
126	  D	  0.3	  0.3	0.760	0.000	0.000
127	  Q	  0.4	  0.3	0.760	0.000	0.000
128	  A	  0.9	  0.1	0.760	0.000	0.000
129	  V	  2.4	  0.1	0.760	0.000	0.000
130	  Q	  2.1	  0.1	0.760	0.000	0.000
131	  N	  1.6	  0.3	0.760	0.000	0.000
132	  A	  0.1	  0.5	0.544	0.000	0.000
133	  Q	  0.2	  0.4	0.399	0.000	0.000
134	  D	  0.3	  0.4	0.176	0.000	0.000
135	  L	  0.3	  0.2	0.000	0.000	0.000
136	  H	  0.5	  0.1	0.000	0.000	0.000
137	  E	  0.5	  0.1	0.000	0.000	0.000
138	  K	  4.5	  0.1	0.000	0.000	0.000
139	  M	  4.4	  0.1	0.000	0.000	0.000
140	  T	  4.3	  0.2	0.000	0.000	0.000
141	  P	  0.2	  0.2	0.000	0.000	0.000
142	  Y	  0.3	  0.4	0.000	0.000	0.000
143	  A	  0.3	  0.4	0.000	0.000	0.000
144	  N	  0.4	  0.3	0.313	0.000	0.000
145	  E	  0.9	  0.3	0.313	0.000	0.000
146	  F	  1.6	  0.1	0.313	0.000	0.000
147	  R	  1.5	  0.1	0.313	0.000	0.000
148	  E	  0.8	  0.1	0.313	0.000	0.000
149	  R	  1.8	  0.1	0.313	0.000	0.000
150	  V	  3.3	  0.1	0.313	0.000	0.000
151	  K	  3.4	  0.1	0.313	0.000	0.000
152	  T	  2.4	  0.1	0.148	0.000	0.000
153	  N	  2.2	  0.2	0.148	0.000	0.000
154	  V	 10.8	  0.2	0.148	0.000	0.000
155	  D	 10.2	  0.2	0.148	0.000	0.000
156	  V	 11.3	  0.2	0.334	0.000	0.000
157	  L	  2.7	  0.0	0.334	0.000	0.000
158	  Q	  2.9	  0.1	0.334	0.000	0.000
159	  Q	  0.8	  0.1	0.334	0.000	0.000
160	  K	  2.7	  0.1	0.186	0.000	0.000
161	  L	  4.9	  0.1	0.186	4.163	4.163
162	  T	  5.8	  0.0	0.186	4.163	4.163
163	  L	  4.1	  0.0	0.186	4.163	4.163
164	  Y	  3.3	  0.1	0.186	4.163	4.163
165	  T	  2.5	  0.1	0.000	4.163	4.163
166	  D	  2.7	  0.1	0.000	0.000	0.000
167	  T	  8.8	  0.1	0.000	0.000	0.000
168	  V	  8.8	  0.1	0.000	0.000	0.000
169	  R	  8.3	  0.1	0.000	0.000	0.000
170	  E	  0.6	  0.1	0.000	0.000	0.000
171	  T	  5.5	  0.1	0.000	0.000	0.000
172	  I	  7.3	  0.1	0.000	0.000	0.000
173	  N	  7.6	  0.0	1.042	0.000	0.000
174	  Q	  2.5	  0.1	1.042	0.000	0.000
175	  R	  1.1	  0.1	1.208	0.000	0.000
176	  L	  0.7	  0.2	1.208	0.000	0.000
177	  E	  0.5	  0.2	1.208	0.000	0.000
178	  E	  0.9	  0.1	1.208	0.000	0.000
179	  F	  3.4	  0.2	1.045	0.000	0.000
180	  R	  4.9	  0.2	0.728	0.000	0.000
181	  Q	  4.2	  0.2	0.592	0.000	0.000
182	  N	  1.9	  0.2	0.406	0.000	0.000
183	  A	  0.2	  0.2	0.000	0.000	0.000
184	  S	  0.2	  0.3	0.000	0.000	0.000
185	  P	  0.0	  0.3	0.000	0.000	0.000
186	  Y	  1.0	  0.5	0.000	0.000	0.000
187	  A	  1.0	  0.8	0.000	0.000	0.000
188	  S	  1.0	  0.5	0.000	0.000	0.000
189	  D	  0.3	  0.5	0.000	0.000	0.000
190	  F	  1.4	  0.3	0.000	0.000	0.000
191	  H	  1.7	  0.1	0.000	0.000	0.000
192	  E	  1.6	  0.1	0.000	0.000	0.000
193	  K	  0.9	  0.1	0.000	0.000	0.000
194	  L	  2.3	  0.1	0.000	0.511	0.511
195	  V	  6.6	  0.0	0.000	0.511	0.511
196	  V	  9.4	  0.0	0.000	0.511	0.511
197	  N	  8.2	  0.0	11.251	0.511	0.511
198	  M	  3.9	  0.1	11.778	0.511	0.511
199	  E	  0.6	  0.0	12.690	0.000	0.000
200	  E	  1.3	  0.0	13.493	0.000	0.000
201	  M	  1.5	  0.1	13.493	0.000	0.000
202	  K	  1.6	  0.1	13.493	0.000	0.000
203	  Q	  0.6	  0.1	12.519	0.000	0.000
204	  R	  4.7	  0.1	11.464	0.000	0.000
205	  M	  4.6	  0.0	9.762	0.000	0.000
206	  N	  4.4	  0.3	7.491	0.000	0.000
207	  P	  0.1	  0.3	0.678	0.000	0.000
208	  L	  0.1	  0.3	0.678	0.000	0.000
209	  A	  0.2	  0.3	0.678	0.000	0.000
210	  K	  0.7	  0.1	0.678	0.000	0.000
211	  S	  1.6	  0.1	2.081	0.000	0.000
212	  I	  2.3	  0.1	1.528	0.000	0.000
213	  K	  2.0	  0.1	1.528	0.000	0.000
214	  E	  1.1	  0.1	1.403	0.000	0.000
215	  R	  1.0	  0.1	1.403	0.000	0.000
216	  L	  1.2	  0.1	1.403	0.000	0.000
217	  T	  2.2	  0.0	1.391	0.000	0.000
218	  Q	  2.4	  0.0	1.391	0.000	0.000
219	  L	  2.1	  0.1	0.934	0.000	0.000
220	  T	  1.1	  0.3	1.658	0.000	0.000
221	  E	  0.1	  0.3	1.658	0.000	0.000
222	  N	  0.8	  0.3	8.571	0.000	0.000
223	  L	  0.9	  0.3	8.216	0.000	0.000
224	  R	  1.1	  0.1	8.216	0.000	0.000
225	  T	  1.3	  0.1	7.930	0.000	0.000
226	  K	  1.7	  0.1	7.930	0.000	0.000
227	  L	  1.8	  0.1	7.512	0.000	0.000
228	  S	  1.0	  0.1	5.466	0.000	0.000
229	  S	  0.7	  0.1	2.799	0.000	0.000
230	  M	  0.5	  0.1	0.776	0.000	0.000
231	  W	  1.0	  0.1	0.130	0.000	0.000
232	  E	  0.9	  0.1	0.000	0.000	0.000
233	  S	 21.1	  0.1	0.000	0.000	0.000
234	  F	 22.4	  0.2	0.000	0.000	0.000
235	  S	 23.6	  0.5	0.000	0.000	0.000
236	  Q	  4.7	  0.5	0.000	0.000	0.000
237	  S	  6.8	  0.5	0.000	0.000	0.000
238	  F	  5.4	  0.5	0.000	0.000	0.000
239	  N	  4.5	  0.0	0.000	0.000	0.000
