res	aa	Beta	Turn	Helix	Aggregation	Conc-Stab_Aggregation
01	  D	  0.0	  0.0	0.000	0.000	0.000
02	  E	  0.0	  0.0	0.000	0.000	0.000
03	  P	  0.0	  0.0	0.000	0.000	0.000
04	  Q	  0.1	  0.0	0.000	0.000	0.000
05	  A	  0.1	  0.2	0.000	0.000	0.000
06	  P	  0.1	  0.2	0.000	0.000	0.000
07	  L	  0.0	  0.2	0.000	0.000	0.000
08	  D	  0.0	  0.3	0.322	0.000	0.000
09	  R	  0.4	  0.1	0.322	0.000	0.000
10	  L	  0.5	  0.3	0.322	0.000	0.000
11	  K	  0.6	  0.3	0.322	0.000	0.000
12	  D	  0.4	  0.2	2.551	0.000	0.000
13	  M	  0.5	  0.2	2.551	0.000	0.000
14	  V	 19.2	  0.0	2.350	0.000	0.000
15	  E	 20.6	  0.0	2.350	0.000	0.000
16	  V	 23.4	  0.0	2.350	0.000	0.000
17	  Y	  5.9	  0.0	2.672	0.000	0.000
18	  L	  3.7	  0.1	2.377	0.000	0.000
19	  E	  0.7	  0.1	2.615	0.000	0.000
20	  T	  3.3	  0.1	2.296	0.000	0.000
21	  L	  3.6	  0.1	2.296	0.000	0.000
22	  K	  3.8	  0.4	2.296	0.000	0.000
23	  A	  0.6	  0.7	1.322	0.000	0.000
24	  S	  0.3	  0.9	1.096	0.000	0.000
25	  G	  0.1	  1.2	0.169	0.000	0.000
26	  K	  0.3	  0.8	0.000	0.000	0.000
27	  D	  1.5	  0.5	0.000	0.000	0.000
28	  V	  6.3	  0.3	0.000	0.378	0.378
29	  V	  8.0	  0.1	0.000	0.378	0.378
30	  S	  7.3	  0.1	0.000	0.378	0.378
31	  Q	  4.3	  0.1	0.000	0.378	0.378
32	  F	  3.3	  0.1	0.000	0.378	0.378
33	  D	  2.8	  1.6	0.139	0.000	0.000
34	  S	  1.1	  1.6	0.139	0.000	0.000
35	  S	  0.5	  1.6	0.139	0.000	0.000
36	  A	  0.6	  1.7	0.139	0.000	0.000
37	  V	  0.5	  0.3	0.139	0.000	0.000
38	  G	  0.2	  0.4	0.139	0.000	0.000
39	  K	  0.2	  0.4	0.139	0.000	0.000
40	  Q	  1.0	  0.2	0.000	0.000	0.000
41	  L	  2.1	  0.1	0.000	0.000	0.000
42	  D	  2.2	  0.1	0.000	0.000	0.000
43	  L	  2.9	  0.1	0.000	0.000	0.000
44	  K	  2.3	  0.1	0.000	0.000	0.000
45	  L	  2.1	  0.3	0.000	0.000	0.000
46	  S	  0.6	  1.2	0.000	0.000	0.000
47	  D	  0.1	  1.2	0.000	0.000	0.000
48	  N	  0.3	  1.9	1.292	0.000	0.000
49	  L	  0.5	  1.7	1.292	0.000	0.000
50	  D	  0.5	  0.8	2.540	0.000	0.000
51	  T	  6.1	  0.7	2.861	0.000	0.000
52	  L	  6.6	  0.1	2.861	0.000	0.000
53	  S	  6.6	  0.1	3.518	0.000	0.000
54	  A	  0.9	  0.0	2.958	0.000	0.000
55	  A	  0.2	  0.0	2.813	0.000	0.000
56	  A	  0.4	  0.0	2.257	0.000	0.000
57	  T	  1.4	  0.1	1.733	0.000	0.000
58	  K	  2.1	  0.1	1.733	0.000	0.000
59	  L	  1.9	  0.1	0.592	0.000	0.000
60	  R	  1.0	  0.6	0.160	0.000	0.000
61	  E	  0.1	  0.5	0.160	0.000	0.000
62	  D	  0.2	  0.5	0.160	0.000	0.000
63	  M	  0.1	  0.5	0.000	0.000	0.000
64	  A	  0.1	  0.2	0.000	0.000	0.000
65	  P	  0.1	  0.2	0.000	0.000	0.000
66	  Y	  1.5	  0.2	0.000	0.000	0.000
67	  Y	  2.3	  0.3	0.000	0.000	0.000
68	  K	  2.9	  0.1	0.000	0.000	0.000
69	  E	  3.4	  0.1	0.000	0.000	0.000
70	  V	  3.1	  0.1	0.000	0.000	0.000
71	  R	  2.5	  0.0	0.137	0.000	0.000
72	  E	  0.8	  0.0	0.137	0.000	0.000
73	  M	  1.0	  0.0	0.137	0.000	0.000
74	  W	  1.4	  0.0	0.137	0.000	0.000
75	  L	  1.4	  0.2	0.137	0.000	0.000
76	  K	  1.0	  0.2	0.137	0.000	0.000
77	  D	  0.6	  0.2	0.985	0.000	0.000
78	  T	  0.7	  0.4	3.829	0.000	0.000
79	  E	  0.5	  0.2	3.829	0.000	0.000
80	  S	  2.4	  0.2	3.829	0.000	0.000
81	  L	  2.5	  0.2	3.829	0.000	0.000
82	  R	  2.7	  0.1	3.829	0.000	0.000
83	  Q	  0.7	  0.1	3.688	0.000	0.000
84	  E	  1.0	  0.1	1.883	0.000	0.000
85	  L	  1.3	  0.1	1.056	0.000	0.000
86	  T	  1.6	  0.3	1.024	0.000	0.000
87	  K	  1.0	  0.3	1.024	0.000	0.000
88	  D	  0.7	  0.3	3.239	0.000	0.000
89	  L	  0.2	  0.3	3.342	0.000	0.000
90	  E	  0.2	  0.0	3.706	0.000	0.000
91	  E	 12.5	  0.0	3.812	0.000	0.000
92	  V	 25.5	  0.0	3.812	0.000	0.000
93	  K	 28.7	  0.0	3.812	0.000	0.000
94	  V	 23.4	  0.0	2.949	0.000	0.000
95	  K	 10.7	  0.0	2.949	0.000	0.000
96	  I	  6.6	  0.0	1.499	0.000	0.000
97	  Q	  1.1	  0.0	1.499	0.000	0.000
98	  P	  0.1	  0.0	0.000	0.000	0.000
99	  F	  1.0	  0.1	0.000	0.000	0.000
100	  L	  1.0	  0.2	0.000	0.000	0.000
101	  D	  1.1	  0.2	0.813	0.000	0.000
102	  R	  1.3	  0.2	0.813	0.000	0.000
103	  F	  5.4	  0.1	0.813	0.000	0.000
104	  S	  5.6	  0.0	0.813	0.000	0.000
105	  A	  4.6	  0.0	0.813	0.000	0.000
106	  K	  2.8	  0.0	0.813	0.000	0.000
107	  W	  3.2	  0.0	0.157	0.000	0.000
108	  T	  3.1	  0.3	0.000	0.000	0.000
109	  E	  0.8	  0.3	0.000	0.000	0.000
110	  D	  0.3	  0.3	2.568	0.000	0.000
111	  L	  0.3	  0.5	2.978	0.000	0.000
112	  E	  0.5	  0.2	2.978	0.000	0.000
113	  Q	  2.5	  0.1	2.978	0.000	0.000
114	  Y	  4.8	  0.2	2.978	0.000	0.000
115	  R	  5.1	  0.1	2.978	0.000	0.000
116	  Q	  3.2	  0.1	2.819	0.000	0.000
117	  R	  1.2	  0.1	2.040	0.000	0.000
118	  L	  0.7	  0.1	1.596	0.000	0.000
119	  A	  0.4	  0.0	1.010	0.000	0.000
120	  P	  0.1	  0.0	0.000	0.000	0.000
121	  V	  1.7	  0.0	0.000	0.000	0.000
122	  A	  1.8	  0.2	0.000	0.000	0.000
123	  Q	  1.9	  0.2	0.000	0.000	0.000
124	  D	  0.4	  0.2	1.063	0.000	0.000
125	  L	  0.4	  0.3	1.063	0.000	0.000
126	  K	  0.4	  0.1	1.357	0.000	0.000
127	  E	  0.9	  0.1	1.357	0.000	0.000
128	  L	  1.3	  0.1	1.357	0.000	0.000
129	  T	  2.7	  0.1	2.544	0.000	0.000
130	  K	  2.3	  0.1	2.544	0.000	0.000
131	  Q	  2.0	  0.1	2.133	0.000	0.000
132	  K	  4.8	  0.1	1.325	0.000	0.000
133	  I	  7.4	  0.0	1.187	0.000	0.000
134	  E	  7.2	  0.0	1.187	0.000	0.000
135	  L	  3.3	  0.0	1.187	0.000	0.000
136	  L	  0.3	  0.1	1.187	0.000	0.000
137	  Q	  0.4	  0.1	1.045	0.000	0.000
138	  E	  0.2	  0.1	0.440	0.000	0.000
139	  K	  3.8	  0.1	0.173	0.000	0.000
140	  L	  3.8	  0.1	0.000	0.000	0.000
141	  T	  3.7	  0.0	0.000	0.000	0.000
142	  P	  0.2	  0.0	0.000	0.000	0.000
143	  V	  0.8	  0.0	0.321	0.000	0.000
144	  A	  0.8	  0.1	1.508	0.000	0.000
145	  E	  0.8	  0.1	2.817	0.000	0.000
146	  E	  0.1	  0.1	3.687	0.000	0.000
147	  A	  0.1	  0.3	3.687	0.000	0.000
148	  R	  0.1	  0.2	3.687	0.000	0.000
149	  D	  0.1	  0.3	3.687	0.000	0.000
150	  R	  0.7	  0.3	3.687	0.000	0.000
151	  L	  0.9	  0.3	3.687	0.000	0.000
152	  R	  0.9	  0.2	2.808	0.000	0.000
153	  G	  0.3	  0.2	3.111	0.000	0.000
154	  H	  2.2	  0.2	3.633	0.000	0.000
155	  V	  2.7	  0.0	5.465	0.000	0.000
156	  E	  2.7	  0.1	8.116	0.000	0.000
157	  E	  0.9	  0.1	8.275	0.000	0.000
158	  L	  0.5	  0.1	8.275	0.000	0.000
159	  R	  1.1	  0.3	8.275	0.000	0.000
160	  K	  0.9	  0.2	8.275	0.000	0.000
161	  N	  0.7	  0.2	7.324	0.000	0.000
162	  L	  0.2	  0.2	3.113	0.000	0.000
163	  A	  0.1	  0.1	2.016	0.000	0.000
164	  P	  0.0	  0.1	0.000	0.000	0.000
165	  Y	  0.3	  0.3	0.000	0.000	0.000
166	  S	  0.2	  0.3	12.359	0.000	0.000
167	  D	  0.2	  0.3	19.120	0.000	0.000
168	  E	  0.2	  0.3	20.752	0.000	0.000
169	  L	  0.5	  0.2	20.752	0.000	0.000
170	  R	  0.8	  0.2	20.752	0.000	0.000
171	  Q	  0.8	  0.1	20.752	0.000	0.000
172	  K	  1.0	  0.1	19.208	0.000	0.000
173	  L	  0.9	  0.1	16.528	0.000	0.000
174	  S	  0.8	  0.1	15.533	0.000	0.000
175	  Q	  0.7	  0.1	11.454	0.000	0.000
176	  K	  2.0	  0.1	6.108	0.000	0.000
177	  L	  1.8	  0.1	4.053	0.000	0.000
178	  E	  1.5	  0.1	4.079	0.000	0.000
179	  E	  1.1	  0.0	3.802	0.000	0.000
180	  I	  1.5	  0.1	3.461	0.000	0.000
181	  R	  1.5	  0.2	3.461	0.000	0.000
182	  E	  0.4	  0.5	2.494	0.000	0.000
183	  K	  0.1	  0.5	2.119	0.000	0.000
184	  G	  0.1	  0.5	1.134	0.000	0.000
185	  I	  0.1	  0.3	0.000	0.000	0.000
186	  P	  0.0	  0.0	0.000	0.000	0.000
187	  Q	  0.2	  0.0	0.000	0.000	0.000
188	  A	  0.3	  0.0	0.000	0.000	0.000
189	  T	  0.5	  0.0	0.000	0.000	0.000
190	  E	  1.9	  0.0	0.174	0.000	0.000
191	  Y	  4.6	  0.0	0.174	0.000	0.000
192	  Q	  4.6	  0.0	0.174	0.000	0.000
193	  A	  3.3	  0.1	0.174	0.000	0.000
194	  K	  1.2	  0.1	0.322	0.000	0.000
195	  L	  1.2	  0.0	0.322	0.000	0.000
196	  V	  2.3	  0.1	0.322	0.000	0.000
197	  E	  1.7	  0.1	0.322	0.000	0.000
198	  Q	  2.3	  0.1	0.322	0.000	0.000
199	  L	  1.0	  0.2	0.322	0.000	0.000
200	  S	  0.9	  0.2	0.322	0.000	0.000
201	  N	  0.8	  0.2	0.322	0.000	0.000
202	  L	  0.7	  0.2	0.000	0.000	0.000
203	  R	  0.8	  0.1	0.000	0.000	0.000
204	  E	  0.2	  0.1	0.000	0.000	0.000
205	  K	  9.8	  0.1	0.000	0.000	0.000
206	  V	 10.4	  0.0	0.000	0.000	0.000
207	  T	 10.3	  0.0	0.000	0.000	0.000
208	  P	  0.7	  0.0	0.000	0.000	0.000
209	  L	  0.2	  0.0	0.000	0.000	0.000
210	  L	  0.4	  0.4	0.000	0.000	0.000
211	  Q	  1.0	  0.4	0.000	0.000	0.000
212	  D	  1.3	  0.4	0.159	0.000	0.000
213	  F	  1.9	  0.5	0.159	0.000	0.000
214	  K	  1.5	  0.1	0.159	0.000	0.000
215	  E	  1.1	  0.1	0.159	0.000	0.000
216	  R	  1.6	  0.1	0.159	0.000	0.000
217	  L	  1.5	  0.1	0.159	0.000	0.000
218	  T	  1.5	  0.0	0.150	0.000	0.000
219	  P	  0.2	  0.0	0.150	0.000	0.000
220	  Y	  1.3	  0.0	0.150	0.000	0.000
221	  T	  1.4	  0.1	4.586	0.000	0.000
222	  E	  1.4	  0.1	4.586	0.000	0.000
223	  T	  3.4	  0.1	5.310	0.000	0.000
224	  L	  3.5	  0.2	5.310	0.000	0.000
225	  K	  3.5	  0.2	5.310	0.000	0.000
226	  N	  0.4	  0.2	5.310	0.000	0.000
227	  R	  1.0	  0.2	3.199	0.000	0.000
228	  F	  1.7	  0.0	1.645	49.580	49.580
229	  I	 12.3	  0.0	0.000	49.580	49.580
230	  T	 12.3	  0.0	0.137	49.580	49.580
231	  L	 11.9	  0.0	0.137	49.580	49.580
232	  L	  1.4	  0.1	0.137	49.580	49.580
233	  D	  0.5	  0.2	0.651	0.000	0.000
234	  D	  0.2	  0.2	0.651	0.000	0.000
235	  L	  0.4	  0.2	0.651	0.000	0.000
236	  Q	  0.5	  0.3	0.651	0.000	0.000
237	  K	  0.8	  0.2	0.651	0.000	0.000
238	  N	  0.9	  0.2	0.514	0.000	0.000
239	  V	  0.7	  0.1	0.000	0.000	0.000
240	  A	  0.4	  0.0	0.000	0.000	0.000
