res	aa	Beta	Turn	Helix	Aggregation	Conc-Stab_Aggregation
01	  D	  0.0	  0.0	0.000	0.000	0.000
02	  D	  0.0	  0.6	0.000	0.000	0.000
03	  P	  0.0	  0.7	0.000	0.000	0.000
04	  Q	  0.1	  0.7	0.000	0.000	0.000
05	  S	  0.4	  0.7	0.000	0.000	0.000
06	  S	  6.1	  0.6	0.000	0.000	0.000
07	  W	  6.2	  0.5	0.000	0.000	0.000
08	  D	  6.0	  0.5	0.162	0.000	0.000
09	  R	  1.8	  0.5	0.162	0.000	0.000
10	  V	  2.9	  0.3	0.162	1.175	1.175
11	  K	  2.9	  0.2	0.162	1.397	1.397
12	  D	  1.7	  0.2	1.035	1.397	1.397
13	  F	  1.2	  0.2	1.035	90.452	90.452
14	  V	 19.2	  0.0	0.873	91.567	91.567
15	  T	 23.9	  0.0	0.873	91.549	91.549
16	  V	 26.2	  0.0	0.873	91.549	91.549
17	  Y	  9.7	  0.1	0.873	91.432	91.432
18	  L	  4.1	  0.1	0.637	76.672	76.672
19	  D	  1.1	  0.1	0.779	0.730	0.730
20	  A	  1.0	  0.1	0.648	0.730	0.730
21	  V	  2.5	  0.1	0.540	0.730	0.730
22	  K	  2.5	  0.3	0.540	0.730	0.730
23	  D	  1.7	  1.1	0.142	0.000	0.000
24	  S	  0.2	  1.5	0.142	0.000	0.000
25	  G	  0.1	  1.7	0.000	0.000	0.000
26	  R	  0.4	  1.5	0.000	0.000	0.000
27	  D	  0.7	  0.7	0.000	0.000	0.000
28	  Y	  3.3	  0.3	0.000	0.788	0.788
29	  V	  4.6	  0.0	0.000	0.788	0.788
30	  A	  4.5	  0.0	0.000	0.788	0.788
31	  Q	  9.0	  0.0	0.000	0.788	0.788
32	  F	  9.8	  0.0	0.134	0.788	0.788
33	  E	  9.6	  0.0	0.382	0.000	0.000
34	  A	  2.8	  0.1	0.382	0.000	0.000
35	  S	  0.5	  0.3	1.069	0.000	0.000
36	  A	  0.4	  0.4	1.069	0.000	0.000
37	  L	  0.2	  0.5	1.069	0.000	0.000
38	  G	  0.1	  0.5	1.069	0.000	0.000
39	  K	  0.2	  0.3	0.935	0.000	0.000
40	  Q	  1.1	  0.2	0.686	0.000	0.000
41	  L	  2.8	  0.1	0.446	0.000	0.000
42	  N	  3.0	  0.0	1.267	0.000	0.000
43	  L	  3.6	  0.0	1.114	0.000	0.000
44	  K	  2.2	  0.0	0.977	0.000	0.000
45	  L	  2.2	  0.0	0.821	0.000	0.000
46	  L	  0.8	  0.3	0.821	0.000	0.000
47	  D	  0.6	  0.3	0.821	0.000	0.000
48	  N	  0.8	  0.9	0.357	0.000	0.000
49	  W	  1.2	  1.0	0.000	0.000	0.000
50	  D	  1.2	  0.8	0.000	0.000	0.000
51	  S	  4.8	  1.1	0.000	0.000	0.000
52	  L	  4.4	  0.5	0.000	0.000	0.000
53	  S	  4.7	  0.4	0.000	0.000	0.000
54	  S	  1.1	  0.3	0.000	0.000	0.000
55	  T	 30.6	  0.1	0.000	0.000	0.000
56	  F	 32.1	  0.2	0.000	0.000	0.000
57	  S	 31.7	  0.1	0.000	0.000	0.000
58	  K	  3.3	  0.1	0.000	0.000	0.000
59	  L	  0.6	  0.1	0.000	0.000	0.000
60	  Q	  0.6	  0.1	0.000	0.000	0.000
61	  E	  0.1	  0.1	0.000	0.000	0.000
62	  Q	  0.2	  0.1	0.000	0.000	0.000
63	  L	  0.1	  0.1	0.000	0.000	0.000
64	  G	  0.1	  0.1	0.000	0.000	0.000
65	  P	  0.0	  0.0	0.000	0.000	0.000
66	  V	  4.1	  0.0	0.000	0.000	0.000
67	  T	  4.6	  0.1	0.000	0.000	0.000
68	  Q	  5.0	  0.1	0.000	0.000	0.000
69	  E	  1.4	  0.1	0.000	0.000	0.000
70	  F	  2.1	  0.1	0.000	0.000	0.000
71	  W	  1.9	  0.1	0.000	0.000	0.000
72	  D	  1.5	  0.1	0.232	0.000	0.000
73	  R	  2.6	  0.1	0.232	0.000	0.000
74	  V	  3.6	  0.1	0.232	0.000	0.000
75	  E	  3.7	  0.1	0.232	0.000	0.000
76	  K	  1.6	  0.1	0.232	0.000	0.000
77	  E	  0.4	  0.1	0.232	0.000	0.000
78	  T	  0.4	  0.2	2.374	0.000	0.000
79	  E	  0.2	  0.2	2.374	0.000	0.000
80	  T	  2.7	  0.1	2.374	0.000	0.000
81	  L	  3.0	  0.1	2.374	0.000	0.000
82	  R	  3.2	  0.1	2.374	0.000	0.000
83	  Q	  0.7	  0.1	2.374	0.000	0.000
84	  E	  1.4	  0.1	1.303	0.000	0.000
85	  M	  1.3	  0.1	0.739	0.000	0.000
86	  N	  1.3	  0.9	0.909	0.000	0.000
87	  K	  0.2	  0.9	0.669	0.000	0.000
88	  D	  0.3	  0.9	4.809	0.000	0.000
89	  L	  0.3	  0.9	5.083	0.000	0.000
90	  E	  0.3	  0.1	5.383	0.000	0.000
91	  E	 13.5	  0.0	5.529	0.000	0.000
92	  V	 15.4	  0.1	5.386	0.000	0.000
93	  K	 15.6	  0.0	5.386	0.000	0.000
94	  Q	  3.0	  0.0	4.295	0.000	0.000
95	  K	  3.6	  0.0	3.447	0.000	0.000
96	  V	  3.7	  0.0	1.382	0.000	0.000
97	  Q	  3.2	  0.0	1.382	0.000	0.000
98	  P	  0.4	  0.0	0.000	0.000	0.000
99	  Y	  0.6	  0.0	0.000	0.000	0.000
100	  L	  0.6	  0.5	0.000	0.000	0.000
101	  E	  0.7	  0.5	1.526	0.000	0.000
102	  D	  0.6	  0.5	23.318	0.000	0.000
103	  F	  2.1	  0.5	23.318	0.000	0.000
104	  Q	  2.2	  0.0	23.318	0.000	0.000
105	  K	  1.8	  0.0	23.318	0.000	0.000
106	  K	  0.8	  0.0	23.318	0.000	0.000
107	  W	  1.1	  0.0	23.304	0.000	0.000
108	  Q	  1.2	  0.1	22.485	0.000	0.000
109	  E	  0.6	  0.1	19.557	0.000	0.000
110	  E	  0.2	  0.1	18.442	0.000	0.000
111	  M	  1.6	  0.0	17.276	0.000	0.000
112	  E	  2.1	  0.0	16.177	0.000	0.000
113	  I	  3.2	  0.0	15.119	0.000	0.000
114	  Y	  3.6	  0.0	15.119	0.000	0.000
115	  R	  3.4	  0.1	11.803	0.000	0.000
116	  Q	  2.7	  0.1	9.963	0.000	0.000
117	  K	  5.3	  0.1	3.445	0.000	0.000
118	  V	  5.5	  0.0	0.803	0.000	0.000
119	  A	  5.0	  0.4	0.681	0.000	0.000
120	  P	  0.5	  0.4	0.000	0.000	0.000
121	  L	  0.0	  0.4	0.000	0.000	0.000
122	  G	  0.0	  0.4	0.527	0.000	0.000
123	  A	  0.1	  0.1	0.527	0.000	0.000
124	  E	  0.4	  0.1	0.527	0.000	0.000
125	  L	  0.4	  0.1	0.527	0.000	0.000
126	  R	  0.4	  0.6	1.614	0.000	0.000
127	  E	  0.1	  0.6	1.614	0.000	0.000
128	  D	  0.2	  0.8	4.348	0.000	0.000
129	  A	  0.3	  0.8	4.148	0.000	0.000
130	  R	  0.6	  0.3	4.148	0.000	0.000
131	  Q	  0.9	  0.2	4.148	0.000	0.000
132	  K	  1.4	  0.1	3.643	0.000	0.000
133	  M	  1.2	  0.1	3.292	0.000	0.000
134	  Q	  0.9	  0.1	2.351	0.000	0.000
135	  E	  0.5	  0.1	1.973	0.000	0.000
136	  L	  0.5	  0.1	1.805	0.000	0.000
137	  Q	  0.6	  0.1	1.548	0.000	0.000
138	  E	  0.3	  0.1	1.113	0.000	0.000
139	  K	  1.2	  0.1	0.858	0.000	0.000
140	  L	  1.2	  0.1	0.531	0.000	0.000
141	  S	  1.1	  0.2	0.520	0.000	0.000
142	  P	  0.1	  0.2	0.180	0.000	0.000
143	  L	  0.0	  0.2	0.180	0.000	0.000
144	  A	  0.0	  0.3	0.864	0.000	0.000
145	  E	  0.1	  0.1	1.462	0.000	0.000
146	  E	  2.0	  0.1	1.800	0.000	0.000
147	  V	  2.9	  0.1	1.620	0.000	0.000
148	  R	  2.9	  0.1	1.778	0.000	0.000
149	  D	  0.9	  0.2	2.463	0.000	0.000
150	  R	  0.2	  0.2	2.463	0.000	0.000
151	  A	  0.2	  0.1	2.463	0.000	0.000
152	  R	  0.4	  0.1	2.463	0.000	0.000
153	  A	  0.6	  0.0	1.782	0.000	0.000
154	  H	  2.7	  0.0	2.441	0.000	0.000
155	  V	  4.3	  0.0	2.152	0.000	0.000
156	  E	  3.9	  0.0	3.151	0.000	0.000
157	  A	  2.1	  0.0	3.151	0.000	0.000
158	  L	  2.0	  0.0	3.151	0.000	0.000
159	  R	  2.4	  0.0	3.021	0.000	0.000
160	  L	  3.8	  0.0	3.021	0.000	0.000
161	  Q	  2.5	  0.0	2.597	0.000	0.000
162	  L	  2.1	  0.0	1.251	0.000	0.000
163	  A	  0.4	  0.1	0.944	0.000	0.000
164	  P	  0.0	  0.1	0.000	0.000	0.000
165	  Y	  0.2	  0.3	0.000	0.000	0.000
166	  S	  0.2	  1.1	11.877	0.000	0.000
167	  D	  0.2	  1.1	21.730	0.000	0.000
168	  D	  0.3	  1.1	31.906	0.000	0.000
169	  L	  0.5	  0.9	31.906	0.000	0.000
170	  R	  0.9	  0.1	31.906	0.000	0.000
171	  Q	  0.8	  0.1	31.906	0.000	0.000
172	  R	  0.7	  0.1	31.243	0.000	0.000
173	  L	  0.4	  0.0	30.468	0.000	0.000
174	  A	  0.2	  0.0	29.172	0.000	0.000
175	  A	  0.3	  0.0	26.373	0.000	0.000
176	  R	  1.3	  0.0	20.139	0.000	0.000
177	  F	  3.1	  0.1	12.062	0.000	0.000
178	  E	  3.0	  0.1	7.153	0.000	0.000
179	  A	  2.1	  0.1	5.682	0.000	0.000
180	  L	  0.3	  0.2	5.055	0.000	0.000
181	  K	  0.3	  0.3	4.042	0.000	0.000
182	  E	  0.1	  0.6	2.234	0.000	0.000
183	  G	  0.0	  0.7	1.008	0.000	0.000
184	  G	  0.0	  0.8	0.309	0.000	0.000
185	  G	  0.0	  0.7	0.000	0.000	0.000
186	  A	  0.5	  0.6	0.000	0.000	0.000
187	  S	  0.7	  0.4	0.329	0.000	0.000
188	  L	  0.7	  1.0	0.329	0.000	0.000
189	  A	  0.3	  0.8	0.329	0.000	0.000
190	  D	  0.3	  0.7	1.119	0.000	0.000
191	  Y	  2.2	  0.7	1.119	0.000	0.000
192	  H	  2.4	  0.2	1.567	0.000	0.000
193	  A	  2.3	  0.2	1.559	0.000	0.000
194	  K	  0.5	  0.2	1.559	0.000	0.000
195	  A	  0.3	  0.2	1.406	0.000	0.000
196	  A	  0.2	  0.1	1.406	0.000	0.000
197	  E	  0.1	  0.1	1.406	0.000	0.000
198	  Q	  1.2	  0.1	1.027	0.000	0.000
199	  L	  1.2	  0.1	0.172	0.000	0.000
200	  K	  1.3	  0.2	0.172	0.000	0.000
201	  E	  0.2	  0.2	0.000	0.000	0.000
202	  L	  0.1	  0.2	0.000	0.000	0.000
203	  G	  0.0	  0.3	0.000	0.000	0.000
204	  E	  0.1	  0.2	0.000	0.000	0.000
205	  K	  0.5	  0.2	0.000	0.000	0.000
206	  A	  0.5	  0.1	0.000	0.000	0.000
207	  R	  0.4	  0.0	0.000	0.000	0.000
208	  P	  0.0	  0.0	0.000	0.000	0.000
209	  A	  0.1	  0.0	0.000	0.000	0.000
210	  L	  0.2	  0.3	0.000	0.000	0.000
211	  E	  0.2	  0.3	0.000	0.000	0.000
212	  D	  0.5	  0.3	0.000	0.000	0.000
213	  L	  0.8	  0.4	0.000	0.000	0.000
214	  R	  0.8	  0.3	0.000	0.000	0.000
215	  Q	  0.4	  0.3	0.000	0.000	0.000
216	  G	  0.1	  0.3	0.000	0.000	0.000
217	  L	  0.1	  0.1	0.000	0.000	0.000
218	  L	  0.1	  0.0	0.000	0.000	0.000
219	  P	  0.1	  0.0	0.000	0.000	0.000
220	  V	  1.7	  0.0	0.000	0.000	0.000
221	  L	  1.8	  0.1	0.000	0.000	0.000
222	  E	  1.8	  0.1	0.000	0.000	0.000
223	  S	  0.8	  0.1	0.484	0.000	0.000
224	  L	  0.8	  0.2	0.484	0.000	0.000
225	  K	  1.0	  0.1	0.484	0.000	0.000
226	  T	  0.9	  0.1	0.484	1.777	1.777
227	  S	  1.0	  0.1	0.484	4.822	4.822
228	  I	  1.8	  0.0	0.484	8.286	8.286
229	  L	  1.5	  0.0	0.484	8.286	8.286
230	  A	  1.3	  0.0	0.484	8.286	8.286
231	  A	  0.5	  0.0	0.484	8.286	8.286
232	  I	  0.7	  0.0	0.343	7.363	7.363
233	  E	  0.5	  0.1	1.219	0.000	0.000
234	  E	  0.5	  0.1	1.229	0.000	0.000
235	  A	  0.5	  0.1	1.229	0.000	0.000
236	  S	  0.6	  0.2	1.229	0.000	0.000
237	  K	  0.5	  0.2	1.229	0.000	0.000
238	  K	  1.7	  0.2	1.229	0.000	0.000
239	  L	  1.6	  0.1	0.678	0.000	0.000
240	  N	  1.5	  0.0	0.474	0.000	0.000
241	  P	  0.1	  0.0	0.000	0.000	0.000
242	  Q	  0.0	  0.0	0.000	0.000	0.000
