res	aa	Beta	Turn	Helix	Aggregation	Conc-Stab_Aggregation
01	  D	  0.0	  0.0	0.000	0.000	0.000
02	  E	  0.0	  0.0	0.000	0.000	0.000
03	  P	  0.0	  0.0	0.000	0.000	0.000
04	  Q	  0.0	  0.0	0.000	0.000	0.000
05	  S	  0.0	  0.3	0.171	0.000	0.000
06	  P	  0.0	  0.3	0.171	0.000	0.000
07	  W	  0.2	  0.3	0.171	0.000	0.000
08	  D	  0.3	  0.3	0.171	0.000	0.000
09	  R	  1.9	  0.1	0.171	0.000	0.000
10	  V	  3.3	  0.2	0.171	0.431	0.431
11	  K	  3.3	  0.1	0.171	0.523	0.523
12	  D	  1.7	  0.1	2.973	0.523	0.523
13	  L	  0.1	  0.1	2.973	40.753	40.753
14	  A	  0.8	  0.0	2.973	41.998	41.998
15	  T	  6.8	  0.0	2.973	41.998	41.998
16	  V	 12.7	  0.0	2.973	41.998	41.998
17	  Y	 13.4	  0.0	2.973	41.998	41.998
18	  V	  8.2	  0.1	1.237	38.755	38.755
19	  D	  2.1	  0.1	1.429	0.324	0.324
20	  A	  1.2	  0.1	1.151	0.324	0.324
21	  I	  0.8	  0.1	1.151	0.324	0.324
22	  K	  0.8	  0.3	1.151	0.324	0.324
23	  D	  0.3	  1.1	0.485	0.000	0.000
24	  S	  0.2	  1.5	0.336	0.000	0.000
25	  G	  0.1	  1.7	0.000	0.000	0.000
26	  R	  0.4	  1.5	0.000	0.000	0.000
27	  D	  0.7	  0.7	0.000	0.000	0.000
28	  Y	  2.3	  0.3	0.000	0.000	0.000
29	  V	  3.9	  0.1	0.000	0.000	0.000
30	  S	  4.0	  0.1	1.028	0.000	0.000
31	  Q	  9.4	  0.1	1.028	0.000	0.000
32	  F	  9.9	  0.1	1.161	0.000	0.000
33	  E	  9.6	  0.0	1.405	0.000	0.000
34	  A	  2.8	  0.1	1.405	0.000	0.000
35	  S	  0.5	  0.3	2.085	0.000	0.000
36	  A	  0.4	  0.4	1.837	0.000	0.000
37	  L	  0.2	  0.5	1.837	0.000	0.000
38	  G	  0.1	  0.5	1.704	0.000	0.000
39	  K	  0.2	  0.3	1.132	0.000	0.000
40	  Q	  1.1	  0.2	0.679	0.000	0.000
41	  L	  2.8	  0.1	0.441	0.000	0.000
42	  N	  3.0	  0.0	1.262	0.000	0.000
43	  L	  3.6	  0.0	1.111	0.000	0.000
44	  K	  2.2	  0.0	0.975	0.000	0.000
45	  L	  2.2	  0.0	0.821	0.000	0.000
46	  L	  0.8	  0.3	0.821	0.000	0.000
47	  D	  0.6	  0.3	0.821	0.000	0.000
48	  N	  0.8	  0.9	0.357	0.000	0.000
49	  W	  1.3	  1.1	0.000	0.000	0.000
50	  D	  1.2	  0.8	0.106	0.000	0.000
51	  S	  2.0	  0.8	0.224	0.000	0.000
52	  L	  1.7	  0.2	0.224	0.338	0.338
53	  T	  4.2	  0.1	0.224	0.338	0.338
54	  T	  4.3	  0.0	0.224	0.338	0.338
55	  S	 24.6	  0.0	0.224	0.338	0.338
56	  F	 24.1	  0.1	0.118	0.338	0.338
57	  S	 22.8	  0.1	0.493	0.000	0.000
58	  K	  3.3	  0.1	0.493	0.000	0.000
59	  L	  0.8	  0.2	0.493	0.000	0.000
60	  R	  0.7	  0.1	0.493	0.000	0.000
61	  E	  0.1	  0.1	0.493	0.000	0.000
62	  Q	  0.1	  0.1	0.493	0.000	0.000
63	  L	  0.1	  0.1	0.201	0.000	0.000
64	  G	  0.1	  0.1	0.201	0.000	0.000
65	  P	  0.0	  0.0	0.000	0.000	0.000
66	  V	  4.1	  0.0	0.000	0.000	0.000
67	  T	  4.6	  0.1	0.000	0.000	0.000
68	  Q	  5.0	  0.1	0.000	0.000	0.000
69	  E	  1.4	  0.1	0.000	0.000	0.000
70	  F	  2.1	  0.1	0.000	0.000	0.000
71	  W	  2.0	  0.4	0.000	0.000	0.000
72	  D	  1.5	  0.5	0.155	0.000	0.000
73	  N	  0.8	  0.5	0.402	0.000	0.000
74	  L	  0.6	  0.4	0.402	0.000	0.000
75	  E	  0.8	  0.1	0.560	0.000	0.000
76	  K	  0.5	  0.1	1.181	0.000	0.000
77	  E	  0.4	  0.1	1.451	0.000	0.000
78	  T	  0.3	  0.1	9.704	0.000	0.000
79	  E	  0.1	  0.1	9.836	0.000	0.000
80	  A	  0.4	  0.0	9.836	0.000	0.000
81	  L	  0.6	  0.1	9.836	0.000	0.000
82	  R	  0.9	  0.1	9.836	0.000	0.000
83	  Q	  0.7	  0.1	9.644	0.000	0.000
84	  E	  1.4	  0.1	4.059	0.000	0.000
85	  M	  1.3	  0.0	2.319	0.000	0.000
86	  N	  1.2	  0.9	1.605	0.000	0.000
87	  K	  0.4	  0.9	0.919	0.000	0.000
88	  D	  2.8	  0.9	2.592	0.000	0.000
89	  V	  3.4	  0.9	2.510	0.000	0.000
90	  E	  3.1	  0.0	2.639	0.000	0.000
91	  E	  2.1	  0.0	2.639	0.000	0.000
92	  M	  1.7	  0.1	2.639	0.000	0.000
93	  K	  2.5	  0.1	2.639	0.000	0.000
94	  T	  3.0	  0.1	1.666	0.000	0.000
95	  K	  6.1	  0.1	1.666	0.000	0.000
96	  V	  5.7	  0.0	0.518	0.000	0.000
97	  Q	  3.8	  0.0	0.518	0.000	0.000
98	  P	  0.4	  0.0	0.000	0.000	0.000
99	  Y	  0.9	  0.1	0.000	0.000	0.000
100	  L	  0.9	  0.2	0.000	0.000	0.000
101	  D	  1.0	  0.2	9.158	0.000	0.000
102	  E	  1.5	  0.2	10.121	0.000	0.000
103	  F	  3.3	  0.1	10.121	0.000	0.000
104	  Q	  3.5	  0.0	10.121	0.000	0.000
105	  K	  2.1	  0.0	10.121	0.000	0.000
106	  K	  0.9	  0.0	10.121	0.000	0.000
107	  W	  1.3	  0.0	9.104	0.000	0.000
108	  Q	  1.3	  0.1	8.589	0.000	0.000
109	  E	  0.7	  0.1	6.402	0.000	0.000
110	  E	  2.2	  0.1	5.549	0.000	0.000
111	  V	  6.6	  0.1	4.727	0.000	0.000
112	  E	  6.7	  0.0	4.727	0.000	0.000
113	  L	  4.8	  0.0	4.349	0.000	0.000
114	  Y	  2.2	  0.1	4.050	0.000	0.000
115	  R	  2.3	  0.1	2.480	0.000	0.000
116	  Q	  2.7	  0.1	1.965	0.000	0.000
117	  K	 17.2	  0.1	0.517	0.000	0.000
118	  V	 17.6	  0.0	0.103	0.000	0.000
119	  E	 17.1	  0.2	0.103	0.000	0.000
120	  P	  0.8	  0.3	0.000	0.000	0.000
121	  L	  0.0	  0.5	0.000	0.000	0.000
122	  G	  0.0	  0.6	0.158	0.000	0.000
123	  S	  0.1	  0.5	0.334	0.000	0.000
124	  E	  0.3	  0.4	0.334	0.000	0.000
125	  L	  0.3	  0.3	0.334	0.000	0.000
126	  R	  0.3	  0.5	0.727	0.000	0.000
127	  E	  0.1	  0.7	0.727	0.000	0.000
128	  G	  0.0	  0.7	3.284	0.000	0.000
129	  A	  0.2	  0.6	3.108	0.000	0.000
130	  R	  0.5	  0.3	3.108	0.000	0.000
131	  Q	  0.9	  0.1	3.108	0.000	0.000
132	  K	  1.3	  0.1	3.108	0.000	0.000
133	  L	  1.0	  0.1	2.715	0.000	0.000
134	  Q	  0.8	  0.1	2.435	0.000	0.000
135	  E	  0.5	  0.1	2.061	0.000	0.000
136	  L	  0.5	  0.1	1.794	0.000	0.000
137	  Q	  0.6	  0.1	1.587	0.000	0.000
138	  E	  0.3	  0.1	1.120	0.000	0.000
139	  K	  1.2	  0.1	0.857	0.000	0.000
140	  L	  1.2	  0.1	0.524	0.000	0.000
141	  S	  1.1	  0.6	0.334	0.000	0.000
142	  P	  0.1	  0.6	0.000	0.000	0.000
143	  L	  0.0	  0.7	0.000	0.000	0.000
144	  G	  0.0	  0.8	2.958	0.000	0.000
145	  E	  0.0	  0.2	3.213	0.000	0.000
146	  E	  0.3	  0.2	3.632	0.000	0.000
147	  L	  0.5	  0.3	3.632	0.000	0.000
148	  R	  0.5	  0.2	3.632	0.000	0.000
149	  D	  0.2	  0.3	3.632	0.000	0.000
150	  R	  0.2	  0.3	3.182	0.000	0.000
151	  A	  0.2	  0.1	2.838	0.000	0.000
152	  R	  0.6	  0.1	2.095	0.000	0.000
153	  T	  2.3	  0.1	0.234	0.000	0.000
154	  H	  3.8	  0.2	0.234	0.000	0.000
155	  V	  4.6	  0.2	0.000	0.000	0.000
156	  D	  2.7	  0.2	0.176	0.000	0.000
157	  S	  3.3	  0.2	0.950	0.000	0.000
158	  L	  2.3	  0.2	0.950	0.000	0.000
159	  R	  2.6	  0.2	0.950	0.000	0.000
160	  T	  1.6	  0.1	0.950	0.000	0.000
161	  Q	  1.7	  0.1	0.950	0.000	0.000
162	  L	  1.4	  0.1	0.774	0.000	0.000
163	  A	  0.4	  0.1	0.414	0.000	0.000
164	  P	  0.0	  0.1	0.104	0.000	0.000
165	  Y	  0.5	  0.1	0.628	0.000	0.000
166	  S	  0.5	  0.2	29.003	0.000	0.000
167	  E	  0.5	  0.1	31.406	0.000	0.000
168	  E	  0.2	  0.1	34.164	0.000	0.000
169	  L	  0.4	  0.1	34.164	0.000	0.000
170	  R	  0.8	  0.1	34.164	0.000	0.000
171	  Q	  0.8	  0.1	34.164	0.000	0.000
172	  R	  0.7	  0.1	31.660	0.000	0.000
173	  L	  0.4	  0.0	30.020	0.000	0.000
174	  A	  0.3	  0.1	28.191	0.000	0.000
175	  S	  0.3	  0.1	25.471	0.000	0.000
176	  R	  0.5	  0.1	14.982	0.000	0.000
177	  L	  0.5	  0.1	10.866	0.000	0.000
178	  E	  0.5	  0.0	10.122	0.000	0.000
179	  A	  0.4	  0.0	8.712	0.000	0.000
180	  L	  0.3	  0.1	8.081	0.000	0.000
181	  K	  0.3	  0.3	6.651	0.000	0.000
182	  E	  0.1	  0.4	3.036	0.000	0.000
183	  S	  0.1	  0.6	1.280	0.000	0.000
184	  G	  0.0	  0.8	0.178	0.000	0.000
185	  G	  0.0	  0.7	0.000	0.000	0.000
186	  A	  0.5	  0.6	0.000	0.000	0.000
187	  S	  0.7	  0.4	0.333	0.000	0.000
188	  L	  0.7	  1.0	0.333	0.000	0.000
189	  A	  0.3	  0.8	0.333	0.000	0.000
190	  D	  0.3	  0.7	0.497	0.000	0.000
191	  Y	  2.2	  0.7	0.497	0.000	0.000
192	  H	  2.5	  0.2	0.497	0.000	0.000
193	  A	  2.3	  0.2	0.320	0.000	0.000
194	  K	  0.6	  0.2	0.320	0.000	0.000
195	  A	  0.3	  0.2	0.165	0.000	0.000
196	  S	  0.2	  0.2	0.165	0.000	0.000
197	  E	  0.1	  0.2	0.000	0.000	0.000
198	  Q	  0.9	  0.2	0.000	0.000	0.000
199	  L	  1.6	  0.2	0.000	0.000	0.000
200	  S	  1.8	  0.0	0.200	0.000	0.000
201	  A	  1.2	  0.0	0.200	0.000	0.000
202	  L	  0.5	  0.1	0.200	0.000	0.000
203	  S	  0.4	  0.2	0.200	0.000	0.000
204	  E	  0.2	  0.2	0.200	0.000	0.000
205	  K	  0.8	  0.2	0.200	0.000	0.000
206	  A	  0.8	  0.1	0.000	0.000	0.000
207	  K	  0.7	  0.0	0.000	0.000	0.000
208	  P	  0.0	  0.0	0.000	0.000	0.000
209	  A	  0.1	  0.0	0.000	0.000	0.000
210	  L	  0.2	  0.3	0.000	0.000	0.000
211	  E	  0.2	  0.3	0.000	0.000	0.000
212	  D	  0.5	  0.3	0.000	0.000	0.000
213	  L	  0.8	  0.4	0.000	0.000	0.000
214	  R	  0.8	  0.3	0.000	0.000	0.000
215	  Q	  0.4	  0.3	0.000	0.000	0.000
216	  G	  0.1	  0.3	0.000	0.000	0.000
217	  L	  0.1	  0.1	0.000	0.000	0.000
218	  L	  0.1	  0.0	0.000	0.000	0.000
219	  P	  0.1	  0.0	0.000	0.000	0.000
220	  V	  1.6	  0.0	0.000	0.250	0.250
221	  L	  1.7	  0.3	0.000	0.250	0.250
222	  E	  1.9	  0.3	0.000	0.250	0.250
223	  S	  2.0	  0.3	0.000	0.250	0.250
224	  F	  4.6	  0.3	0.000	0.250	0.250
225	  K	  5.7	  0.0	0.000	0.250	0.250
226	  V	  8.8	  0.0	0.000	1.804	1.804
227	  S	  6.3	  0.0	0.404	1.804	1.804
228	  L	  5.5	  0.0	0.404	1.804	1.804
229	  L	  1.4	  0.0	0.404	1.804	1.804
230	  S	  1.3	  0.0	1.602	1.553	1.553
231	  A	  0.9	  0.0	1.602	1.553	1.553
232	  L	  0.3	  0.1	1.785	1.054	1.054
233	  E	  0.1	  0.1	2.866	0.000	0.000
234	  E	  0.2	  0.1	2.725	0.000	0.000
235	  A	  0.5	  0.1	2.596	0.000	0.000
236	  S	  0.6	  0.2	2.553	0.000	0.000
237	  K	  0.5	  0.2	2.306	0.000	0.000
238	  K	  1.1	  0.2	2.041	0.000	0.000
239	  L	  1.3	  0.1	0.915	0.000	0.000
240	  N	  1.3	  0.0	0.487	0.000	0.000
241	  A	  0.4	  0.0	0.319	0.000	0.000
242	  Q	  0.1	  0.0	0.000	0.000	0.000
