res	aa	Beta	Turn	Helix	Aggregation	Conc-Stab_Aggregation
01	  D	  0.0	  0.0	0.000	0.000	0.000
02	  D	  0.0	  0.6	0.000	0.000	0.000
03	  P	  0.0	  0.6	0.000	0.000	0.000
04	  Q	  0.0	  0.6	0.000	0.000	0.000
05	  S	  0.0	  0.9	0.173	0.000	0.000
06	  P	  0.0	  0.3	0.173	0.000	0.000
07	  W	  0.2	  0.3	0.173	0.000	0.000
08	  D	  0.3	  0.3	0.393	0.000	0.000
09	  R	  2.0	  0.1	0.393	0.000	0.000
10	  V	  3.4	  0.4	0.393	0.443	0.443
11	  K	  3.4	  0.3	0.393	0.538	0.538
12	  D	  1.8	  0.3	1.130	0.538	0.538
13	  F	  0.6	  0.5	1.130	41.976	41.976
14	  A	  0.9	  0.2	0.910	42.548	42.548
15	  T	  2.1	  0.2	0.910	42.548	42.548
16	  L	  2.6	  0.2	0.910	42.548	42.548
17	  Y	  3.6	  0.1	0.910	42.548	42.548
18	  V	  3.0	  0.1	0.236	39.211	39.211
19	  D	  2.3	  0.1	0.236	0.372	0.372
20	  A	  1.5	  0.1	0.236	0.372	0.372
21	  V	  2.5	  0.1	0.236	0.372	0.372
22	  K	  2.8	  0.2	0.236	0.372	0.372
23	  D	  2.0	  0.6	0.000	0.000	0.000
24	  T	  0.4	  0.8	0.000	0.000	0.000
25	  G	  0.1	  1.0	0.000	0.000	0.000
26	  R	  0.4	  0.9	0.000	0.000	0.000
27	  D	  0.7	  0.5	0.000	0.000	0.000
28	  Y	  2.4	  0.3	0.000	0.000	0.000
29	  V	  4.0	  0.1	0.000	0.000	0.000
30	  S	  4.2	  0.1	0.000	0.000	0.000
31	  Q	  9.6	  0.1	0.000	0.000	0.000
32	  F	  9.0	  0.2	0.000	0.000	0.000
33	  E	  8.6	  0.2	0.000	0.000	0.000
34	  S	  1.6	  0.2	0.420	0.000	0.000
35	  S	  0.3	  0.5	1.113	0.000	0.000
36	  A	  0.3	  0.5	1.113	0.000	0.000
37	  L	  0.2	  0.5	1.113	0.000	0.000
38	  G	  0.1	  0.5	1.113	0.000	0.000
39	  K	  0.2	  0.3	1.113	0.000	0.000
40	  Q	  1.1	  0.2	0.694	0.000	0.000
41	  L	  2.8	  0.1	0.450	0.000	0.000
42	  N	  3.0	  0.0	1.274	0.000	0.000
43	  L	  3.6	  0.0	1.119	0.000	0.000
44	  K	  2.2	  0.0	0.981	0.000	0.000
45	  L	  2.2	  0.0	0.823	0.000	0.000
46	  L	  0.8	  0.3	0.823	0.000	0.000
47	  D	  0.6	  0.3	0.823	0.000	0.000
48	  N	  0.8	  0.8	0.505	0.000	0.000
49	  W	  1.1	  0.9	0.147	0.000	0.000
50	  D	  1.1	  0.7	0.147	0.000	0.000
51	  T	  0.6	  0.8	0.147	0.000	0.000
52	  L	  0.2	  0.8	0.147	0.000	0.000
53	  G	  0.2	  0.8	0.147	0.000	0.000
54	  S	  0.2	  0.7	0.000	0.000	0.000
55	  S	  6.5	  0.7	0.141	0.000	0.000
56	  I	  7.2	  0.3	0.141	0.000	0.000
57	  S	  7.2	  0.2	0.763	0.000	0.000
58	  K	  1.7	  0.2	0.763	0.000	0.000
59	  L	  1.0	  0.1	0.763	0.000	0.000
60	  R	  0.9	  0.2	0.763	0.000	0.000
61	  E	  0.1	  0.1	0.763	0.000	0.000
62	  Q	  0.1	  0.1	0.763	0.000	0.000
63	  L	  0.1	  0.1	0.393	0.000	0.000
64	  G	  0.1	  0.1	0.393	0.000	0.000
65	  P	  0.0	  0.0	0.000	0.000	0.000
66	  V	  4.1	  0.0	0.000	0.000	0.000
67	  T	  4.6	  0.1	0.000	0.000	0.000
68	  Q	  5.0	  0.1	0.000	0.000	0.000
69	  E	  1.4	  0.1	0.000	0.000	0.000
70	  F	  2.1	  0.1	0.000	0.000	0.000
71	  W	  2.0	  0.4	0.000	0.000	0.000
72	  D	  1.5	  0.5	0.000	0.000	0.000
73	  N	  0.8	  0.5	0.000	0.000	0.000
74	  L	  0.7	  0.4	0.000	0.000	0.000
75	  E	  0.9	  0.2	0.000	0.000	0.000
76	  K	  0.7	  0.2	0.000	0.000	0.000
77	  D	  0.7	  0.2	1.067	0.000	0.000
78	  T	  0.7	  0.1	4.932	0.000	0.000
79	  E	  0.4	  0.0	4.932	0.000	0.000
80	  W	  1.0	  0.0	4.932	0.000	0.000
81	  L	  1.1	  0.0	4.932	0.000	0.000
82	  R	  1.3	  0.1	4.932	0.000	0.000
83	  Q	  0.7	  0.1	4.784	0.000	0.000
84	  E	  1.4	  0.1	2.302	0.000	0.000
85	  M	  1.3	  0.0	1.356	0.000	0.000
86	  N	  1.2	  0.9	1.229	0.000	0.000
87	  K	  0.2	  0.9	0.750	0.000	0.000
88	  D	  0.3	  0.9	4.781	0.000	0.000
89	  L	  0.3	  0.9	5.054	0.000	0.000
90	  E	  0.3	  0.1	5.352	0.000	0.000
91	  E	 13.5	  0.0	5.496	0.000	0.000
92	  V	 15.4	  0.1	5.354	0.000	0.000
93	  K	 15.6	  0.0	5.354	0.000	0.000
94	  Q	  3.0	  0.0	4.267	0.000	0.000
95	  K	  3.6	  0.0	3.421	0.000	0.000
96	  V	  3.7	  0.0	1.362	0.000	0.000
97	  Q	  3.2	  0.0	1.362	0.000	0.000
98	  P	  0.4	  0.0	0.118	0.000	0.000
99	  Y	  0.7	  0.0	1.129	0.000	0.000
100	  L	  0.7	  0.1	2.051	0.000	0.000
101	  E	  0.7	  0.1	7.807	0.000	0.000
102	  E	  1.4	  0.1	11.790	0.000	0.000
103	  F	  3.2	  0.2	11.907	0.000	0.000
104	  Q	  3.3	  0.0	11.907	0.000	0.000
105	  K	  2.0	  0.0	11.907	0.000	0.000
106	  K	  0.8	  0.0	12.066	0.000	0.000
107	  W	  1.3	  0.0	12.770	0.000	0.000
108	  Q	  1.3	  0.1	12.809	0.000	0.000
109	  E	  0.7	  0.1	12.167	0.000	0.000
110	  E	  2.1	  0.1	12.164	0.000	0.000
111	  V	  3.5	  0.1	12.197	0.000	0.000
112	  E	  3.7	  0.1	12.197	0.000	0.000
113	  R	  2.7	  0.1	12.197	0.000	0.000
114	  Y	  2.9	  0.1	11.828	0.000	0.000
115	  R	  2.9	  0.1	5.522	0.000	0.000
116	  Q	  2.6	  0.1	4.560	0.000	0.000
117	  K	 16.4	  0.1	1.754	0.000	0.000
118	  V	 16.8	  0.0	0.115	0.000	0.000
119	  E	 16.3	  0.0	0.115	0.000	0.000
120	  P	  0.7	  0.0	0.000	0.000	0.000
121	  L	  0.2	  0.0	0.000	0.000	0.000
122	  S	  0.4	  0.1	0.427	0.000	0.000
123	  T	  0.6	  0.1	0.576	0.000	0.000
124	  E	  0.6	  0.1	0.576	0.000	0.000
125	  L	  0.4	  0.2	0.576	0.000	0.000
126	  R	  0.3	  0.5	0.969	0.000	0.000
127	  E	  0.1	  0.7	0.969	0.000	0.000
128	  G	  0.0	  0.7	3.261	0.000	0.000
129	  A	  0.2	  0.6	2.926	0.000	0.000
130	  R	  0.5	  0.3	2.926	0.000	0.000
131	  Q	  0.9	  0.1	2.926	0.000	0.000
132	  K	  1.3	  0.1	2.926	0.000	0.000
133	  L	  1.0	  0.1	2.533	0.000	0.000
134	  Q	  0.8	  0.1	2.253	0.000	0.000
135	  E	  0.5	  0.1	1.880	0.000	0.000
136	  L	  0.5	  0.1	1.613	0.000	0.000
137	  Q	  0.6	  0.1	1.407	0.000	0.000
138	  E	  0.3	  0.1	0.951	0.000	0.000
139	  K	  3.8	  0.1	0.695	0.000	0.000
140	  L	  3.8	  0.1	0.370	0.000	0.000
141	  T	  3.7	  0.4	0.185	0.000	0.000
142	  P	  0.2	  0.4	0.000	0.000	0.000
143	  L	  0.0	  0.5	0.000	0.000	0.000
144	  G	  0.0	  0.6	0.708	0.000	0.000
145	  E	  0.0	  0.2	0.708	0.000	0.000
146	  E	  0.3	  0.2	0.708	0.000	0.000
147	  L	  0.5	  0.3	0.708	0.000	0.000
148	  R	  0.6	  0.2	0.708	0.000	0.000
149	  D	  0.3	  0.2	0.708	0.000	0.000
150	  H	  0.4	  0.2	0.394	0.000	0.000
151	  A	  0.4	  0.1	0.178	0.000	0.000
152	  R	  0.7	  0.1	0.178	0.000	0.000
153	  T	  2.2	  0.1	0.000	0.000	0.000
154	  H	  3.7	  0.1	0.000	0.000	0.000
155	  V	 12.2	  0.0	0.000	0.000	0.000
156	  D	 10.5	  0.0	0.187	0.000	0.000
157	  V	 11.0	  0.0	0.187	0.000	0.000
158	  L	  2.2	  0.0	0.187	0.000	0.000
159	  R	  2.4	  0.1	0.187	0.000	0.000
160	  T	  1.5	  0.1	0.187	0.000	0.000
161	  Q	  1.7	  0.1	0.187	0.000	0.000
162	  L	  1.5	  0.0	0.000	0.000	0.000
163	  A	  0.4	  0.2	0.000	0.000	0.000
164	  P	  0.0	  0.1	0.000	0.000	0.000
165	  Y	  0.3	  0.4	0.000	0.000	0.000
166	  S	  0.3	  0.4	4.595	0.000	0.000
167	  D	  0.3	  0.3	8.536	0.000	0.000
168	  K	  0.9	  0.3	9.310	0.000	0.000
169	  M	  0.9	  0.1	9.310	0.000	0.000
170	  R	  1.0	  0.1	9.310	0.000	0.000
171	  E	  0.2	  0.1	9.478	0.000	0.000
172	  R	  0.3	  0.1	9.741	0.000	0.000
173	  L	  0.2	  0.1	8.078	0.000	0.000
174	  A	  0.2	  0.1	7.643	0.000	0.000
175	  E	  0.1	  0.1	6.944	0.000	0.000
176	  R	  0.9	  0.1	5.267	0.000	0.000
177	  L	  1.6	  0.1	3.759	0.000	0.000
178	  T	  2.1	  0.0	3.127	0.000	0.000
179	  A	  1.6	  0.0	3.127	0.000	0.000
180	  L	  0.9	  0.2	2.814	0.000	0.000
181	  K	  0.4	  0.3	1.609	0.000	0.000
182	  D	  0.2	  0.3	0.000	0.000	0.000
183	  S	  3.5	  1.4	0.000	0.000	0.000
184	  A	  4.1	  1.2	0.000	0.000	0.000
185	  S	  4.8	  1.1	0.763	0.000	0.000
186	  F	  1.8	  1.1	0.763	0.000	0.000
187	  A	  1.2	  0.0	0.763	0.000	0.000
188	  E	  4.4	  0.0	0.763	0.000	0.000
189	  Y	  5.9	  0.0	0.763	0.000	0.000
190	  H	  6.1	  0.2	0.763	0.000	0.000
191	  A	  2.3	  0.2	0.377	0.000	0.000
192	  K	  0.5	  0.2	0.377	0.000	0.000
193	  A	  0.3	  0.2	0.132	0.000	0.000
194	  S	  0.3	  0.2	0.132	0.000	0.000
195	  E	  0.2	  0.2	0.000	0.000	0.000
196	  H	  0.8	  0.2	0.000	0.000	0.000
197	  L	  1.0	  0.2	0.000	0.000	0.000
198	  K	  1.1	  0.1	0.000	0.000	0.000
199	  T	  3.1	  0.1	0.931	0.000	0.000
200	  L	  2.9	  0.1	0.931	0.000	0.000
201	  R	  2.7	  0.1	0.931	0.000	0.000
202	  E	  0.2	  0.1	0.931	0.000	0.000
203	  K	  0.8	  0.1	0.931	0.000	0.000
204	  A	  0.8	  0.1	0.931	0.000	0.000
205	  K	  0.7	  0.0	0.638	0.000	0.000
206	  P	  0.0	  0.0	0.000	0.000	0.000
207	  A	  0.2	  0.0	0.000	0.000	0.000
208	  I	  0.3	  0.2	0.000	0.000	0.000
209	  E	  0.4	  0.2	0.000	0.000	0.000
210	  D	  0.2	  0.7	0.000	0.000	0.000
211	  L	  0.0	  0.7	0.000	0.000	0.000
212	  G	  0.0	  0.8	0.000	0.000	0.000
213	  Q	  0.0	  0.7	0.000	0.000	0.000
214	  G	  0.0	  0.3	0.000	0.000	0.000
215	  L	  0.1	  0.2	0.000	0.000	0.000
216	  L	  0.1	  0.0	0.000	0.000	0.000
217	  P	  0.1	  0.0	0.000	0.000	0.000
218	  V	  1.7	  0.0	0.000	0.000	0.000
219	  L	  1.7	  0.2	0.000	0.000	0.000
220	  E	  1.8	  0.2	0.183	0.000	0.000
221	  N	  0.5	  0.2	0.407	0.000	0.000
222	  L	  0.7	  0.2	0.407	0.000	0.000
223	  K	  0.9	  0.2	0.407	0.000	0.000
224	  A	  1.3	  0.2	0.407	0.309	0.309
225	  S	  1.5	  0.2	0.407	0.677	0.677
226	  F	  2.5	  0.1	0.224	1.194	1.194
227	  L	  2.4	  0.0	0.000	1.194	1.194
228	  S	  2.1	  0.0	0.574	1.194	1.194
229	  A	  1.2	  0.0	0.574	1.194	1.194
230	  I	  0.6	  0.1	0.574	1.194	1.194
231	  D	  0.3	  0.1	7.433	0.000	0.000
232	  D	  0.1	  0.1	15.669	0.000	0.000
233	  A	  0.1	  0.1	15.669	0.000	0.000
234	  A	  0.1	  0.1	15.669	0.000	0.000
235	  K	  0.2	  0.1	15.669	0.000	0.000
236	  K	  0.6	  0.1	15.486	0.000	0.000
237	  L	  0.9	  0.1	12.140	0.000	0.000
238	  S	  1.0	  0.1	7.280	0.000	0.000
239	  S	  0.5	  0.1	4.386	0.000	0.000
240	  Q	  0.2	  0.1	0.228	0.000	0.000
