res	aa	Beta	Turn	Helix	Aggregation	Conc-Stab_Aggregation
01	  D	  0.0	  0.0	0.000	0.000	0.000
02	  D	  0.0	  0.6	0.000	0.000	0.000
03	  P	  0.0	  0.6	0.000	0.000	0.000
04	  Q	  0.0	  0.6	0.000	0.000	0.000
05	  S	  0.0	  0.9	0.173	0.000	0.000
06	  P	  0.0	  0.3	0.173	0.000	0.000
07	  W	  0.2	  0.3	0.173	0.000	0.000
08	  D	  0.3	  0.3	0.382	0.000	0.000
09	  R	  2.0	  0.1	0.382	0.000	0.000
10	  V	  3.4	  0.4	0.382	0.706	0.706
11	  K	  3.4	  0.3	0.382	0.845	0.845
12	  D	  1.8	  0.3	0.930	0.845	0.845
13	  F	  0.5	  0.5	0.930	61.381	61.381
14	  A	  1.1	  0.2	0.722	62.216	62.216
15	  T	  7.2	  0.2	0.722	62.216	62.216
16	  V	 12.9	  0.2	0.722	62.216	62.216
17	  Y	 13.6	  0.0	0.722	62.216	62.216
18	  V	  8.4	  0.1	0.191	57.280	57.280
19	  D	  2.2	  0.1	0.388	0.489	0.489
20	  A	  1.2	  0.1	0.388	0.489	0.489
21	  I	  0.9	  0.1	0.388	0.489	0.489
22	  K	  0.8	  0.3	0.388	0.489	0.489
23	  D	  0.3	  1.1	0.197	0.000	0.000
24	  S	  0.2	  1.4	0.197	0.000	0.000
25	  G	  0.1	  1.3	0.000	0.000	0.000
26	  R	  0.3	  1.1	0.000	0.000	0.000
27	  E	  0.3	  0.3	0.000	0.000	0.000
28	  Y	  3.0	  0.1	0.000	0.795	0.795
29	  V	  4.3	  0.0	0.000	0.795	0.795
30	  A	  4.5	  0.0	0.000	0.795	0.795
31	  Q	  9.0	  0.0	0.000	0.795	0.795
32	  F	  9.8	  0.0	0.134	0.795	0.795
33	  E	  9.6	  0.0	0.382	0.000	0.000
34	  A	  2.8	  0.1	0.382	0.000	0.000
35	  S	  0.5	  0.3	1.069	0.000	0.000
36	  A	  0.4	  0.4	1.069	0.000	0.000
37	  L	  0.2	  0.5	1.069	0.000	0.000
38	  G	  0.1	  0.5	1.069	0.000	0.000
39	  K	  0.2	  0.3	0.935	0.000	0.000
40	  Q	  1.1	  0.2	0.687	0.000	0.000
41	  L	  2.8	  0.1	0.446	0.000	0.000
42	  N	  3.0	  0.0	1.142	0.000	0.000
43	  L	  3.6	  0.0	0.989	0.000	0.000
44	  K	  2.2	  0.0	0.852	0.000	0.000
45	  L	  2.2	  0.0	0.696	0.000	0.000
46	  L	  1.0	  0.2	0.696	0.000	0.000
47	  D	  1.2	  0.1	0.696	0.000	0.000
48	  S	  6.6	  0.6	0.256	0.000	0.000
49	  W	  6.9	  0.8	0.000	0.000	0.000
50	  D	  6.4	  0.9	0.000	0.000	0.000
51	  S	  0.8	  1.0	0.000	0.000	0.000
52	  L	  0.2	  1.1	0.000	0.000	0.000
53	  G	  0.2	  1.1	0.000	0.000	0.000
54	  S	  0.7	  0.8	0.000	0.000	0.000
55	  T	 20.1	  0.6	0.000	0.000	0.000
56	  F	 23.7	  0.1	0.000	0.000	0.000
57	  T	 24.7	  0.0	0.000	0.000	0.000
58	  K	  7.5	  0.0	0.000	0.000	0.000
59	  V	  3.9	  0.1	0.000	0.000	0.000
60	  R	  2.3	  0.1	0.000	0.000	0.000
61	  D	  0.8	  0.4	0.000	0.000	0.000
62	  Q	  0.2	  0.4	0.000	0.000	0.000
63	  L	  0.1	  0.3	0.000	0.000	0.000
64	  G	  0.1	  0.3	0.000	0.000	0.000
65	  P	  0.0	  0.0	0.000	0.000	0.000
66	  V	  4.1	  0.0	0.000	0.000	0.000
67	  T	  4.6	  0.1	0.000	0.000	0.000
68	  Q	  5.0	  0.1	0.000	0.000	0.000
69	  E	  1.4	  0.1	0.000	0.000	0.000
70	  F	  2.1	  0.1	0.000	0.000	0.000
71	  W	  2.0	  0.4	0.000	0.000	0.000
72	  D	  1.5	  0.5	0.156	0.000	0.000
73	  N	  0.8	  0.5	0.405	0.000	0.000
74	  L	  0.6	  0.4	0.405	0.000	0.000
75	  E	  0.8	  0.1	0.564	0.000	0.000
76	  K	  0.5	  0.1	1.190	0.000	0.000
77	  E	  0.4	  0.1	1.462	0.000	0.000
78	  T	  0.3	  0.1	9.327	0.000	0.000
79	  E	  0.1	  0.1	9.458	0.000	0.000
80	  A	  0.4	  0.0	9.458	0.000	0.000
81	  L	  0.6	  0.1	9.458	0.000	0.000
82	  R	  0.9	  0.1	9.458	0.000	0.000
83	  Q	  0.7	  0.1	9.264	0.000	0.000
84	  E	  0.8	  0.1	3.635	0.000	0.000
85	  M	  0.9	  0.1	1.909	0.000	0.000
86	  S	  1.3	  1.4	1.489	0.000	0.000
87	  K	  0.9	  1.4	0.974	0.000	0.000
88	  D	  0.8	  1.4	4.843	0.000	0.000
89	  L	  0.3	  1.4	4.977	0.000	0.000
90	  E	  0.3	  0.1	5.273	0.000	0.000
91	  E	 13.4	  0.0	5.418	0.000	0.000
92	  V	 15.3	  0.1	5.289	0.000	0.000
93	  K	 15.5	  0.0	5.289	0.000	0.000
94	  Q	  3.0	  0.0	4.225	0.000	0.000
95	  K	  3.6	  0.0	3.386	0.000	0.000
96	  V	  3.7	  0.0	1.360	0.000	0.000
97	  Q	  3.2	  0.0	1.360	0.000	0.000
98	  P	  0.4	  0.0	0.000	0.000	0.000
99	  Y	  0.4	  0.1	0.089	0.000	0.000
100	  L	  0.5	  0.2	0.198	0.000	0.000
101	  D	  0.5	  0.2	16.602	0.000	0.000
102	  D	  0.3	  0.2	57.997	0.000	0.000
103	  F	  1.1	  0.2	58.137	0.000	0.000
104	  Q	  1.2	  0.0	58.252	0.000	0.000
105	  K	  0.9	  0.0	58.363	0.000	0.000
106	  K	  0.4	  0.0	58.612	0.000	0.000
107	  W	  0.6	  0.0	59.014	0.000	0.000
108	  Q	  0.6	  0.0	58.603	0.000	0.000
109	  E	  0.3	  0.0	56.930	0.000	0.000
110	  E	  0.1	  0.0	56.247	0.000	0.000
111	  M	  0.1	  0.1	55.363	0.000	0.000
112	  E	  0.2	  0.1	54.395	0.000	0.000
113	  R	  0.7	  0.1	53.478	0.000	0.000
114	  Y	  0.9	  0.1	51.399	0.000	0.000
115	  R	  0.8	  0.0	27.872	0.000	0.000
116	  E	  0.3	  0.0	20.791	0.000	0.000
117	  K	  0.6	  0.0	15.609	0.000	0.000
118	  M	  0.7	  0.0	8.644	0.000	0.000
119	  A	  0.6	  0.3	4.346	0.000	0.000
120	  P	  0.0	  0.3	0.000	0.000	0.000
121	  L	  0.0	  0.4	0.000	0.000	0.000
122	  G	  0.0	  0.4	0.000	0.000	0.000
123	  T	  0.3	  0.1	0.000	0.000	0.000
124	  E	  1.1	  0.1	0.000	0.000	0.000
125	  F	  1.8	  0.2	0.000	0.000	0.000
126	  R	  1.5	  0.5	0.298	0.000	0.000
127	  E	  0.7	  0.7	0.298	0.000	0.000
128	  G	  0.0	  0.7	0.491	0.000	0.000
129	  A	  0.2	  0.6	0.491	0.000	0.000
130	  R	  0.6	  0.3	0.491	0.000	0.000
131	  Q	  1.2	  0.1	0.491	0.000	0.000
132	  K	  2.7	  0.1	0.491	0.000	0.000
133	  V	  3.1	  0.1	0.193	0.000	0.000
134	  Q	  2.5	  0.1	0.193	0.000	0.000
135	  E	  1.2	  0.1	0.000	0.000	0.000
136	  L	  0.5	  0.1	0.000	0.000	0.000
137	  Q	  0.6	  0.1	0.000	0.000	0.000
138	  E	  0.3	  0.1	0.000	0.000	0.000
139	  K	  1.1	  0.1	0.000	0.000	0.000
140	  L	  1.1	  0.1	0.000	0.000	0.000
141	  S	  1.0	  0.2	3.286	0.000	0.000
142	  P	  0.1	  0.2	4.861	0.000	0.000
143	  L	  0.0	  0.2	6.599	0.000	0.000
144	  A	  0.0	  0.2	10.942	0.000	0.000
145	  E	  0.0	  0.1	13.808	0.000	0.000
146	  E	  0.3	  0.1	16.774	0.000	0.000
147	  L	  0.4	  0.2	16.619	0.000	0.000
148	  R	  0.4	  0.2	17.017	0.000	0.000
149	  D	  0.2	  0.2	17.508	0.000	0.000
150	  R	  0.6	  0.2	17.508	0.000	0.000
151	  L	  0.9	  0.1	17.508	0.000	0.000
152	  R	  1.1	  0.1	16.895	0.000	0.000
153	  A	  0.8	  0.0	14.657	0.000	0.000
154	  H	  2.3	  0.0	12.957	0.000	0.000
155	  V	  3.7	  0.0	10.237	0.000	0.000
156	  E	  3.4	  0.0	10.439	0.000	0.000
157	  A	  1.8	  0.0	10.168	0.000	0.000
158	  L	  0.6	  0.0	10.168	0.000	0.000
159	  R	  1.0	  0.1	8.405	0.000	0.000
160	  Q	  1.1	  0.1	7.142	0.000	0.000
161	  Q	  1.1	  0.1	3.200	0.000	0.000
162	  L	  0.7	  0.1	0.792	0.000	0.000
163	  A	  0.4	  0.1	0.792	0.000	0.000
164	  P	  0.0	  0.1	0.000	0.000	0.000
165	  Y	  0.3	  0.4	0.000	0.000	0.000
166	  S	  0.3	  1.3	7.964	0.000	0.000
167	  D	  0.3	  1.2	14.195	0.000	0.000
168	  D	  0.3	  1.2	20.391	0.000	0.000
169	  L	  0.6	  1.0	20.391	0.000	0.000
170	  R	  1.0	  0.1	20.391	0.000	0.000
171	  Q	  1.0	  0.1	20.391	0.000	0.000
172	  R	  0.8	  0.1	19.612	0.000	0.000
173	  M	  0.5	  0.0	18.701	0.000	0.000
174	  A	  0.3	  0.0	16.301	0.000	0.000
175	  A	  0.4	  0.0	14.967	0.000	0.000
176	  R	  1.6	  0.0	13.263	0.000	0.000
177	  F	  3.7	  0.1	7.503	0.000	0.000
178	  E	  3.5	  0.1	4.698	0.000	0.000
179	  A	  2.4	  0.1	3.688	0.000	0.000
180	  L	  0.3	  0.2	3.257	0.000	0.000
181	  K	  0.3	  0.3	2.561	0.000	0.000
182	  E	  0.1	  0.6	1.320	0.000	0.000
183	  G	  0.0	  0.7	0.479	0.000	0.000
184	  G	  0.0	  0.9	0.000	0.000	0.000
185	  G	  0.0	  0.7	0.140	0.000	0.000
186	  S	  0.1	  0.5	4.290	0.000	0.000
187	  L	  0.2	  0.5	4.290	0.000	0.000
188	  A	  0.3	  0.2	5.083	0.000	0.000
189	  E	  1.6	  0.1	5.438	0.000	0.000
190	  Y	  4.3	  0.2	5.438	0.000	0.000
191	  Q	  4.4	  0.0	5.298	0.000	0.000
192	  A	  3.0	  0.0	4.796	0.000	0.000
193	  K	  0.5	  0.0	4.629	0.000	0.000
194	  A	  0.2	  0.1	3.950	0.000	0.000
195	  Q	  0.3	  0.1	3.708	0.000	0.000
196	  E	  0.1	  0.1	2.854	0.000	0.000
197	  Q	  1.0	  0.1	2.631	0.000	0.000
198	  L	  1.4	  0.1	1.890	0.000	0.000
199	  R	  1.6	  0.2	1.749	0.000	0.000
200	  A	  0.7	  0.2	1.573	0.000	0.000
201	  L	  0.3	  0.2	1.387	0.000	0.000
202	  G	  0.1	  0.3	1.177	0.000	0.000
203	  E	  0.1	  0.2	0.935	0.000	0.000
204	  K	  0.8	  0.2	0.214	0.000	0.000
205	  A	  0.8	  0.1	0.000	0.000	0.000
206	  K	  0.7	  0.0	0.000	0.000	0.000
207	  P	  0.0	  0.0	0.000	0.000	0.000
208	  A	  0.1	  0.0	0.000	0.000	0.000
209	  L	  0.2	  0.3	0.000	0.000	0.000
210	  E	  0.2	  0.3	0.000	0.000	0.000
211	  D	  0.5	  0.3	0.000	0.000	0.000
212	  L	  0.8	  0.4	0.000	0.000	0.000
213	  R	  0.8	  0.3	0.000	0.000	0.000
214	  Q	  0.4	  0.3	0.000	0.000	0.000
215	  G	  0.1	  0.3	0.000	0.000	0.000
216	  L	  0.1	  0.1	0.000	0.000	0.000
217	  L	  0.1	  0.0	0.000	0.000	0.000
218	  P	  0.1	  0.0	0.000	0.000	0.000
219	  V	  1.6	  0.0	0.000	0.000	0.000
220	  L	  1.7	  0.2	0.000	0.000	0.000
221	  E	  1.7	  0.2	0.000	0.000	0.000
222	  N	  0.4	  0.2	0.000	0.000	0.000
223	  L	  2.2	  0.2	0.000	0.000	0.000
224	  K	  3.6	  0.0	0.000	0.000	0.000
225	  V	  7.1	  0.0	0.000	25.954	25.954
226	  S	  5.6	  0.0	0.000	28.163	28.163
227	  I	  5.2	  0.0	0.000	30.675	30.675
228	  L	  1.4	  0.0	0.000	30.675	30.675
229	  A	  1.2	  0.0	0.000	30.675	30.675
230	  A	  0.6	  0.0	0.000	29.659	29.659
231	  I	  0.6	  0.0	0.000	24.459	24.459
232	  D	  0.4	  0.1	5.968	0.000	0.000
233	  E	  0.3	  0.1	5.968	0.000	0.000
234	  A	  0.4	  0.2	5.968	0.000	0.000
235	  S	  0.6	  0.2	5.968	0.000	0.000
236	  K	  0.4	  0.2	5.968	0.000	0.000
237	  K	  0.8	  0.2	5.968	0.000	0.000
238	  L	  1.1	  0.1	3.420	0.000	0.000
239	  H	  1.3	  0.0	1.962	0.000	0.000
240	  A	  0.7	  0.0	1.005	0.000	0.000
241	  Q	  0.3	  0.0	0.276	0.000	0.000
