res	aa	Beta	Turn	Helix	Aggregation	Conc-Stab_Aggregation
01	  D	  0.0	  0.0	0.000	0.000	0.000
02	  D	  0.0	  0.4	0.260	0.000	0.000
03	  P	  0.0	  0.4	0.260	0.000	0.000
04	  K	  0.2	  0.4	0.260	0.000	0.000
05	  T	  1.6	  0.4	0.260	0.000	0.000
06	  S	  7.2	  0.5	0.260	0.000	0.000
07	  W	  9.2	  0.4	0.260	0.000	0.000
08	  D	  9.0	  0.4	0.218	0.000	0.000
09	  V	  6.4	  0.4	0.218	0.267	0.267
10	  V	  5.7	  0.1	0.218	0.267	0.267
11	  K	  4.7	  0.1	0.218	0.267	0.267
12	  E	  2.2	  0.1	0.218	0.267	0.267
13	  F	  0.9	  0.4	0.218	0.267	0.267
14	  A	  0.7	  0.3	0.000	0.267	0.267
15	  N	  0.5	  0.3	0.000	0.000	0.000
16	  K	  0.8	  0.3	0.000	0.000	0.000
17	  Y	  2.3	  0.1	0.000	0.000	0.000
18	  V	  2.8	  0.1	0.000	0.000	0.000
19	  D	  2.3	  0.1	0.847	0.000	0.000
20	  A	  1.5	  0.1	0.847	0.000	0.000
21	  V	  2.6	  0.0	0.847	0.000	0.000
22	  K	  2.6	  0.4	0.847	0.000	0.000
23	  E	  1.9	  0.6	0.847	0.000	0.000
24	  S	  0.1	  1.0	0.847	0.000	0.000
25	  G	  0.0	  1.4	0.445	0.000	0.000
26	  K	  0.1	  1.1	0.154	0.000	0.000
27	  G	  0.0	  0.9	0.000	0.000	0.000
28	  Y	  2.3	  0.4	0.000	0.000	0.000
29	  V	  3.7	  0.0	0.000	0.000	0.000
30	  E	  3.7	  0.1	0.000	0.000	0.000
31	  Q	  2.2	  0.1	0.000	0.000	0.000
32	  L	  1.0	  0.1	0.000	0.000	0.000
33	  D	  1.1	  1.8	1.174	0.000	0.000
34	  A	  0.5	  1.9	1.174	0.000	0.000
35	  S	  0.3	  2.1	1.174	0.000	0.000
36	  S	  0.5	  2.3	1.174	0.000	0.000
37	  L	  0.3	  0.6	1.174	0.000	0.000
38	  G	  0.2	  0.5	1.174	0.000	0.000
39	  Q	  0.4	  0.3	0.872	0.000	0.000
40	  Q	  1.4	  0.1	0.165	0.000	0.000
41	  L	  3.1	  0.1	0.000	0.000	0.000
42	  N	  3.4	  0.0	0.000	0.000	0.000
43	  L	  4.2	  0.0	0.000	0.000	0.000
44	  R	  3.0	  0.0	0.000	0.000	0.000
45	  L	  2.3	  0.3	0.000	0.000	0.000
46	  S	  0.6	  1.2	0.000	0.000	0.000
47	  D	  0.2	  1.2	0.000	0.000	0.000
48	  N	  0.7	  1.7	0.165	0.000	0.000
49	  W	  1.1	  1.5	0.165	0.000	0.000
50	  D	  1.0	  0.6	0.165	0.000	0.000
51	  T	  6.1	  0.6	0.490	2.271	2.271
52	  L	  5.9	  0.2	0.490	6.198	6.198
53	  S	  6.4	  0.1	0.490	6.198	6.198
54	  T	  3.5	  0.0	0.638	6.198	6.198
55	  I	  5.1	  0.0	0.638	6.198	6.198
56	  L	  5.1	  0.0	0.638	6.198	6.198
57	  T	  3.3	  0.0	1.232	2.285	2.285
58	  K	  2.1	  0.0	1.232	0.000	0.000
59	  L	  2.0	  0.1	1.077	0.000	0.000
60	  Q	  1.1	  0.4	0.944	0.000	0.000
61	  A	  0.5	  0.3	0.594	0.000	0.000
62	  D	  0.2	  0.3	0.594	0.000	0.000
63	  F	  0.3	  0.4	0.362	0.000	0.000
64	  G	  0.3	  0.1	0.503	0.000	0.000
65	  L	  0.4	  0.1	0.281	0.000	0.000
66	  A	  0.5	  0.1	0.281	0.000	0.000
67	  T	  0.9	  0.1	0.281	0.000	0.000
68	  Q	  1.2	  0.1	0.281	0.000	0.000
69	  E	  1.4	  0.1	0.281	0.000	0.000
70	  F	  2.2	  0.1	0.000	0.000	0.000
71	  W	  2.2	  0.2	0.000	0.000	0.000
72	  D	  1.7	  0.2	0.144	0.000	0.000
73	  T	  1.7	  0.2	0.144	0.000	0.000
74	  L	  1.4	  0.2	0.144	0.000	0.000
75	  E	  1.5	  0.1	0.144	0.000	0.000
76	  K	  0.5	  0.1	0.461	0.000	0.000
77	  E	  0.4	  0.1	0.461	0.000	0.000
78	  T	  0.5	  0.1	2.997	0.000	0.000
79	  E	  0.3	  0.1	2.997	0.000	0.000
80	  W	  0.8	  0.0	2.997	0.000	0.000
81	  L	  0.7	  0.0	2.997	0.000	0.000
82	  K	  1.0	  0.0	2.997	0.000	0.000
83	  Q	  2.2	  0.0	2.861	0.000	0.000
84	  I	  5.3	  0.0	0.846	0.000	0.000
85	  V	  5.4	  0.0	0.846	0.000	0.000
86	  S	  3.8	  1.9	0.846	0.000	0.000
87	  E	  0.5	  1.9	0.218	0.000	0.000
88	  D	  0.2	  1.9	0.306	0.000	0.000
89	  L	  0.4	  2.0	0.306	0.000	0.000
90	  Q	  0.8	  0.1	0.306	0.000	0.000
91	  D	  2.1	  0.1	0.480	0.000	0.000
92	  V	  4.0	  0.2	0.480	0.000	0.000
93	  K	  3.9	  0.0	0.480	0.000	0.000
94	  H	  3.8	  0.0	0.335	0.000	0.000
95	  K	  5.0	  0.0	0.335	0.000	0.000
96	  V	  5.1	  0.0	0.335	0.000	0.000
97	  Q	  3.8	  0.0	0.335	0.000	0.000
98	  P	  0.4	  0.0	0.000	0.000	0.000
99	  Y	  0.8	  0.0	0.000	0.000	0.000
100	  L	  0.8	  0.5	0.000	0.000	0.000
101	  E	  0.9	  0.5	0.000	0.000	0.000
102	  N	  1.3	  0.5	1.063	0.000	0.000
103	  F	  3.3	  0.6	1.063	0.000	0.000
104	  Q	  3.4	  0.1	1.063	0.000	0.000
105	  K	  2.5	  0.1	1.063	0.000	0.000
106	  K	  2.0	  0.1	1.063	0.000	0.000
107	  V	  2.5	  0.0	1.063	0.000	0.000
108	  Q	  2.4	  0.1	1.063	0.000	0.000
109	  E	  0.8	  0.1	0.549	0.000	0.000
110	  E	  2.4	  0.1	0.364	0.000	0.000
111	  V	  5.4	  0.1	0.000	0.000	0.000
112	  E	  5.9	  0.1	0.000	0.000	0.000
113	  H	  6.8	  0.1	0.000	0.000	0.000
114	  Y	  4.4	  0.1	0.000	0.000	0.000
115	  R	  3.8	  0.1	0.000	0.000	0.000
116	  E	  0.8	  0.1	0.000	0.000	0.000
117	  K	  3.9	  0.1	0.000	0.000	0.000
118	  V	  4.4	  0.0	0.000	0.000	0.000
119	  R	  4.3	  0.4	0.000	0.000	0.000
120	  P	  0.5	  0.4	0.000	0.000	0.000
121	  L	  0.2	  0.4	0.000	0.000	0.000
122	  G	  0.3	  0.4	0.000	0.000	0.000
123	  I	  3.4	  0.1	0.000	0.000	0.000
124	  E	  3.5	  0.1	0.000	0.000	0.000
125	  L	  3.6	  0.5	0.000	0.000	0.000
126	  R	  0.5	  0.7	0.308	0.000	0.000
127	  D	  0.2	  0.8	0.308	0.000	0.000
128	  G	  0.0	  0.8	2.725	0.000	0.000
129	  A	  0.2	  0.4	2.725	0.000	0.000
130	  R	  0.5	  0.2	2.725	0.000	0.000
131	  Q	  0.9	  0.1	2.725	0.000	0.000
132	  K	  1.3	  0.1	2.725	0.000	0.000
133	  L	  1.0	  0.1	2.417	0.000	0.000
134	  Q	  0.8	  0.1	2.153	0.000	0.000
135	  E	  0.5	  0.1	1.801	0.000	0.000
136	  L	  0.5	  0.1	1.549	0.000	0.000
137	  Q	  0.6	  0.1	1.350	0.000	0.000
138	  E	  0.3	  0.1	0.913	0.000	0.000
139	  K	  3.8	  0.1	0.667	0.000	0.000
140	  L	  3.8	  0.1	0.356	0.000	0.000
141	  T	  3.7	  0.4	0.177	0.000	0.000
142	  P	  0.2	  0.4	0.000	0.000	0.000
143	  L	  0.0	  0.5	0.000	0.000	0.000
144	  G	  0.0	  1.0	0.239	0.000	0.000
145	  E	  0.0	  0.5	0.239	0.000	0.000
146	  D	  0.4	  0.5	0.398	0.000	0.000
147	  L	  0.7	  0.6	0.398	0.000	0.000
148	  R	  0.7	  0.2	0.398	0.000	0.000
149	  D	  0.3	  0.4	0.398	0.000	0.000
150	  R	  0.3	  0.4	0.159	0.000	0.000
151	  T	  0.5	  0.2	0.159	0.000	0.000
152	  R	  0.5	  0.3	0.159	0.000	0.000
153	  E	  0.4	  0.1	0.159	0.000	0.000
154	  H	  1.7	  0.1	0.000	0.000	0.000
155	  V	 10.6	  0.1	0.000	0.000	0.000
156	  D	 10.6	  0.0	0.191	0.000	0.000
157	  V	 11.1	  0.0	0.191	0.000	0.000
158	  L	  2.3	  0.0	0.191	0.000	0.000
159	  R	  2.4	  0.1	0.191	0.000	0.000
160	  T	  1.5	  0.1	0.191	0.000	0.000
161	  Q	  1.7	  0.1	0.191	0.000	0.000
162	  L	  1.4	  0.0	0.000	0.000	0.000
163	  A	  0.4	  0.0	0.095	0.000	0.000
164	  P	  0.0	  0.0	0.349	0.000	0.000
165	  F	  0.4	  0.0	1.291	0.000	0.000
166	  S	  0.4	  0.1	34.174	0.000	0.000
167	  E	  0.5	  0.1	38.745	0.000	0.000
168	  E	  0.2	  0.1	42.969	0.000	0.000
169	  M	  0.4	  0.1	43.112	0.000	0.000
170	  R	  0.7	  0.0	43.227	0.000	0.000
171	  Q	  0.7	  0.1	43.227	0.000	0.000
172	  R	  0.6	  0.1	42.372	0.000	0.000
173	  L	  0.3	  0.0	40.998	0.000	0.000
174	  A	  0.2	  0.0	39.483	0.000	0.000
175	  K	  0.2	  0.0	36.266	0.000	0.000
176	  R	  0.4	  0.0	21.259	0.000	0.000
177	  L	  0.4	  0.1	17.202	0.000	0.000
178	  E	  0.3	  0.1	16.249	0.000	0.000
179	  E	  1.1	  0.1	14.841	0.000	0.000
180	  L	  1.3	  0.2	11.878	0.000	0.000
181	  K	  1.3	  0.2	9.736	0.000	0.000
182	  D	  0.2	  0.3	3.788	0.000	0.000
183	  S	  0.8	  0.4	1.995	0.000	0.000
184	  A	  1.3	  0.2	1.616	0.000	0.000
185	  T	  1.8	  0.2	1.516	0.000	0.000
186	  L	  1.0	  0.9	1.516	0.000	0.000
187	  A	  0.6	  0.7	1.516	0.000	0.000
188	  D	  0.3	  0.7	1.318	0.000	0.000
189	  Y	  2.2	  0.7	0.907	0.000	0.000
190	  H	  2.4	  0.2	0.497	0.000	0.000
191	  A	  2.3	  0.2	0.333	0.000	0.000
192	  K	  0.5	  0.2	0.333	0.000	0.000
193	  A	  0.3	  0.2	0.167	0.000	0.000
194	  S	  0.3	  0.2	0.791	0.000	0.000
195	  E	  0.2	  0.2	0.624	0.000	0.000
196	  H	  0.9	  0.2	0.624	0.000	0.000
197	  L	  2.5	  0.1	0.624	0.000	0.000
198	  K	  2.8	  0.0	0.624	0.000	0.000
199	  M	  2.2	  0.0	0.624	0.000	0.000
200	  L	  0.5	  0.1	0.228	0.000	0.000
201	  G	  0.2	  0.2	0.228	0.000	0.000
202	  E	  0.1	  0.2	0.228	0.000	0.000
203	  K	  0.8	  0.2	0.000	0.000	0.000
204	  A	  0.8	  0.1	0.000	0.000	0.000
205	  K	  0.7	  0.0	0.000	0.000	0.000
206	  P	  0.0	  0.0	0.000	0.000	0.000
207	  A	  0.1	  0.0	0.000	0.000	0.000
208	  L	  0.2	  0.3	0.000	0.000	0.000
209	  E	  0.2	  0.3	0.000	0.000	0.000
210	  D	  0.5	  0.3	0.000	0.000	0.000
211	  L	  0.8	  0.4	0.000	0.000	0.000
212	  R	  0.8	  0.3	0.000	0.000	0.000
213	  Q	  0.4	  0.3	0.000	0.000	0.000
214	  G	  0.1	  0.3	0.000	0.000	0.000
215	  L	  0.1	  0.1	0.000	0.000	0.000
216	  L	  0.1	  0.0	0.000	0.000	0.000
217	  P	  0.1	  0.0	0.000	0.000	0.000
218	  V	  1.7	  0.0	0.000	0.000	0.000
219	  L	  1.7	  0.2	0.000	0.000	0.000
220	  E	  1.8	  0.2	0.184	0.000	0.000
221	  N	  0.5	  0.2	0.184	0.000	0.000
222	  L	  0.7	  0.2	0.184	0.000	0.000
223	  K	  0.9	  0.0	0.184	0.000	0.000
224	  A	  1.1	  0.0	0.184	0.000	0.000
225	  S	  1.0	  0.0	0.184	0.000	0.000
226	  I	  2.4	  0.0	0.000	0.191	0.191
227	  L	  2.2	  0.1	0.000	0.191	0.191
228	  S	  2.1	  0.1	0.000	0.191	0.191
229	  S	  3.9	  0.4	0.000	0.191	0.191
230	  I	  4.7	  0.4	0.000	0.191	0.191
231	  D	  4.6	  0.4	1.569	0.000	0.000
232	  Q	  1.5	  0.4	1.569	0.000	0.000
233	  A	  0.5	  0.1	1.569	0.000	0.000
234	  S	  0.7	  0.2	1.569	0.000	0.000
235	  K	  0.7	  0.2	1.569	0.000	0.000
236	  Q	  0.6	  0.2	1.569	0.000	0.000
237	  L	  0.4	  0.1	0.901	0.000	0.000
238	  A	  0.3	  0.0	0.636	0.000	0.000
239	  A	  0.2	  0.0	0.497	0.000	0.000
240	  Q	  0.1	  0.0	0.175	0.000	0.000
