res	aa	Beta	Turn	Helix	Aggregation	Conc-Stab_Aggregation
01	  D	  0.0	  0.0	0.000	0.000	0.000
02	  E	  0.0	  0.0	0.000	0.000	0.000
03	  P	  0.0	  0.1	0.000	0.000	0.000
04	  Q	  0.1	  0.1	0.000	0.000	0.000
05	  S	  0.4	  0.1	0.000	0.000	0.000
06	  S	  6.2	  0.6	0.000	0.000	0.000
07	  W	  6.2	  0.5	0.000	0.000	0.000
08	  D	  6.0	  0.5	0.000	0.000	0.000
09	  R	  1.8	  0.5	0.000	0.000	0.000
10	  V	  3.1	  0.2	0.000	0.240	0.240
11	  K	  3.1	  0.1	0.000	0.240	0.240
12	  D	  1.6	  0.1	4.670	0.240	0.240
13	  L	  0.1	  0.1	4.670	24.990	24.990
14	  A	  0.8	  0.0	4.670	25.685	25.685
15	  T	  6.8	  0.0	4.670	25.685	25.685
16	  V	 10.3	  0.0	4.670	25.685	25.685
17	  Y	 10.5	  0.1	4.670	25.685	25.685
18	  L	  4.8	  0.1	2.903	21.640	21.640
19	  D	  1.3	  0.1	2.776	0.201	0.201
20	  A	  1.0	  0.1	2.317	0.201	0.201
21	  V	  2.4	  0.1	1.934	0.201	0.201
22	  K	  2.4	  0.2	1.934	0.201	0.201
23	  D	  1.7	  1.5	0.542	0.000	0.000
24	  S	  0.5	  1.6	0.358	0.000	0.000
25	  S	  0.7	  2.9	0.000	0.000	0.000
26	  R	  0.9	  2.8	0.000	0.000	0.000
27	  D	  0.6	  1.5	0.000	0.000	0.000
28	  Y	  1.4	  1.4	0.000	0.000	0.000
29	  M	  1.4	  0.1	0.000	0.000	0.000
30	  S	  1.9	  0.1	2.143	0.000	0.000
31	  Q	  7.9	  0.1	2.143	0.000	0.000
32	  F	 10.0	  0.2	2.277	0.000	0.000
33	  E	  9.7	  0.0	2.523	0.000	0.000
34	  A	  2.8	  0.1	2.523	0.000	0.000
35	  S	  0.5	  0.3	3.188	0.000	0.000
36	  A	  0.4	  0.4	2.714	0.000	0.000
37	  L	  0.2	  0.4	2.537	0.000	0.000
38	  G	  0.1	  0.5	2.284	0.000	0.000
39	  K	  0.2	  0.3	1.309	0.000	0.000
40	  Q	  1.1	  0.2	0.665	0.000	0.000
41	  L	  2.8	  0.1	0.432	0.000	0.000
42	  N	  2.9	  0.0	2.403	0.000	0.000
43	  L	  3.5	  0.0	2.254	0.000	0.000
44	  K	  2.2	  0.0	2.122	0.000	0.000
45	  L	  1.9	  0.0	1.970	0.000	0.000
46	  L	  0.5	  0.5	1.970	0.000	0.000
47	  E	  0.2	  0.5	1.970	0.000	0.000
48	  N	  0.7	  0.9	1.221	0.000	0.000
49	  W	  1.0	  1.0	0.297	0.000	0.000
50	  D	  1.0	  0.6	0.646	0.000	0.000
51	  T	  6.4	  0.6	1.104	0.397	0.397
52	  L	  6.7	  0.2	1.104	1.080	1.080
53	  S	  6.7	  0.1	1.287	1.080	1.080
54	  A	  1.1	  0.0	1.141	1.080	1.080
55	  A	  0.9	  0.0	1.141	1.080	1.080
56	  V	  1.8	  0.0	0.991	1.080	1.080
57	  S	  1.8	  0.1	1.653	0.000	0.000
58	  K	  2.1	  0.1	1.131	0.000	0.000
59	  L	  1.1	  0.1	0.662	0.000	0.000
60	  R	  0.9	  0.2	0.662	0.000	0.000
61	  E	  0.1	  0.2	0.662	0.000	0.000
62	  Q	  0.1	  0.2	0.662	0.000	0.000
63	  L	  0.1	  0.2	0.274	0.000	0.000
64	  G	  0.1	  0.1	0.488	0.000	0.000
65	  P	  0.0	  0.0	0.214	0.000	0.000
66	  A	  0.3	  0.1	0.214	0.000	0.000
67	  T	  0.8	  0.1	0.214	0.000	0.000
68	  Q	  1.2	  0.1	0.214	0.000	0.000
69	  E	  1.4	  0.1	0.214	0.000	0.000
70	  F	  2.2	  0.2	0.000	0.000	0.000
71	  W	  2.0	  0.4	0.000	0.000	0.000
72	  D	  1.5	  0.5	0.000	0.000	0.000
73	  N	  0.8	  0.5	0.000	0.000	0.000
74	  L	  0.7	  0.4	0.000	0.000	0.000
75	  E	  0.9	  0.2	0.000	0.000	0.000
76	  K	  0.7	  0.2	0.000	0.000	0.000
77	  D	  0.7	  0.3	0.529	0.000	0.000
78	  T	  0.5	  0.5	4.846	0.000	0.000
79	  E	  0.2	  0.4	4.846	0.000	0.000
80	  G	  0.0	  0.4	5.260	0.000	0.000
81	  L	  0.4	  0.3	5.260	0.000	0.000
82	  R	  0.6	  0.1	5.260	0.000	0.000
83	  Q	  0.7	  0.1	5.260	0.000	0.000
84	  E	  1.3	  0.1	5.260	0.000	0.000
85	  L	  1.2	  0.1	4.312	0.000	0.000
86	  N	  1.1	  1.0	4.982	0.000	0.000
87	  K	  0.2	  1.0	3.723	0.000	0.000
88	  D	  0.3	  1.0	3.785	0.000	0.000
89	  L	  0.4	  1.1	3.951	0.000	0.000
90	  E	  0.3	  0.1	3.951	0.000	0.000
91	  Q	  1.1	  0.1	3.951	0.000	0.000
92	  L	  1.2	  0.1	3.533	0.000	0.000
93	  K	  1.3	  0.1	3.533	0.000	0.000
94	  Q	  0.6	  0.1	2.833	0.000	0.000
95	  Q	  5.0	  0.1	1.134	0.000	0.000
96	  V	  5.7	  0.0	0.199	0.000	0.000
97	  E	  5.4	  0.0	0.199	0.000	0.000
98	  P	  0.9	  0.0	0.000	0.000	0.000
99	  F	  0.8	  0.1	0.000	0.000	0.000
100	  L	  0.9	  0.4	0.000	0.000	0.000
101	  D	  0.9	  0.4	5.671	0.000	0.000
102	  D	  0.7	  0.4	19.280	0.000	0.000
103	  F	  2.3	  0.3	19.280	0.000	0.000
104	  Q	  2.3	  0.0	19.280	0.000	0.000
105	  K	  1.9	  0.0	19.280	0.000	0.000
106	  K	  0.8	  0.0	19.280	0.000	0.000
107	  W	  1.9	  0.0	18.700	0.000	0.000
108	  Q	  2.1	  0.0	17.428	0.000	0.000
109	  A	  1.6	  0.0	12.371	0.000	0.000
110	  E	  0.4	  0.0	10.669	0.000	0.000
111	  L	  0.2	  0.2	8.413	0.000	0.000
112	  E	  0.4	  0.2	7.187	0.000	0.000
113	  T	 11.7	  0.1	5.743	0.000	0.000
114	  Y	 13.6	  0.2	5.608	0.000	0.000
115	  R	 13.6	  0.1	3.899	0.000	0.000
116	  Q	  3.0	  0.1	2.556	0.000	0.000
117	  K	  5.3	  0.1	1.168	0.000	0.000
118	  V	  5.5	  0.0	0.330	0.000	0.000
119	  A	  5.0	  0.0	0.330	0.000	0.000
120	  P	  0.5	  0.0	0.000	0.000	0.000
121	  L	  0.0	  0.0	0.000	0.000	0.000
122	  S	  0.1	  0.1	2.933	0.000	0.000
123	  E	  0.1	  0.2	2.933	0.000	0.000
124	  E	  0.3	  0.2	2.933	0.000	0.000
125	  L	  0.3	  0.2	2.933	0.000	0.000
126	  R	  0.3	  0.5	3.317	0.000	0.000
127	  E	  0.1	  0.7	3.317	0.000	0.000
128	  G	  0.0	  0.7	4.856	0.000	0.000
129	  A	  0.2	  0.6	4.022	0.000	0.000
130	  R	  0.5	  0.3	3.621	0.000	0.000
131	  Q	  0.9	  0.1	3.154	0.000	0.000
132	  K	  1.3	  0.1	3.154	0.000	0.000
133	  L	  1.0	  0.1	2.629	0.000	0.000
134	  Q	  0.8	  0.1	2.356	0.000	0.000
135	  E	  0.5	  0.1	1.992	0.000	0.000
136	  L	  0.5	  0.1	1.732	0.000	0.000
137	  Q	  0.6	  0.1	1.530	0.000	0.000
138	  E	  0.3	  0.1	1.075	0.000	0.000
139	  K	  1.2	  0.1	0.818	0.000	0.000
140	  L	  1.1	  0.1	0.498	0.000	0.000
141	  S	  1.1	  0.2	1.902	0.000	0.000
142	  P	  0.1	  0.2	2.234	0.000	0.000
143	  L	  0.0	  0.2	3.399	0.000	0.000
144	  A	  0.1	  0.3	7.447	0.000	0.000
145	  Q	  0.1	  0.1	7.447	0.000	0.000
146	  E	  0.1	  0.1	7.743	0.000	0.000
147	  A	  0.1	  0.2	7.573	0.000	0.000
148	  R	  0.1	  0.2	7.573	0.000	0.000
149	  D	  0.1	  0.3	7.787	0.000	0.000
150	  R	  0.7	  0.3	7.397	0.000	0.000
151	  L	  1.1	  0.1	7.179	0.000	0.000
152	  R	  1.2	  0.1	5.737	0.000	0.000
153	  A	  1.0	  0.0	4.302	0.000	0.000
154	  H	  2.7	  0.0	2.984	0.000	0.000
155	  V	  3.1	  0.0	0.880	0.000	0.000
156	  E	  2.7	  0.1	1.094	0.000	0.000
157	  E	  0.9	  0.1	0.956	0.000	0.000
158	  L	  2.5	  0.1	0.956	0.000	0.000
159	  R	  4.0	  0.0	0.790	0.000	0.000
160	  V	  9.0	  0.0	0.634	0.000	0.000
161	  Q	  8.6	  0.0	0.634	0.000	0.000
162	  M	  7.2	  0.0	0.000	0.000	0.000
163	  T	  2.2	  0.0	0.154	0.000	0.000
164	  P	  0.2	  0.0	0.154	0.000	0.000
165	  F	  2.0	  0.0	0.327	0.000	0.000
166	  S	  2.3	  0.1	16.349	0.000	0.000
167	  Q	  2.4	  0.1	16.730	0.000	0.000
168	  E	  0.6	  0.1	18.354	0.000	0.000
169	  L	  0.6	  0.1	18.354	0.000	0.000
170	  R	  0.9	  0.1	18.354	0.000	0.000
171	  Q	  1.0	  0.1	18.354	0.000	0.000
172	  R	  0.8	  0.1	17.117	0.000	0.000
173	  L	  0.5	  0.0	16.269	0.000	0.000
174	  A	  0.4	  0.1	15.410	0.000	0.000
175	  S	  0.4	  0.1	13.433	0.000	0.000
176	  R	  0.7	  0.1	7.923	0.000	0.000
177	  L	  0.6	  0.1	5.476	0.000	0.000
178	  Q	  0.6	  0.1	5.047	0.000	0.000
179	  E	  1.5	  0.1	3.826	0.000	0.000
180	  L	  1.9	  0.1	3.298	0.000	0.000
181	  K	  1.8	  0.3	2.879	0.000	0.000
182	  A	  0.4	  0.4	1.239	0.000	0.000
183	  G	  0.1	  0.5	0.740	0.000	0.000
184	  G	  0.0	  0.7	0.221	0.000	0.000
185	  G	  0.0	  0.5	0.000	0.000	0.000
186	  A	  0.5	  0.4	0.000	0.000	0.000
187	  T	  6.3	  0.3	0.000	0.000	0.000
188	  L	  6.5	  0.1	0.000	0.000	0.000
189	  S	  6.5	  0.1	0.577	0.000	0.000
190	  Q	  3.8	  0.1	0.577	0.000	0.000
191	  Y	  5.2	  0.1	0.577	0.000	0.000
192	  Y	  5.2	  0.0	0.577	0.000	0.000
193	  A	  2.5	  0.0	0.577	0.000	0.000
194	  K	  6.3	  0.0	0.577	0.000	0.000
195	  V	  8.9	  0.0	0.309	0.000	0.000
196	  T	  9.7	  0.0	2.467	0.000	0.000
197	  A	  4.6	  0.0	2.467	0.000	0.000
198	  Q	  2.5	  0.0	2.467	0.000	0.000
199	  L	  1.7	  0.0	2.157	0.000	0.000
200	  K	  1.5	  0.0	2.157	0.000	0.000
201	  A	  0.8	  0.0	2.157	0.000	0.000
202	  L	  0.4	  0.1	1.807	0.000	0.000
203	  S	  0.4	  0.2	1.358	0.000	0.000
204	  E	  0.2	  0.2	0.847	0.000	0.000
205	  K	  0.5	  0.2	0.493	0.000	0.000
206	  A	  0.5	  0.1	0.151	0.000	0.000
207	  Q	  0.3	  0.0	0.151	0.000	0.000
208	  P	  0.0	  0.0	0.000	0.000	0.000
209	  P	  0.0	  0.0	0.000	0.000	0.000
210	  L	  0.1	  0.3	0.000	0.000	0.000
211	  E	  0.1	  0.3	0.000	0.000	0.000
212	  D	  0.5	  0.3	0.000	0.000	0.000
213	  L	  0.8	  0.4	0.000	0.000	0.000
214	  R	  0.8	  0.3	0.000	0.000	0.000
215	  Q	  0.4	  0.3	0.000	0.000	0.000
216	  G	  0.1	  0.3	0.000	0.000	0.000
217	  L	  0.2	  0.1	0.000	0.000	0.000
218	  Q	  0.2	  0.0	0.000	0.000	0.000
219	  P	  0.1	  0.0	0.000	0.000	0.000
220	  M	  0.1	  0.0	0.000	0.000	0.000
221	  L	  0.3	  0.3	0.000	0.000	0.000
222	  E	  0.5	  0.3	0.000	0.000	0.000
223	  S	  2.2	  0.3	0.000	0.000	0.000
224	  F	  3.3	  0.3	0.000	0.000	0.000
225	  K	  3.2	  0.2	0.000	0.000	0.000
226	  A	  1.5	  0.2	0.000	0.000	0.000
227	  N	  0.4	  0.2	0.000	0.000	0.000
228	  V	  3.7	  0.2	0.000	0.592	0.592
229	  L	  4.2	  0.0	0.000	0.592	0.592
230	  S	  4.3	  0.0	0.000	0.592	0.592
231	  A	  1.3	  0.0	0.000	0.592	0.592
232	  I	  0.8	  0.0	0.000	0.592	0.592
233	  D	  0.4	  0.1	2.346	0.000	0.000
234	  E	  0.3	  0.1	2.346	0.000	0.000
235	  A	  0.4	  0.1	2.346	0.000	0.000
236	  S	  0.7	  0.2	2.346	0.000	0.000
237	  K	  0.7	  0.2	2.346	0.000	0.000
238	  Q	  1.5	  0.2	2.346	0.000	0.000
239	  L	  2.1	  0.1	0.705	0.000	0.000
240	  T	  3.2	  0.0	0.139	0.000	0.000
241	  A	  2.2	  0.0	0.139	0.000	0.000
242	  Q	  1.3	  0.0	0.139	0.000	0.000
