res	aa	Beta	Turn	Helix	Aggregation	Conc-Stab_Aggregation
01	  D	  0.0	  0.0	0.000	0.000	0.000
02	  E	  0.0	  0.0	0.000	0.000	0.000
03	  P	  0.0	  0.0	0.000	0.000	0.000
04	  Q	  0.0	  0.0	0.000	0.000	0.000
05	  T	  0.0	  0.2	0.166	0.000	0.000
06	  P	  0.0	  0.2	0.166	0.000	0.000
07	  W	  0.2	  0.2	0.166	0.000	0.000
08	  D	  0.3	  0.2	0.374	0.000	0.000
09	  R	  2.0	  0.1	0.374	0.000	0.000
10	  V	  3.4	  0.4	0.374	0.704	0.704
11	  K	  3.4	  0.3	0.374	0.842	0.842
12	  D	  1.8	  0.3	1.046	0.842	0.842
13	  F	  0.5	  0.5	1.046	61.198	61.198
14	  A	  1.1	  0.2	0.837	62.030	62.030
15	  T	  7.2	  0.2	0.837	62.030	62.030
16	  V	 12.9	  0.2	0.837	62.030	62.030
17	  Y	 13.5	  0.0	0.837	62.030	62.030
18	  V	  8.3	  0.1	0.310	57.109	57.109
19	  D	  2.2	  0.1	0.939	0.489	0.489
20	  A	  1.2	  0.1	0.939	0.489	0.489
21	  I	  1.4	  0.0	0.939	0.489	0.489
22	  K	  1.4	  0.4	0.939	0.489	0.489
23	  E	  0.9	  0.5	0.749	0.000	0.000
24	  S	  0.2	  0.9	0.749	0.000	0.000
25	  G	  0.1	  1.2	0.132	0.000	0.000
26	  R	  0.4	  0.9	0.000	0.000	0.000
27	  D	  0.7	  0.7	0.000	0.000	0.000
28	  Y	  3.6	  0.3	0.000	0.357	0.357
29	  V	  5.0	  0.0	0.000	0.357	0.357
30	  A	  4.9	  0.0	0.000	0.357	0.357
31	  Q	  3.6	  0.0	0.000	0.357	0.357
32	  L	  1.9	  0.1	0.000	0.357	0.357
33	  E	  1.7	  0.1	0.000	0.000	0.000
34	  T	  1.2	  0.1	0.213	0.000	0.000
35	  S	  1.8	  0.1	0.213	0.000	0.000
36	  V	  2.4	  0.0	0.213	0.000	0.000
37	  L	  1.4	  0.1	0.213	0.000	0.000
38	  G	  0.7	  0.2	0.213	0.000	0.000
39	  K	  0.1	  0.2	0.213	0.000	0.000
40	  H	  1.1	  0.4	0.000	0.000	0.000
41	  L	  2.8	  0.3	0.000	0.000	0.000
42	  N	  3.0	  0.2	0.797	0.000	0.000
43	  L	  3.6	  0.2	0.797	0.000	0.000
44	  K	  2.2	  0.0	0.797	0.000	0.000
45	  L	  2.3	  0.0	0.797	0.000	0.000
46	  L	  0.8	  0.3	0.797	0.000	0.000
47	  D	  0.6	  0.3	0.797	0.000	0.000
48	  N	  0.8	  0.8	0.465	0.000	0.000
49	  W	  1.1	  0.9	0.118	0.000	0.000
50	  D	  1.0	  0.6	0.118	0.000	0.000
51	  T	  4.5	  0.6	0.118	0.198	0.198
52	  L	  4.2	  0.1	0.118	0.539	0.539
53	  S	  4.8	  0.1	0.118	0.539	0.539
54	  T	  3.7	  0.1	0.000	0.539	0.539
55	  T	 32.3	  0.1	0.000	0.539	0.539
56	  F	 33.5	  0.1	0.000	0.539	0.539
57	  S	 31.0	  0.1	0.538	0.000	0.000
58	  K	  3.3	  0.1	0.538	0.000	0.000
59	  L	  1.0	  0.1	0.538	0.000	0.000
60	  R	  1.1	  0.6	0.538	0.000	0.000
61	  A	  0.6	  0.7	0.538	0.000	0.000
62	  D	  0.3	  0.7	0.538	0.000	0.000
63	  L	  0.1	  0.7	0.312	0.000	0.000
64	  G	  0.0	  0.1	0.312	0.000	0.000
65	  P	  0.0	  0.0	0.000	0.000	0.000
66	  V	  4.1	  0.0	0.000	0.000	0.000
67	  T	  4.6	  0.1	0.000	0.000	0.000
68	  Q	  5.0	  0.1	0.000	0.000	0.000
69	  E	  1.4	  0.1	0.000	0.000	0.000
70	  F	  2.1	  0.1	0.000	0.000	0.000
71	  W	  2.0	  0.4	0.000	0.000	0.000
72	  D	  1.5	  0.5	0.000	0.000	0.000
73	  N	  0.8	  0.5	0.000	0.000	0.000
74	  L	  0.7	  0.4	0.000	0.000	0.000
75	  E	  0.9	  0.2	0.000	0.000	0.000
76	  K	  0.7	  0.2	0.000	0.000	0.000
77	  D	  0.7	  0.2	1.070	0.000	0.000
78	  T	  0.7	  0.1	4.952	0.000	0.000
79	  E	  0.4	  0.0	4.952	0.000	0.000
80	  W	  1.0	  0.0	4.952	0.000	0.000
81	  L	  1.1	  0.0	4.952	0.000	0.000
82	  R	  1.3	  0.1	4.952	0.000	0.000
83	  Q	  0.7	  0.1	4.804	0.000	0.000
84	  E	  1.4	  0.1	2.321	0.000	0.000
85	  M	  1.3	  0.0	1.371	0.000	0.000
86	  N	  1.3	  0.9	0.897	0.000	0.000
87	  K	  0.2	  0.9	0.410	0.000	0.000
88	  D	  0.2	  0.9	3.591	0.000	0.000
89	  L	  0.2	  0.9	3.591	0.000	0.000
90	  Q	  0.5	  0.0	3.591	0.000	0.000
91	  E	 14.1	  0.0	3.591	0.000	0.000
92	  V	 16.0	  0.1	3.591	0.000	0.000
93	  K	 15.9	  0.0	3.591	0.000	0.000
94	  Q	  3.0	  0.0	2.610	0.000	0.000
95	  K	  3.7	  0.0	2.037	0.000	0.000
96	  V	  3.8	  0.0	0.696	0.000	0.000
97	  Q	  3.3	  0.0	0.696	0.000	0.000
98	  P	  0.4	  0.0	0.000	0.000	0.000
99	  Y	  1.0	  0.1	0.000	0.000	0.000
100	  L	  1.1	  0.4	0.000	0.000	0.000
101	  D	  1.2	  0.4	1.106	0.000	0.000
102	  N	  0.6	  0.4	7.853	0.000	0.000
103	  F	  1.8	  0.3	7.853	0.000	0.000
104	  H	  1.9	  0.1	8.070	0.000	0.000
105	  K	  1.6	  0.1	8.329	0.000	0.000
106	  K	  0.9	  0.1	9.109	0.000	0.000
107	  M	  0.8	  0.1	9.588	0.000	0.000
108	  Q	  0.8	  0.1	9.554	0.000	0.000
109	  E	  0.1	  0.1	9.551	0.000	0.000
110	  E	  0.3	  0.1	10.096	0.000	0.000
111	  M	  0.3	  0.2	10.076	0.000	0.000
112	  E	  0.5	  0.1	9.889	0.000	0.000
113	  R	  1.5	  0.1	9.889	0.000	0.000
114	  Y	  2.1	  0.2	9.629	0.000	0.000
115	  R	  1.8	  0.1	4.312	0.000	0.000
116	  E	  0.8	  0.1	3.013	0.000	0.000
117	  K	  0.6	  0.1	1.990	0.000	0.000
118	  V	  0.6	  0.1	0.580	0.000	0.000
119	  G	  0.5	  0.6	0.580	0.000	0.000
120	  P	  0.0	  0.6	0.000	0.000	0.000
121	  L	  0.0	  0.7	0.000	0.000	0.000
122	  G	  0.0	  0.7	0.000	0.000	0.000
123	  T	  0.1	  0.2	0.150	0.000	0.000
124	  E	  0.4	  0.2	0.150	0.000	0.000
125	  L	  0.4	  0.2	0.150	0.000	0.000
126	  R	  0.3	  0.5	0.545	0.000	0.000
127	  E	  0.1	  0.7	0.545	0.000	0.000
128	  G	  0.0	  0.7	3.088	0.000	0.000
129	  A	  0.2	  0.6	2.939	0.000	0.000
130	  R	  0.5	  0.3	2.939	0.000	0.000
131	  Q	  0.9	  0.1	2.939	0.000	0.000
132	  K	  1.3	  0.1	2.939	0.000	0.000
133	  L	  1.0	  0.1	2.544	0.000	0.000
134	  Q	  0.8	  0.1	2.263	0.000	0.000
135	  E	  0.5	  0.1	1.888	0.000	0.000
136	  L	  0.5	  0.1	1.620	0.000	0.000
137	  Q	  0.6	  0.1	1.412	0.000	0.000
138	  E	  0.3	  0.1	0.955	0.000	0.000
139	  K	  3.8	  0.1	0.698	0.000	0.000
140	  L	  3.8	  0.1	0.372	0.000	0.000
141	  T	  3.7	  0.4	0.185	0.000	0.000
142	  P	  0.2	  0.4	0.000	0.000	0.000
143	  L	  0.0	  0.5	0.000	0.000	0.000
144	  G	  0.0	  0.9	0.911	0.000	0.000
145	  E	  0.0	  0.5	0.911	0.000	0.000
146	  D	  0.4	  0.5	3.112	0.000	0.000
147	  L	  0.6	  0.6	3.112	0.000	0.000
148	  R	  0.6	  0.2	3.262	0.000	0.000
149	  D	  0.2	  0.3	3.679	0.000	0.000
150	  R	  0.2	  0.3	3.447	0.000	0.000
151	  A	  0.2	  0.1	3.447	0.000	0.000
152	  R	  0.3	  0.2	2.767	0.000	0.000
153	  E	  0.2	  0.1	1.667	0.000	0.000
154	  H	  1.7	  0.2	0.756	0.000	0.000
155	  V	  2.6	  0.2	0.000	0.000	0.000
156	  D	  2.5	  0.1	0.155	0.000	0.000
157	  T	  3.6	  0.1	0.155	0.000	0.000
158	  L	  2.8	  0.1	0.155	0.000	0.000
159	  R	  3.1	  0.1	0.155	0.000	0.000
160	  T	  1.6	  0.1	0.155	0.000	0.000
161	  Q	  1.7	  0.1	0.155	0.000	0.000
162	  L	  1.5	  0.1	0.000	0.000	0.000
163	  A	  0.4	  0.2	0.000	0.000	0.000
164	  P	  0.0	  0.1	0.000	0.000	0.000
165	  Y	  0.3	  0.4	0.000	0.000	0.000
166	  S	  0.3	  1.3	4.166	0.000	0.000
167	  D	  0.3	  1.2	10.001	0.000	0.000
168	  D	  0.4	  1.2	14.590	0.000	0.000
169	  M	  0.8	  1.0	14.590	0.000	0.000
170	  R	  1.2	  0.1	14.590	0.000	0.000
171	  Q	  1.1	  0.1	14.590	0.000	0.000
172	  R	  1.4	  0.1	14.260	0.000	0.000
173	  L	  1.3	  0.1	13.265	0.000	0.000
174	  T	  2.2	  0.1	11.955	0.000	0.000
175	  Q	  1.8	  0.1	11.955	0.000	0.000
176	  R	  1.9	  0.1	8.823	0.000	0.000
177	  L	  0.9	  0.1	6.487	0.000	0.000
178	  E	  0.6	  0.0	6.159	0.000	0.000
179	  A	  0.5	  0.0	5.172	0.000	0.000
180	  L	  0.5	  0.2	4.501	0.000	0.000
181	  R	  0.5	  0.2	3.513	0.000	0.000
182	  D	  0.3	  0.3	1.513	0.000	0.000
183	  S	  0.9	  0.4	0.332	0.000	0.000
184	  T	  4.6	  0.2	0.000	0.000	0.000
185	  T	  8.3	  0.2	0.207	0.000	0.000
186	  F	  7.8	  0.4	0.207	0.000	0.000
187	  A	  4.1	  0.4	0.207	0.000	0.000
188	  D	  0.9	  0.4	1.303	0.000	0.000
189	  Y	  3.3	  0.4	1.303	0.000	0.000
190	  Q	  3.5	  0.0	1.303	0.000	0.000
191	  A	  3.0	  0.0	1.303	0.000	0.000
192	  K	  0.5	  0.0	1.303	0.000	0.000
193	  A	  0.3	  0.1	1.096	0.000	0.000
194	  S	  0.3	  0.2	0.838	0.000	0.000
195	  E	  0.1	  0.1	0.402	0.000	0.000
196	  H	  0.6	  0.1	0.168	0.000	0.000
197	  L	  0.7	  0.2	0.000	0.000	0.000
198	  K	  1.2	  0.1	0.000	0.000	0.000
199	  T	 31.7	  0.1	0.166	0.000	0.000
200	  F	 32.1	  0.2	0.166	0.000	0.000
201	  S	 31.6	  0.1	0.166	0.000	0.000
202	  E	  0.9	  0.1	0.166	0.000	0.000
203	  K	  0.6	  0.1	0.166	0.000	0.000
204	  A	  0.6	  0.1	0.166	0.000	0.000
205	  K	  0.5	  0.0	0.166	0.000	0.000
206	  P	  0.0	  0.0	0.000	0.000	0.000
207	  A	  0.1	  0.0	0.000	0.000	0.000
208	  L	  0.2	  0.3	0.000	0.000	0.000
209	  E	  0.2	  0.3	0.000	0.000	0.000
210	  D	  0.5	  0.3	0.000	0.000	0.000
211	  L	  0.8	  0.4	0.000	0.000	0.000
212	  R	  0.8	  0.3	0.000	0.000	0.000
213	  Q	  0.4	  0.3	0.000	0.000	0.000
214	  G	  0.1	  0.3	0.000	0.000	0.000
215	  L	  0.1	  0.1	0.000	0.000	0.000
216	  L	  0.1	  0.0	0.000	0.000	0.000
217	  P	  0.1	  0.0	0.000	0.000	0.000
218	  V	  1.7	  0.0	0.000	0.000	0.000
219	  L	  1.8	  0.1	0.000	0.000	0.000
220	  E	  1.8	  0.1	0.256	0.000	0.000
221	  S	  0.8	  0.1	0.256	0.000	0.000
222	  L	  1.0	  0.2	0.256	0.000	0.000
223	  K	  1.2	  0.0	0.256	0.000	0.000
224	  A	  1.1	  0.0	0.256	0.000	0.000
225	  S	  1.0	  0.0	0.256	0.000	0.000
226	  I	  2.4	  0.0	0.000	0.184	0.184
227	  L	  2.2	  0.1	0.000	0.184	0.184
228	  S	  2.1	  0.1	0.000	0.184	0.184
229	  S	  3.7	  0.3	0.000	0.184	0.184
230	  I	  4.5	  0.4	0.000	0.184	0.184
231	  D	  4.4	  0.3	5.019	0.000	0.000
232	  Q	  1.4	  0.3	5.019	0.000	0.000
233	  A	  0.5	  0.1	5.019	0.000	0.000
234	  T	  2.0	  0.1	5.019	0.000	0.000
235	  K	  1.9	  0.1	5.019	0.000	0.000
236	  Q	  2.7	  0.1	5.019	0.000	0.000
237	  L	  2.0	  0.1	1.554	0.000	0.000
238	  T	  3.1	  0.0	0.737	0.000	0.000
239	  A	  2.1	  0.0	0.737	0.000	0.000
240	  Q	  1.2	  0.0	0.357	0.000	0.000
