res	aa	Beta	Turn	Helix	Aggregation	Conc-Stab_Aggregation
01	  D	  0.0	  0.0	0.000	0.000	0.000
02	  E	  0.0	  0.0	0.000	0.000	0.000
03	  P	  0.0	  0.0	0.000	0.000	0.000
04	  Q	  0.0	  0.0	0.000	0.000	0.000
05	  S	  0.0	  0.2	0.000	0.000	0.000
06	  P	  0.0	  0.2	0.000	0.000	0.000
07	  W	  1.4	  0.3	0.000	0.000	0.000
08	  S	  1.6	  0.3	0.000	0.000	0.000
09	  Q	  2.7	  0.1	0.000	0.000	0.000
10	  V	  2.9	  0.2	0.000	0.000	0.000
11	  K	  2.8	  0.1	0.000	0.000	0.000
12	  D	  1.7	  0.1	3.629	0.000	0.000
13	  M	  0.1	  0.1	3.629	6.366	6.366
14	  A	  0.8	  0.0	3.629	7.253	7.253
15	  T	  6.9	  0.0	3.629	7.253	7.253
16	  V	 10.4	  0.0	3.629	7.253	7.253
17	  Y	 10.6	  0.1	3.629	7.253	7.253
18	  L	  4.9	  0.1	2.412	6.204	6.204
19	  D	  1.3	  0.1	2.334	0.000	0.000
20	  A	  1.0	  0.1	1.954	0.000	0.000
21	  V	  2.4	  0.1	1.638	0.000	0.000
22	  K	  2.4	  0.3	1.638	0.000	0.000
23	  D	  1.7	  1.1	0.481	0.000	0.000
24	  S	  0.2	  1.5	0.326	0.000	0.000
25	  G	  0.1	  1.7	0.000	0.000	0.000
26	  R	  0.4	  1.5	0.000	0.000	0.000
27	  D	  0.7	  0.7	0.153	0.000	0.000
28	  Y	  1.5	  0.3	0.153	0.540	0.540
29	  V	  5.0	  0.0	0.153	0.540	0.540
30	  T	  7.1	  0.0	0.835	0.540	0.540
31	  Q	 13.1	  0.0	0.835	0.540	0.540
32	  F	 11.8	  0.0	0.964	0.540	0.540
33	  E	  9.5	  0.0	1.047	0.000	0.000
34	  A	  2.7	  0.0	1.047	0.000	0.000
35	  S	  0.5	  0.3	1.727	0.000	0.000
36	  A	  0.4	  0.4	1.538	0.000	0.000
37	  L	  0.2	  0.5	1.538	0.000	0.000
38	  G	  0.1	  0.5	1.538	0.000	0.000
39	  K	  0.2	  0.3	1.074	0.000	0.000
40	  Q	  1.1	  0.2	0.680	0.000	0.000
41	  L	  2.8	  0.1	0.442	0.000	0.000
42	  N	  3.0	  0.0	1.265	0.000	0.000
43	  L	  3.6	  0.0	1.113	0.000	0.000
44	  K	  2.2	  0.0	0.978	0.000	0.000
45	  L	  2.2	  0.0	0.823	0.000	0.000
46	  L	  0.8	  0.3	0.823	0.000	0.000
47	  D	  0.6	  0.3	0.823	0.000	0.000
48	  N	  0.8	  0.7	0.494	0.000	0.000
49	  W	  1.1	  0.8	0.136	0.000	0.000
50	  D	  1.0	  0.6	0.136	0.000	0.000
51	  T	  5.1	  0.6	0.136	0.000	0.000
52	  L	  5.0	  0.2	0.136	0.000	0.000
53	  S	  5.8	  0.7	0.136	0.000	0.000
54	  S	  1.4	  0.7	0.000	0.000	0.000
55	  S	 21.6	  0.7	0.000	0.000	0.000
56	  F	 22.8	  0.7	0.000	0.000	0.000
57	  S	 22.6	  0.1	0.000	0.000	0.000
58	  K	  3.2	  0.1	0.000	0.000	0.000
59	  L	  0.7	  0.2	0.000	0.000	0.000
60	  Q	  0.6	  0.1	0.000	0.000	0.000
61	  E	  0.1	  0.1	0.000	0.000	0.000
62	  Q	  0.2	  0.1	0.000	0.000	0.000
63	  I	  0.1	  0.1	0.000	0.000	0.000
64	  G	  0.1	  0.0	0.000	0.000	0.000
65	  P	  0.0	  0.0	0.000	0.000	0.000
66	  V	  2.1	  0.1	0.000	0.000	0.000
67	  S	  2.4	  0.1	0.000	0.000	0.000
68	  Q	  3.7	  0.1	0.000	0.000	0.000
69	  Q	  4.5	  0.1	0.000	0.000	0.000
70	  F	  5.4	  0.2	0.000	0.000	0.000
71	  W	  4.3	  0.4	0.000	0.000	0.000
72	  D	  1.5	  0.4	0.184	0.000	0.000
73	  N	  0.7	  0.4	0.625	0.000	0.000
74	  L	  0.6	  0.4	0.625	0.000	0.000
75	  E	  0.7	  0.1	1.115	0.000	0.000
76	  K	  0.5	  0.1	1.115	0.000	0.000
77	  E	  0.4	  0.1	1.250	0.000	0.000
78	  T	  0.7	  0.1	7.555	0.000	0.000
79	  A	  0.5	  0.1	7.555	0.000	0.000
80	  E	  0.7	  0.0	8.213	0.000	0.000
81	  L	  0.7	  0.1	8.066	0.000	0.000
82	  R	  1.8	  0.1	8.066	0.000	0.000
83	  Q	  2.6	  0.0	7.923	0.000	0.000
84	  I	  2.9	  0.0	5.221	0.000	0.000
85	  M	  1.8	  0.0	5.221	0.000	0.000
86	  N	  0.8	  0.8	3.977	0.000	0.000
87	  K	  0.2	  0.9	2.613	0.000	0.000
88	  D	  0.3	  0.9	4.771	0.000	0.000
89	  L	  0.3	  0.9	4.873	0.000	0.000
90	  E	  0.3	  0.1	5.172	0.000	0.000
91	  E	 13.5	  0.0	5.318	0.000	0.000
92	  V	 15.4	  0.1	5.204	0.000	0.000
93	  K	 15.6	  0.0	5.204	0.000	0.000
94	  Q	  3.0	  0.0	4.168	0.000	0.000
95	  K	  3.6	  0.0	3.340	0.000	0.000
96	  V	  3.7	  0.0	1.352	0.000	0.000
97	  Q	  3.2	  0.0	1.352	0.000	0.000
98	  P	  0.4	  0.0	0.000	0.000	0.000
99	  Y	  1.0	  0.1	0.000	0.000	0.000
100	  L	  1.0	  0.2	0.000	0.000	0.000
101	  D	  1.0	  0.2	4.957	0.000	0.000
102	  E	  1.6	  0.2	5.116	0.000	0.000
103	  F	  3.6	  0.1	5.116	0.000	0.000
104	  Q	  3.7	  0.0	5.116	0.000	0.000
105	  K	  2.3	  0.0	5.116	0.000	0.000
106	  K	  0.7	  0.0	5.116	0.000	0.000
107	  W	  1.2	  0.0	3.988	0.000	0.000
108	  H	  1.2	  0.1	3.404	0.000	0.000
109	  E	  0.8	  0.1	2.095	0.000	0.000
110	  E	  2.4	  0.1	1.876	0.000	0.000
111	  V	  6.9	  0.2	1.930	0.000	0.000
112	  E	  7.1	  0.1	1.930	0.000	0.000
113	  L	  5.0	  0.1	1.741	0.000	0.000
114	  Y	  2.6	  0.1	1.741	0.000	0.000
115	  R	  2.6	  0.1	1.310	0.000	0.000
116	  Q	  3.1	  0.1	1.132	0.000	0.000
117	  K	  6.2	  0.1	0.287	0.000	0.000
118	  V	  6.4	  0.0	0.000	0.000	0.000
119	  A	  5.8	  0.4	0.000	0.000	0.000
120	  P	  0.5	  0.4	0.000	0.000	0.000
121	  L	  0.0	  0.4	0.000	0.000	0.000
122	  G	  0.0	  0.5	1.525	0.000	0.000
123	  E	  0.1	  0.2	1.525	0.000	0.000
124	  E	  0.9	  0.2	1.525	0.000	0.000
125	  F	  1.7	  0.4	1.525	0.000	0.000
126	  R	  1.7	  0.4	1.758	0.000	0.000
127	  D	  0.9	  0.4	1.758	0.000	0.000
128	  N	  0.2	  0.4	2.482	0.000	0.000
129	  A	  0.3	  0.2	2.219	0.000	0.000
130	  R	  0.7	  0.1	2.066	0.000	0.000
131	  Q	  0.9	  0.1	1.640	0.000	0.000
132	  K	  1.3	  0.1	0.904	0.000	0.000
133	  L	  1.0	  0.1	0.725	0.000	0.000
134	  Q	  0.8	  0.1	0.557	0.000	0.000
135	  E	  1.5	  0.1	0.335	0.000	0.000
136	  L	  1.6	  0.1	0.169	0.000	0.000
137	  H	  1.8	  0.2	0.169	0.000	0.000
138	  E	  0.5	  0.2	0.000	0.000	0.000
139	  K	  1.4	  0.2	0.000	0.000	0.000
140	  L	  1.2	  0.1	0.000	0.000	0.000
141	  S	  1.1	  0.7	0.000	0.000	0.000
142	  P	  0.1	  0.6	0.000	0.000	0.000
143	  L	  0.0	  0.7	0.000	0.000	0.000
144	  G	  0.0	  0.8	2.958	0.000	0.000
145	  E	  0.0	  0.2	3.213	0.000	0.000
146	  E	  0.3	  0.2	3.632	0.000	0.000
147	  L	  0.5	  0.3	3.632	0.000	0.000
148	  R	  0.5	  0.2	3.632	0.000	0.000
149	  D	  0.2	  0.3	3.632	0.000	0.000
150	  R	  0.2	  0.3	3.182	0.000	0.000
151	  A	  0.2	  0.1	2.838	0.000	0.000
152	  R	  0.6	  0.1	2.095	0.000	0.000
153	  T	  2.3	  0.1	0.234	0.000	0.000
154	  H	  3.8	  0.2	0.234	0.000	0.000
155	  V	  4.6	  0.2	0.000	0.000	0.000
156	  D	  2.7	  0.2	0.176	0.000	0.000
157	  S	  3.3	  0.2	0.950	0.000	0.000
158	  L	  2.3	  0.2	0.950	0.000	0.000
159	  R	  2.6	  0.2	0.950	0.000	0.000
160	  T	  1.6	  0.1	0.950	0.000	0.000
161	  Q	  1.7	  0.1	0.950	0.000	0.000
162	  L	  1.4	  0.1	0.774	0.000	0.000
163	  A	  0.4	  0.1	0.414	0.000	0.000
164	  P	  0.0	  0.1	0.106	0.000	0.000
165	  Y	  0.5	  0.1	0.638	0.000	0.000
166	  S	  0.5	  0.2	28.436	0.000	0.000
167	  E	  0.5	  0.1	30.749	0.000	0.000
168	  E	  0.2	  0.1	33.314	0.000	0.000
169	  L	  0.4	  0.1	33.314	0.000	0.000
170	  R	  0.8	  0.1	33.314	0.000	0.000
171	  Q	  0.8	  0.1	33.314	0.000	0.000
172	  R	  0.7	  0.1	30.775	0.000	0.000
173	  L	  0.4	  0.0	29.111	0.000	0.000
174	  A	  0.3	  0.1	27.250	0.000	0.000
175	  S	  0.3	  0.1	24.150	0.000	0.000
176	  R	  0.5	  0.1	13.482	0.000	0.000
177	  L	  0.5	  0.1	9.296	0.000	0.000
178	  E	  0.5	  0.0	8.539	0.000	0.000
179	  A	  0.4	  0.0	7.112	0.000	0.000
180	  L	  0.4	  0.6	6.473	0.000	0.000
181	  K	  0.4	  0.8	5.025	0.000	0.000
182	  D	  0.2	  1.0	1.366	0.000	0.000
183	  G	  0.0	  1.1	0.527	0.000	0.000
184	  S	  0.2	  0.5	1.361	0.000	0.000
185	  L	  0.2	  0.4	1.219	0.000	0.000
186	  A	  0.3	  0.2	1.219	0.000	0.000
187	  E	  1.0	  0.2	1.219	0.000	0.000
188	  Y	  1.5	  0.2	1.219	0.000	0.000
189	  R	  1.6	  0.1	1.072	0.000	0.000
190	  T	  1.4	  0.1	0.377	0.000	0.000
191	  K	  1.0	  0.1	0.377	0.000	0.000
192	  A	  0.8	  0.1	0.162	0.000	0.000
193	  S	  0.3	  0.2	0.000	0.000	0.000
194	  E	  0.2	  0.2	0.000	0.000	0.000
195	  H	  1.0	  0.2	0.000	0.000	0.000
196	  L	  1.7	  0.1	0.000	0.000	0.000
197	  S	  1.8	  0.0	0.381	0.000	0.000
198	  A	  1.2	  0.0	0.381	0.000	0.000
199	  L	  0.5	  0.1	0.381	0.000	0.000
200	  R	  0.4	  0.1	0.381	0.000	0.000
201	  E	  0.2	  0.1	0.381	0.000	0.000
202	  K	  0.5	  0.1	0.381	0.000	0.000
203	  A	  0.5	  0.1	0.000	0.000	0.000
204	  S	  0.4	  0.0	0.148	0.000	0.000
205	  P	  0.0	  0.0	0.148	0.000	0.000
206	  A	  0.1	  0.0	0.148	0.000	0.000
207	  L	  0.2	  0.6	0.148	0.000	0.000
208	  E	  0.2	  0.6	0.148	0.000	0.000
209	  D	  1.5	  0.6	0.148	0.000	0.000
210	  F	  3.9	  0.8	0.000	0.000	0.000
211	  R	  3.9	  0.3	0.000	0.000	0.000
212	  Q	  2.6	  0.3	0.000	0.000	0.000
213	  G	  0.1	  0.3	0.000	0.000	0.000
214	  L	  0.1	  0.1	0.000	0.000	0.000
215	  M	  0.2	  0.0	0.000	0.000	0.000
216	  P	  0.1	  0.0	0.000	0.000	0.000
217	  V	  1.7	  0.0	0.000	0.000	0.000
218	  L	  1.8	  0.1	0.000	0.000	0.000
219	  E	  1.8	  0.1	0.249	0.000	0.000
220	  S	  0.8	  0.1	0.452	0.000	0.000
221	  L	  1.0	  0.2	0.452	0.000	0.000
222	  K	  1.2	  0.2	0.452	0.000	0.000
223	  A	  1.2	  0.2	0.452	0.000	0.000
224	  S	  1.5	  0.2	0.452	0.000	0.000
225	  F	  2.7	  0.3	0.203	0.000	0.000
226	  M	  4.4	  0.1	0.000	0.000	0.000
227	  S	  4.0	  0.1	0.000	0.000	0.000
228	  M	  3.3	  0.1	0.000	0.000	0.000
229	  M	  0.9	  0.0	0.000	0.000	0.000
230	  D	  0.6	  0.1	3.791	0.000	0.000
231	  E	  0.2	  0.1	3.791	0.000	0.000
232	  A	  0.4	  0.2	3.791	0.000	0.000
233	  S	  0.6	  0.2	3.791	0.000	0.000
234	  K	  0.5	  0.2	3.791	0.000	0.000
235	  K	  0.9	  0.3	3.791	0.000	0.000
236	  L	  1.1	  0.3	1.769	0.000	0.000
237	  D	  1.1	  0.3	0.792	0.000	0.000
238	  S	  0.4	  0.2	0.352	0.000	0.000
239	  Q	  0.1	  0.1	0.000	0.000	0.000
