res	aa	Beta	Turn	Helix	Aggregation	Conc-Stab_Aggregation
01	  A	  0.0	  0.0	0.000	0.000	0.000
02	  P	  0.0	  0.0	0.000	0.000	0.000
03	  A	  0.0	  0.0	0.000	0.000	0.000
04	  P	  0.0	  0.0	0.000	0.000	0.000
05	  L	  0.4	  0.1	0.000	0.000	0.000
06	  E	  0.5	  0.1	0.000	0.000	0.000
07	  H	  2.4	  0.1	0.000	0.000	0.000
08	  V	  4.2	  0.1	0.000	0.000	0.000
09	  R	  4.3	  0.1	0.000	0.000	0.000
10	  S	  2.7	  0.1	0.000	2.580	2.580
11	  A	  1.5	  0.1	0.000	23.259	23.259
12	  V	  8.8	  0.0	0.000	77.853	77.853
13	  M	 10.1	  0.0	0.000	80.430	80.430
14	  V	 12.8	  0.0	0.000	81.667	81.667
15	  Y	  5.9	  0.0	0.000	81.714	81.714
16	  L	  4.4	  0.0	0.000	79.776	79.776
17	  T	  1.7	  0.0	0.134	44.721	44.721
18	  Q	  2.3	  0.0	0.134	22.936	22.936
19	  V	  3.8	  0.0	0.134	22.642	22.642
20	  K	  3.1	  0.1	0.134	0.000	0.000
21	  E	  2.1	  0.1	0.134	0.000	0.000
22	  T	  1.6	  0.1	0.745	0.000	0.000
23	  A	  1.5	  0.1	0.745	0.000	0.000
24	  Q	  1.5	  0.1	0.745	0.000	0.000
25	  K	  0.3	  0.1	0.612	0.000	0.000
26	  A	  0.4	  0.1	0.612	0.000	0.000
27	  L	  1.7	  0.0	0.612	0.000	0.000
28	  T	  2.6	  0.0	0.178	0.000	0.000
29	  H	  3.2	  0.3	0.178	0.000	0.000
30	  L	  2.0	  0.4	0.000	0.000	0.000
31	  D	  0.9	  0.5	0.000	0.000	0.000
32	  D	  0.3	  0.6	0.000	0.000	0.000
33	  T	  0.4	  0.3	0.304	0.000	0.000
34	  E	  3.8	  0.1	0.304	0.000	0.000
35	  Y	  4.2	  0.3	0.304	0.000	0.000
36	  K	  4.0	  0.3	0.304	0.000	0.000
37	  D	  1.1	  0.3	0.537	0.000	0.000
38	  Y	  2.1	  0.3	0.537	0.000	0.000
39	  K	  3.4	  0.0	0.537	0.000	0.000
40	  M	  5.1	  0.0	0.383	0.000	0.000
41	  K	  4.4	  0.0	0.233	0.000	0.000
42	  I	  4.3	  0.0	0.233	0.000	0.000
43	  S	  3.8	  0.6	0.233	0.000	0.000
44	  Q	  3.2	  0.6	0.000	0.000	0.000
45	  S	  4.5	  1.5	0.000	0.000	0.000
46	  L	  2.9	  1.6	0.000	0.000	0.000
47	  D	  2.6	  1.0	0.150	0.000	0.000
48	  D	  0.1	  1.0	2.301	0.000	0.000
49	  M	  0.3	  0.1	2.301	0.000	0.000
50	  L	  0.7	  0.0	2.301	0.000	0.000
51	  T	  1.8	  0.0	2.301	0.000	0.000
52	  Q	  2.8	  0.0	2.301	0.000	0.000
53	  M	  2.5	  0.1	2.151	0.000	0.000
54	  Q	  1.5	  0.1	1.117	0.000	0.000
55	  T	  2.9	  0.2	0.399	0.000	0.000
56	  A	  3.0	  0.2	0.399	0.000	0.000
57	  S	  3.7	  0.3	0.239	0.000	0.000
58	  A	  1.5	  0.3	0.000	0.000	0.000
59	  T	 11.2	  0.2	0.000	0.000	0.000
60	  L	 10.5	  0.1	0.000	0.000	0.000
61	  S	 10.0	  0.2	0.000	0.000	0.000
62	  P	  0.1	  0.2	0.000	0.000	0.000
63	  Y	  1.8	  0.2	0.000	0.000	0.000
64	  T	  1.8	  0.3	0.000	0.000	0.000
65	  D	  2.0	  0.1	0.000	0.000	0.000
66	  A	  0.4	  0.1	0.000	0.000	0.000
67	  F	  0.7	  0.0	0.000	0.000	0.000
68	  A	  0.9	  0.0	0.000	0.000	0.000
69	  T	  1.6	  0.0	0.000	0.000	0.000
70	  Q	  1.9	  0.0	0.000	0.000	0.000
71	  V	  3.4	  0.0	0.000	0.000	0.000
72	  M	  2.7	  0.0	0.000	0.000	0.000
73	  E	  2.4	  0.0	0.000	0.000	0.000
74	  A	  0.7	  0.0	0.000	0.000	0.000
75	  T	  0.5	  0.2	0.494	0.000	0.000
76	  A	  0.3	  0.2	0.494	0.000	0.000
77	  G	  0.2	  0.2	0.494	0.000	0.000
78	  L	  0.5	  0.2	0.494	0.000	0.000
79	  R	  0.7	  0.0	0.494	0.000	0.000
80	  A	  1.1	  0.0	0.494	0.000	0.000
81	  S	  3.8	  0.0	0.494	0.000	0.000
82	  I	  7.9	  0.0	0.000	0.000	0.000
83	  T	  7.7	  0.3	0.000	0.000	0.000
84	  A	  4.7	  0.3	0.000	0.000	0.000
85	  D	  2.7	  0.3	2.787	0.000	0.000
86	  V	  3.4	  0.4	3.233	0.000	0.000
87	  E	  3.3	  0.1	3.413	0.000	0.000
88	  D	  1.3	  0.1	5.084	0.000	0.000
89	  L	  0.7	  0.2	5.084	0.000	0.000
90	  R	  0.9	  0.1	5.084	0.000	0.000
91	  K	  0.8	  0.1	4.845	0.000	0.000
92	  T	  3.2	  0.1	3.083	0.000	0.000
93	  L	  3.0	  0.1	3.083	0.000	0.000
94	  E	  2.8	  0.0	3.635	0.000	0.000
95	  P	  0.1	  0.0	1.326	0.000	0.000
96	  K	  0.4	  0.1	2.700	0.000	0.000
97	  R	  0.3	  0.1	4.277	0.000	0.000
98	  E	  0.4	  0.2	5.426	0.000	0.000
99	  E	  0.3	  0.1	7.652	0.000	0.000
100	  L	  0.7	  0.1	7.878	0.000	0.000
101	  R	  1.0	  0.0	7.878	0.000	0.000
102	  A	  1.6	  0.0	7.878	0.000	0.000
103	  V	  2.7	  0.0	7.878	0.000	0.000
104	  L	  2.5	  0.0	7.878	0.000	0.000
105	  E	  2.2	  0.1	7.878	0.000	0.000
106	  K	  0.9	  0.1	7.342	0.000	0.000
107	  H	  1.4	  0.1	1.143	0.000	0.000
108	  M	  0.9	  0.1	0.000	0.000	0.000
109	  Q	  1.2	  0.1	0.000	0.000	0.000
110	  E	  1.2	  0.1	0.000	0.000	0.000
111	  Y	  1.8	  0.1	0.000	0.000	0.000
112	  R	  1.5	  0.1	0.000	0.000	0.000
113	  E	  0.8	  0.1	0.000	0.000	0.000
114	  K	  4.3	  0.1	0.000	0.000	0.000
115	  L	  4.4	  0.1	0.000	0.000	0.000
116	  E	  4.3	  0.0	0.000	0.000	0.000
117	  P	  0.1	  0.0	0.000	0.000	0.000
118	  I	  2.0	  0.0	0.000	0.000	0.000
119	  M	  2.0	  0.0	0.000	0.000	0.000
120	  T	  2.3	  0.0	2.010	0.000	0.000
121	  E	  2.8	  0.0	2.307	0.000	0.000
122	  Y	  8.1	  0.0	2.307	0.000	0.000
123	  T	  9.1	  0.0	5.093	0.000	0.000
124	  A	  6.8	  0.1	5.093	0.000	0.000
125	  K	  1.8	  0.1	5.093	0.000	0.000
126	  H	  0.7	  0.1	6.134	0.000	0.000
127	  K	  0.8	  0.2	6.190	0.000	0.000
128	  E	  0.5	  0.1	7.195	0.000	0.000
129	  E	  0.4	  0.1	9.551	0.000	0.000
130	  M	  0.4	  0.1	11.761	0.000	0.000
131	  E	  0.4	  0.0	13.551	0.000	0.000
132	  A	  0.5	  0.0	13.717	0.000	0.000
133	  L	  0.7	  0.0	13.717	0.000	0.000
134	  R	  0.8	  0.0	13.582	0.000	0.000
135	  A	  0.8	  0.0	12.640	0.000	0.000
136	  K	  1.2	  0.0	10.739	0.000	0.000
137	  M	  1.2	  0.0	4.357	0.000	0.000
138	  A	  0.9	  0.0	1.343	0.000	0.000
139	  P	  0.1	  0.0	0.120	0.000	0.000
140	  V	  4.2	  0.0	0.919	0.000	0.000
141	  V	  4.8	  0.0	3.031	0.000	0.000
142	  E	  4.8	  0.1	4.970	0.000	0.000
143	  E	  0.9	  0.1	5.944	0.000	0.000
144	  L	  0.7	  0.1	5.944	0.000	0.000
145	  R	  0.8	  0.0	5.944	0.000	0.000
146	  A	  0.9	  0.0	5.944	0.000	0.000
147	  K	  2.0	  0.0	5.731	0.000	0.000
148	  V	  3.1	  0.0	3.941	0.000	0.000
149	  Q	  2.8	  0.2	3.941	0.000	0.000
150	  A	  1.4	  0.2	1.514	0.000	0.000
151	  N	  4.5	  0.2	1.514	0.000	0.000
152	  V	  5.0	  0.2	0.000	0.000	0.000
153	  E	  4.9	  0.1	0.000	0.000	0.000
154	  E	  1.2	  0.1	0.000	0.000	0.000
155	  T	  4.1	  0.2	0.000	0.000	0.000
156	  K	  4.7	  0.2	0.000	0.000	0.000
157	  S	  4.3	  0.2	0.000	0.000	0.000
158	  K	  1.9	  0.2	0.000	0.000	0.000
159	  L	  1.4	  0.1	0.000	0.000	0.000
160	  V	  1.2	  0.1	0.000	0.000	0.000
161	  P	  0.2	  0.0	0.172	0.000	0.000
162	  I	  1.9	  0.0	0.172	0.000	0.000
163	  I	  2.9	  0.0	0.530	0.000	0.000
164	  E	  3.0	  0.0	0.530	0.000	0.000
165	  A	  1.7	  0.0	0.530	0.000	0.000
166	  V	  2.9	  0.1	0.530	0.000	0.000
167	  R	  3.2	  0.1	0.530	0.000	0.000
168	  S	  2.7	  0.1	2.647	0.000	0.000
169	  K	  2.6	  0.1	2.500	0.000	0.000
170	  L	  2.3	  0.1	2.116	0.000	0.000
171	  T	  2.3	  0.1	2.441	0.000	0.000
172	  E	  0.3	  0.1	2.441	0.000	0.000
173	  R	  0.7	  0.1	3.231	0.000	0.000
174	  L	  0.5	  0.1	2.598	0.000	0.000
175	  E	  0.4	  0.1	2.598	0.000	0.000
176	  E	  1.7	  0.1	2.444	0.000	0.000
177	  M	  1.8	  0.4	2.240	0.000	0.000
178	  K	  1.8	  0.4	2.010	0.000	0.000
179	  G	  0.2	  0.4	1.282	0.000	0.000
180	  M	  0.2	  0.4	0.460	0.000	0.000
181	  A	  0.3	  0.0	0.000	0.000	0.000
182	  T	  0.2	  0.0	0.000	0.000	0.000
183	  P	  0.1	  0.0	0.000	0.000	0.000
184	  Y	  2.3	  0.0	0.000	0.000	0.000
185	  V	  3.0	  0.1	0.191	0.000	0.000
186	  E	  3.0	  0.1	0.426	0.000	0.000
187	  E	  1.5	  0.1	0.882	0.000	0.000
188	  Y	  1.5	  0.1	1.367	0.000	0.000
189	  R	  1.5	  0.1	1.843	0.000	0.000
190	  E	  0.7	  0.1	1.843	0.000	0.000
191	  Q	  0.8	  0.1	1.843	0.554	0.554
192	  L	  1.0	  0.1	1.843	3.635	3.635
193	  M	  1.1	  0.0	1.843	4.441	4.441
194	  A	  0.6	  0.0	1.843	4.850	4.850
195	  A	  0.8	  0.0	1.843	5.335	5.335
196	  V	  1.3	  0.0	1.843	5.335	5.335
197	  A	  1.2	  0.0	1.843	4.173	4.173
198	  G	  0.8	  0.0	2.344	2.809	2.809
199	  L	  0.1	  0.1	0.964	2.388	2.388
200	  K	  0.2	  0.1	0.501	0.000	0.000
201	  E	  0.2	  0.1	0.501	0.000	0.000
202	  Q	  0.3	  0.1	0.501	0.000	0.000
203	  M	  0.2	  0.2	0.501	0.000	0.000
204	  G	  0.2	  0.3	0.346	0.000	0.000
205	  K	  0.1	  1.6	0.000	0.000	0.000
206	  S	  0.1	  1.9	0.000	0.000	0.000
207	  D	  0.0	  1.8	0.000	0.000	0.000
208	  G	  0.3	  1.6	0.544	0.000	0.000
209	  V	  1.1	  0.3	0.917	0.000	0.000
210	  A	  1.1	  0.1	1.558	0.000	0.000
211	  E	  0.8	  0.1	1.975	0.000	0.000
212	  E	  1.4	  0.1	3.084	0.000	0.000
213	  L	  1.6	  0.2	3.084	0.000	0.000
214	  K	  2.4	  0.1	3.084	0.000	0.000
215	  T	  2.0	  0.1	2.928	0.000	0.000
216	  K	  2.1	  0.1	2.928	0.000	0.000
217	  L	  1.6	  0.0	2.790	19.302	19.302
218	  M	  1.1	  0.0	2.790	19.302	19.302
219	  A	  1.4	  0.0	1.869	19.302	19.302
220	  V	  4.7	  0.0	1.706	19.302	19.302
221	  Y	  4.7	  0.2	1.706	19.302	19.302
222	  E	  4.1	  0.2	0.335	0.000	0.000
223	  T	  2.5	  0.2	0.335	0.000	0.000
224	  L	  2.1	  0.2	0.335	0.000	0.000
225	  N	  2.1	  0.0	0.335	0.000	0.000
226	  K	  0.5	  0.0	0.164	0.000	0.000
227	  A	  0.8	  0.0	0.000	0.000	0.000
228	  V	  2.9	  0.0	0.000	0.000	0.000
229	  T	  3.2	  0.0	0.000	0.000	0.000
230	  K	  2.7	  0.0	0.000	0.000	0.000
231	  A	  0.6	  0.0	0.000	0.000	0.000
