res	aa	Beta	Turn	Helix	Aggregation	Conc-Stab_Aggregation
01	  D	  0.0	  0.0	0.000	0.000	0.000
02	  A	  0.0	  0.3	0.000	0.000	0.000
03	  P	  0.0	  0.4	0.000	0.000	0.000
04	  S	  0.2	  0.5	0.190	0.000	0.000
05	  Q	  1.8	  0.5	0.190	0.000	0.000
06	  L	  2.2	  0.3	0.190	0.000	0.000
07	  E	  2.5	  0.2	0.190	0.000	0.000
08	  H	  3.2	  0.2	0.190	0.000	0.000
09	  Y	  4.0	  0.2	0.190	0.000	0.000
10	  K	  3.7	  0.0	0.000	0.000	0.000
11	  A	  1.6	  0.2	0.000	2.485	2.485
12	  A	  0.8	  0.2	0.000	5.421	5.421
13	  S	  1.0	  0.2	0.000	13.165	13.165
14	  L	  2.3	  0.2	0.000	47.374	47.374
15	  V	  5.7	  0.0	0.000	50.685	50.685
16	  Y	  5.8	  0.0	0.000	50.978	50.978
17	  L	  4.7	  0.0	0.000	50.523	50.523
18	  T	  1.8	  0.0	0.000	44.625	44.625
19	  Q	  2.4	  0.0	0.000	24.005	24.005
20	  V	  3.8	  0.0	0.000	23.751	23.751
21	  K	  3.0	  0.1	0.000	0.000	0.000
22	  E	  2.0	  0.2	0.000	0.000	0.000
23	  S	  0.3	  0.2	0.151	0.000	0.000
24	  A	  0.5	  0.1	0.151	0.000	0.000
25	  L	  0.7	  0.1	0.151	0.000	0.000
26	  R	  0.9	  0.1	0.151	0.000	0.000
27	  T	  2.2	  0.1	0.151	0.000	0.000
28	  L	  2.3	  0.1	0.151	0.000	0.000
29	  D	  2.0	  0.1	0.000	0.000	0.000
30	  H	  1.1	  0.8	0.000	0.000	0.000
31	  L	  0.8	  1.0	0.000	0.000	0.000
32	  D	  0.8	  1.0	0.140	0.000	0.000
33	  G	  0.1	  1.0	0.453	0.000	0.000
34	  T	  0.3	  0.3	4.273	0.000	0.000
35	  E	  1.2	  0.1	4.971	0.000	0.000
36	  Y	  2.3	  0.1	5.418	0.000	0.000
37	  E	  2.2	  0.1	5.606	0.000	0.000
38	  Q	  3.5	  0.1	5.606	0.000	0.000
39	  Y	  2.8	  0.1	5.606	0.000	0.000
40	  K	  2.7	  0.1	5.295	0.000	0.000
41	  K	  0.6	  0.1	4.786	0.000	0.000
42	  K	  2.2	  0.1	3.318	0.000	0.000
43	  L	  2.2	  0.1	1.153	0.000	0.000
44	  T	  2.1	  0.3	0.838	0.000	0.000
45	  E	  0.1	  0.3	0.838	0.000	0.000
46	  N	  0.4	  1.1	0.604	0.000	0.000
47	  L	  0.5	  1.2	0.000	0.000	0.000
48	  D	  0.5	  1.0	0.000	0.000	0.000
49	  Q	  1.4	  1.0	0.000	0.000	0.000
50	  L	  1.5	  0.5	0.000	0.000	0.000
51	  Q	  2.0	  0.5	0.000	0.000	0.000
52	  D	  0.9	  0.4	0.147	0.000	0.000
53	  Y	  1.3	  0.4	0.147	0.000	0.000
54	  A	  0.8	  0.1	0.147	0.000	0.000
55	  K	  1.2	  0.1	0.147	0.000	0.000
56	  T	  3.6	  0.3	0.147	0.000	0.000
57	  A	  3.5	  0.5	0.147	0.000	0.000
58	  S	  3.2	  1.0	0.147	0.000	0.000
59	  D	  0.1	  1.0	0.000	0.000	0.000
60	  S	  3.1	  0.8	0.000	0.000	0.000
61	  L	  3.2	  0.6	0.000	0.000	0.000
62	  T	  3.2	  0.1	0.000	0.000	0.000
63	  P	  0.2	  0.0	0.000	0.000	0.000
64	  F	  1.9	  0.1	0.000	0.000	0.000
65	  T	  2.0	  0.1	0.000	0.000	0.000
66	  D	  2.1	  0.1	0.000	0.000	0.000
67	  A	  0.8	  0.1	0.000	0.000	0.000
68	  F	  1.7	  0.1	0.000	0.000	0.000
69	  S	  2.0	  0.1	0.000	0.000	0.000
70	  T	  2.5	  0.1	0.000	0.000	0.000
71	  Q	  2.2	  0.1	0.000	0.000	0.000
72	  L	  2.1	  0.1	0.000	0.000	0.000
73	  L	  1.4	  0.1	0.000	0.000	0.000
74	  D	  0.8	  0.3	0.000	0.000	0.000
75	  S	  1.2	  0.3	0.931	0.000	0.000
76	  T	  1.6	  0.3	1.370	0.000	0.000
77	  R	  1.9	  0.3	1.370	0.000	0.000
78	  T	  3.7	  0.1	1.515	0.000	0.000
79	  L	  2.9	  0.1	1.515	0.000	0.000
80	  R	  2.6	  0.1	1.515	0.000	0.000
81	  E	  0.2	  0.1	1.152	0.000	0.000
82	  R	  2.5	  0.1	0.743	0.000	0.000
83	  V	  6.9	  0.0	0.145	0.000	0.000
84	  V	  7.5	  0.0	0.145	0.000	0.000
85	  A	  5.3	  0.0	0.145	0.000	0.000
86	  D	  3.3	  0.0	2.540	0.000	0.000
87	  V	  3.1	  0.0	2.724	0.000	0.000
88	  E	  3.0	  0.1	2.724	0.000	0.000
89	  E	  0.9	  0.1	2.863	0.000	0.000
90	  L	  0.4	  0.1	2.863	0.000	0.000
91	  R	  0.6	  0.1	2.863	0.000	0.000
92	  T	  1.5	  0.1	2.354	0.000	0.000
93	  K	  5.9	  0.1	2.354	0.000	0.000
94	  M	  5.8	  0.0	1.578	0.000	0.000
95	  E	  4.9	  0.0	0.330	0.000	0.000
96	  P	  0.2	  0.0	0.000	0.000	0.000
97	  H	  1.2	  0.0	0.000	0.000	0.000
98	  R	  3.4	  0.0	0.000	0.000	0.000
99	  V	  8.3	  0.0	0.249	0.000	0.000
100	  E	  7.5	  0.0	1.128	0.000	0.000
101	  L	  5.3	  0.0	1.128	0.000	0.000
102	  Q	  0.9	  0.0	1.128	0.000	0.000
103	  E	  0.9	  0.0	1.128	0.000	0.000
104	  V	  3.6	  0.0	1.128	0.000	0.000
105	  L	  3.4	  0.0	1.128	0.000	0.000
106	  Q	  3.1	  0.1	1.128	0.000	0.000
107	  K	  0.7	  0.1	0.992	0.000	0.000
108	  H	  1.9	  0.1	0.196	0.000	0.000
109	  V	  1.9	  0.1	0.000	0.000	0.000
110	  D	  1.7	  0.2	1.420	0.000	0.000
111	  E	  1.0	  0.2	1.930	0.000	0.000
112	  Y	  3.1	  0.2	1.930	0.000	0.000
113	  R	  3.4	  0.2	1.930	0.000	0.000
114	  Q	  3.0	  0.1	1.930	0.000	0.000
115	  K	  4.6	  0.1	1.930	0.000	0.000
116	  L	  4.4	  0.1	1.528	0.000	0.000
117	  E	  4.0	  0.0	1.065	0.000	0.000
118	  P	  0.1	  0.0	0.000	0.000	0.000
119	  V	  4.4	  0.0	0.185	0.000	0.000
120	  F	  5.5	  0.0	0.898	0.000	0.000
121	  Q	  5.9	  0.0	1.893	0.000	0.000
122	  E	  2.0	  0.0	3.231	0.000	0.000
123	  Y	  1.6	  0.0	3.231	0.000	0.000
124	  A	  1.2	  0.0	3.231	0.000	0.000
125	  A	  0.9	  0.2	3.231	0.000	0.000
126	  K	  0.2	  0.2	3.231	0.000	0.000
127	  N	  0.1	  0.3	5.165	0.000	0.000
128	  R	  0.1	  0.3	3.281	0.000	0.000
129	  A	  0.4	  0.0	2.515	0.000	0.000
130	  E	  3.3	  0.0	2.515	0.000	0.000
131	  V	  4.5	  0.0	2.329	0.000	0.000
132	  Q	  4.5	  0.0	2.329	0.000	0.000
133	  A	  1.8	  0.0	1.684	0.000	0.000
134	  L	  0.7	  0.0	1.539	0.000	0.000
135	  R	  0.8	  0.1	0.992	0.000	0.000
136	  T	  1.6	  0.1	0.261	0.000	0.000
137	  Q	  5.2	  0.1	0.261	0.000	0.000
138	  L	  5.0	  0.0	0.000	0.000	0.000
139	  E	  4.0	  0.0	0.000	0.000	0.000
140	  P	  0.1	  0.0	0.000	0.000	0.000
141	  L	  0.5	  0.0	0.264	0.000	0.000
142	  M	  0.5	  0.0	1.039	0.000	0.000
143	  D	  0.5	  0.0	4.130	0.000	0.000
144	  E	  0.3	  0.0	4.550	0.000	0.000
145	  M	  0.7	  0.1	4.550	0.000	0.000
146	  R	  1.0	  0.1	4.550	0.000	0.000
147	  Q	  1.4	  0.1	4.550	0.000	0.000
148	  K	  3.2	  0.1	4.415	0.000	0.000
149	  V	  4.1	  0.0	2.676	0.189	0.189
150	  A	  3.5	  0.2	2.676	0.189	0.189
151	  A	  1.5	  0.2	2.320	0.189	0.189
152	  N	  4.5	  0.2	2.007	0.189	0.189
153	  V	  5.0	  0.2	0.000	0.189	0.189
154	  E	  4.9	  0.1	0.000	0.000	0.000
155	  E	  1.2	  0.1	0.000	0.000	0.000
156	  T	  4.0	  0.2	0.139	0.000	0.000
157	  K	  4.5	  0.2	0.139	0.000	0.000
158	  S	  4.2	  0.2	0.139	0.000	0.000
159	  K	  4.9	  0.2	0.139	0.000	0.000
160	  L	  4.4	  0.1	0.139	0.000	0.000
161	  E	  4.2	  0.1	0.139	0.000	0.000
162	  P	  0.1	  0.0	0.108	0.000	0.000
163	  M	  0.2	  0.0	0.108	0.000	0.000
164	  V	 19.4	  0.0	0.310	0.000	0.000
165	  E	 20.0	  0.0	0.526	0.000	0.000
166	  V	 22.2	  0.0	0.526	0.000	0.000
167	  V	  4.4	  0.0	0.526	0.000	0.000
168	  R	  3.7	  0.0	0.526	0.000	0.000
169	  A	  1.5	  0.0	0.526	0.000	0.000
170	  K	  2.5	  0.0	0.526	0.000	0.000
171	  L	  2.4	  0.0	0.000	0.000	0.000
172	  T	  2.4	  0.1	0.183	0.000	0.000
173	  E	  0.3	  0.1	0.183	0.000	0.000
174	  R	  0.7	  0.1	0.788	0.000	0.000
175	  L	  0.5	  0.1	0.788	0.000	0.000
176	  E	  0.5	  0.1	0.788	0.000	0.000
177	  E	  0.3	  0.1	0.788	0.000	0.000
178	  L	  0.5	  0.1	0.788	0.000	0.000
179	  R	  0.9	  0.1	0.788	0.000	0.000
180	  T	  1.2	  0.0	0.336	0.000	0.000
181	  M	  1.3	  0.0	0.336	0.000	0.000
182	  A	  1.0	  0.0	0.162	0.000	0.000
183	  A	  0.4	  0.2	0.000	0.000	0.000
184	  P	  0.0	  0.2	0.000	0.000	0.000
185	  Y	  0.4	  0.2	0.000	0.000	0.000
186	  A	  0.4	  0.2	0.000	0.000	0.000
187	  E	  0.5	  0.1	0.187	0.000	0.000
188	  E	  3.5	  0.1	0.367	0.000	0.000
189	  Y	  4.3	  0.1	0.506	0.000	0.000
190	  K	  4.4	  0.1	0.668	0.000	0.000
191	  E	  1.0	  0.1	0.668	0.000	0.000
192	  Q	  1.0	  0.1	0.668	0.000	0.000
193	  L	  1.6	  0.1	0.668	0.000	0.000
194	  V	  4.0	  0.0	0.668	0.000	0.000
195	  K	  3.3	  0.0	0.668	0.000	0.000
196	  A	  2.6	  0.5	0.000	0.000	0.000
197	  A	  0.2	  0.5	0.000	0.000	0.000
198	  G	  0.1	  0.6	0.000	0.000	0.000
199	  Q	  1.1	  0.6	0.000	0.000	0.000
200	  L	  1.3	  0.3	0.000	0.000	0.000
201	  K	  1.4	  0.3	0.000	0.000	0.000
202	  D	  0.6	  0.2	0.000	0.000	0.000
203	  Q	  1.4	  0.2	0.000	0.000	0.000
204	  I	  1.8	  0.0	0.000	0.000	0.000
205	  A	  1.5	  0.2	0.000	0.000	0.000
206	  P	  0.4	  0.2	0.000	0.000	0.000
207	  H	  0.2	  0.2	0.000	0.000	0.000
208	  A	  0.2	  0.3	0.000	0.000	0.000
209	  E	  0.4	  0.1	0.000	0.000	0.000
210	  T	 20.8	  0.1	1.619	0.000	0.000
211	  F	 23.0	  0.1	1.619	0.000	0.000
212	  Q	 23.0	  0.0	1.619	0.000	0.000
213	  A	  3.2	  0.1	1.619	0.000	0.000
214	  K	  0.3	  0.1	1.619	0.000	0.000
215	  A	  0.1	  0.1	1.619	0.000	0.000
216	  G	  0.1	  0.1	1.218	0.000	0.000
217	  P	  0.0	  0.0	0.000	0.000	0.000
218	  V	  3.4	  0.0	0.000	0.000	0.000
219	  F	  4.2	  0.5	0.000	0.000	0.000
220	  E	  4.2	  0.5	0.000	0.000	0.000
221	  D	  1.9	  0.5	6.131	0.000	0.000
222	  I	  2.7	  0.5	6.131	0.000	0.000
223	  K	  2.9	  0.0	6.131	0.000	0.000
224	  T	  2.8	  0.0	6.131	0.000	0.000
225	  R	  1.9	  0.0	6.131	0.000	0.000
226	  F	  2.8	  0.1	6.131	3.315	3.315
227	  M	  4.0	  0.2	1.011	3.315	3.315
228	  S	  3.7	  0.2	0.576	3.315	3.315
229	  L	  2.9	  0.2	0.304	3.315	3.315
230	  Y	  1.3	  0.2	0.304	3.315	3.315
231	  D	  1.5	  0.1	0.571	0.407	0.407
232	  T	  7.1	  0.1	1.031	9.271	9.271
233	  V	 11.0	  0.1	1.031	13.976	13.976
234	  V	 11.7	  0.0	1.031	13.976	13.976
235	  A	  6.1	  0.0	1.031	13.976	13.976
236	  A	  1.7	  0.0	1.031	13.976	13.976
237	  M	  0.9	  0.0	1.031	7.763	7.763
238	  K	  0.7	  0.0	0.526	0.407	0.407
239	  A	  0.5	  0.0	0.000	0.000	0.000
