res	aa	Beta	Turn	Helix	Aggregation	Conc-Stab_Aggregation
01	  D	  0.0	  0.0	0.000	0.000	0.000
02	  E	  0.0	  0.0	0.000	0.000	0.000
03	  P	  0.0	  0.0	0.000	0.000	0.000
04	  Q	  0.1	  0.0	0.000	0.000	0.000
05	  A	  0.1	  0.2	0.000	0.000	0.000
06	  P	  0.1	  0.2	0.000	0.000	0.000
07	  L	  0.0	  0.2	0.000	0.000	0.000
08	  D	  0.0	  0.3	0.458	0.000	0.000
09	  R	  0.7	  0.1	0.458	0.000	0.000
10	  L	  0.9	  0.3	0.458	0.000	0.000
11	  R	  1.0	  0.2	0.458	0.000	0.000
12	  D	  0.5	  0.1	1.141	0.000	0.000
13	  M	  1.0	  0.1	1.141	0.000	0.000
14	  V	 10.0	  0.0	0.818	0.000	0.000
15	  D	 12.2	  0.0	0.818	0.000	0.000
16	  V	 14.5	  0.0	0.684	0.000	0.000
17	  Y	  6.5	  0.0	0.684	0.000	0.000
18	  L	  3.6	  0.0	0.476	0.000	0.000
19	  E	  0.7	  0.0	0.608	0.000	0.000
20	  T	 16.1	  0.0	0.437	0.000	0.000
21	  V	 18.1	  0.1	0.437	0.000	0.000
22	  K	 18.2	  0.3	0.437	0.000	0.000
23	  A	  2.6	  0.6	0.244	0.000	0.000
24	  S	  0.3	  0.8	0.244	0.000	0.000
25	  G	  0.1	  1.2	0.000	0.000	0.000
26	  K	  0.1	  0.9	0.000	0.000	0.000
27	  D	  0.2	  0.6	0.335	0.000	0.000
28	  A	  0.4	  0.4	0.335	0.178	0.178
29	  I	  1.4	  0.0	0.335	0.178	0.178
30	  A	  1.6	  0.0	0.335	0.178	0.178
31	  Q	  8.8	  0.0	0.335	0.178	0.178
32	  F	  9.2	  0.1	0.335	0.178	0.178
33	  E	  8.9	  0.2	0.000	0.000	0.000
34	  S	  1.6	  0.2	0.000	0.000	0.000
35	  S	  0.5	  0.2	0.000	0.000	0.000
36	  A	  0.5	  0.3	0.000	0.000	0.000
37	  V	  0.5	  0.3	0.000	0.000	0.000
38	  G	  0.2	  0.4	0.000	0.000	0.000
39	  K	  0.2	  0.4	0.000	0.000	0.000
40	  Q	  1.0	  0.2	0.000	0.000	0.000
41	  L	  2.1	  0.1	0.000	0.000	0.000
42	  D	  2.2	  0.1	1.014	0.000	0.000
43	  L	  2.9	  0.1	1.014	0.000	0.000
44	  K	  2.1	  0.1	1.014	0.000	0.000
45	  L	  2.0	  0.4	1.014	0.000	0.000
46	  A	  0.4	  0.5	1.014	0.000	0.000
47	  D	  0.0	  0.5	1.014	0.000	0.000
48	  N	  0.3	  1.1	2.651	0.000	0.000
49	  L	  0.5	  0.8	2.331	0.000	0.000
50	  D	  0.5	  0.7	5.805	0.000	0.000
51	  T	  5.7	  0.7	7.359	0.684	0.684
52	  L	  6.1	  0.1	7.359	1.855	1.855
53	  S	  6.2	  0.0	9.866	1.855	1.855
54	  A	  1.0	  0.0	9.347	1.855	1.855
55	  A	  0.6	  0.0	9.213	1.855	1.855
56	  V	  1.3	  0.0	8.693	1.855	1.855
57	  A	  1.4	  0.0	8.693	0.848	0.848
58	  K	  1.8	  0.0	7.874	0.000	0.000
59	  L	  1.1	  0.1	4.690	0.000	0.000
60	  R	  0.9	  0.5	2.451	0.000	0.000
61	  E	  0.1	  0.5	1.318	0.000	0.000
62	  D	  0.5	  0.5	0.399	0.000	0.000
63	  M	  0.6	  0.5	0.000	0.000	0.000
64	  T	  0.6	  0.2	0.306	0.000	0.000
65	  P	  0.2	  0.2	0.306	0.000	0.000
66	  Y	  1.5	  0.2	0.306	0.000	0.000
67	  Y	  2.3	  0.3	0.306	0.000	0.000
68	  K	  2.9	  0.1	0.306	0.000	0.000
69	  E	  3.4	  0.1	0.306	0.000	0.000
70	  V	  3.1	  0.1	0.165	0.000	0.000
71	  R	  2.5	  0.0	0.300	0.000	0.000
72	  E	  0.8	  0.0	0.135	0.000	0.000
73	  M	  1.0	  0.0	0.135	0.000	0.000
74	  W	  1.4	  0.0	0.135	0.000	0.000
75	  L	  1.4	  0.2	0.135	0.000	0.000
76	  K	  1.0	  0.2	0.135	0.000	0.000
77	  D	  0.6	  0.2	1.430	0.000	0.000
78	  T	  0.7	  0.4	4.935	0.000	0.000
79	  E	  0.5	  0.2	4.935	0.000	0.000
80	  S	  2.4	  0.2	4.935	0.000	0.000
81	  L	  2.4	  0.2	4.935	0.000	0.000
82	  R	  2.7	  0.1	4.935	0.000	0.000
83	  Q	  0.7	  0.1	4.796	0.000	0.000
84	  E	  0.8	  0.1	3.006	0.000	0.000
85	  L	  0.8	  0.1	2.197	0.000	0.000
86	  S	  1.3	  1.4	2.239	0.000	0.000
87	  K	  0.9	  1.4	1.430	0.000	0.000
88	  D	  0.8	  1.4	2.984	0.000	0.000
89	  L	  0.3	  1.4	2.984	0.000	0.000
90	  E	  0.3	  0.1	3.237	0.000	0.000
91	  E	 13.9	  0.0	3.237	0.000	0.000
92	  V	 15.3	  0.1	3.104	0.000	0.000
93	  K	 15.6	  0.1	3.104	0.000	0.000
94	  E	  2.0	  0.1	2.185	0.000	0.000
95	  K	  3.0	  0.1	1.978	0.000	0.000
96	  I	  3.2	  0.0	0.814	0.000	0.000
97	  R	  3.2	  0.0	0.814	0.000	0.000
98	  P	  0.5	  0.0	0.000	0.000	0.000
99	  F	  1.0	  0.1	0.000	0.000	0.000
100	  L	  1.1	  0.2	0.000	0.000	0.000
101	  D	  1.8	  0.2	0.782	0.000	0.000
102	  Q	  3.5	  0.2	0.782	0.000	0.000
103	  F	  7.4	  0.1	0.782	0.000	0.000
104	  S	  6.9	  0.0	0.782	0.000	0.000
105	  A	  4.5	  0.0	0.782	0.000	0.000
106	  K	  2.8	  0.0	0.782	0.000	0.000
107	  W	  3.2	  0.0	0.175	0.000	0.000
108	  T	  3.1	  0.1	0.516	0.000	0.000
109	  E	  0.8	  0.1	0.516	0.000	0.000
110	  E	  0.2	  0.1	0.935	0.000	0.000
111	  L	  0.2	  0.2	1.350	0.000	0.000
112	  E	  0.4	  0.2	1.350	0.000	0.000
113	  Q	  2.5	  0.1	1.350	0.000	0.000
114	  Y	  4.9	  0.2	1.171	0.000	0.000
115	  R	  5.2	  0.1	0.976	0.000	0.000
116	  Q	  3.3	  0.1	0.976	0.000	0.000
117	  R	  1.9	  0.1	0.292	0.000	0.000
118	  L	  1.5	  0.1	0.000	0.000	0.000
119	  V	  1.2	  0.0	0.000	0.000	0.000
120	  P	  0.2	  0.0	0.000	0.000	0.000
121	  L	  0.1	  0.0	0.000	0.000	0.000
122	  A	  0.1	  0.0	0.147	0.000	0.000
123	  Q	  0.2	  0.1	0.147	0.000	0.000
124	  E	  1.6	  0.1	0.147	0.000	0.000
125	  L	  1.7	  0.2	0.147	0.000	0.000
126	  K	  1.9	  0.2	0.279	0.000	0.000
127	  D	  2.0	  0.2	0.279	0.000	0.000
128	  I	  4.4	  0.2	0.133	0.000	0.000
129	  T	  5.5	  0.1	0.349	0.000	0.000
130	  K	  4.2	  0.1	0.349	0.000	0.000
131	  Q	  2.3	  0.1	0.349	0.000	0.000
132	  K	  8.3	  0.1	0.216	0.000	0.000
133	  V	 12.5	  0.0	0.216	0.000	0.000
134	  E	 12.0	  0.0	0.216	0.000	0.000
135	  L	  5.1	  0.0	0.216	0.000	0.000
136	  V	  1.0	  0.0	0.216	0.000	0.000
137	  Q	  1.0	  0.1	0.216	0.000	0.000
138	  E	  0.8	  0.1	0.000	0.000	0.000
139	  R	  1.5	  0.1	0.000	0.000	0.000
140	  L	  1.5	  0.1	0.000	0.000	0.000
141	  T	  1.5	  0.0	0.000	0.000	0.000
142	  P	  0.2	  0.0	0.000	0.000	0.000
143	  V	  0.8	  0.0	0.328	0.000	0.000
144	  A	  0.8	  0.1	1.515	0.000	0.000
145	  E	  0.8	  0.1	2.824	0.000	0.000
146	  E	  0.1	  0.1	3.694	0.000	0.000
147	  A	  0.1	  0.3	3.694	0.000	0.000
148	  R	  0.1	  0.2	3.694	0.000	0.000
149	  D	  0.1	  0.3	3.694	0.000	0.000
150	  R	  0.7	  0.3	3.694	0.000	0.000
151	  L	  0.9	  0.3	3.694	0.000	0.000
152	  R	  0.9	  0.2	2.815	0.000	0.000
153	  G	  0.3	  0.2	3.114	0.000	0.000
154	  H	  2.2	  0.2	3.633	0.000	0.000
155	  V	  2.7	  0.0	5.465	0.000	0.000
156	  E	  2.7	  0.1	8.116	0.000	0.000
157	  E	  0.9	  0.1	8.275	0.000	0.000
158	  L	  0.5	  0.1	8.275	0.000	0.000
159	  R	  1.1	  0.3	8.275	0.000	0.000
160	  K	  0.9	  0.2	8.275	0.000	0.000
161	  N	  0.7	  0.2	7.324	0.000	0.000
162	  L	  0.2	  0.2	3.113	0.000	0.000
163	  A	  0.1	  0.1	2.016	0.000	0.000
164	  P	  0.0	  0.1	0.000	0.000	0.000
165	  Y	  0.3	  0.3	0.000	0.000	0.000
166	  S	  0.3	  0.3	12.151	0.000	0.000
167	  D	  0.3	  0.3	18.667	0.000	0.000
168	  E	  0.2	  0.3	20.319	0.000	0.000
169	  L	  0.5	  0.2	20.319	0.000	0.000
170	  R	  0.8	  0.2	20.319	0.000	0.000
171	  Q	  0.8	  0.1	20.319	0.000	0.000
172	  K	  1.0	  0.1	18.764	0.000	0.000
173	  L	  0.9	  0.1	16.058	0.000	0.000
174	  S	  0.8	  0.1	14.764	0.000	0.000
175	  Q	  0.7	  0.1	10.635	0.000	0.000
176	  K	  2.0	  0.1	4.954	0.000	0.000
177	  L	  1.8	  0.1	2.870	0.000	0.000
178	  E	  1.5	  0.1	2.732	0.000	0.000
179	  E	  1.2	  0.0	2.451	0.000	0.000
180	  I	  1.4	  0.1	2.105	0.000	0.000
181	  R	  1.4	  0.2	2.105	0.000	0.000
182	  D	  0.3	  0.5	1.134	0.000	0.000
183	  K	  0.1	  0.5	0.858	0.000	0.000
184	  G	  0.1	  0.4	0.555	0.000	0.000
185	  I	  0.1	  0.3	0.000	0.000	0.000
186	  P	  0.0	  0.0	0.000	0.000	0.000
187	  Q	  0.1	  0.0	0.000	0.000	0.000
188	  A	  0.1	  0.0	0.000	0.000	0.000
189	  A	  0.2	  0.0	0.000	0.000	0.000
190	  E	  1.7	  0.0	0.000	0.000	0.000
191	  Y	  4.3	  0.0	0.000	0.000	0.000
192	  Q	  4.4	  0.0	0.000	0.000	0.000
193	  A	  3.2	  0.0	0.000	0.000	0.000
194	  K	  2.6	  0.0	0.000	0.000	0.000
195	  V	  6.7	  0.0	0.000	0.000	0.000
196	  V	  9.4	  0.0	0.000	0.000	0.000
197	  E	  7.4	  0.0	0.000	0.000	0.000
198	  H	  3.3	  0.0	0.000	0.000	0.000
199	  L	  0.2	  0.8	0.000	0.000	0.000
200	  G	  0.2	  0.8	0.000	0.000	0.000
201	  N	  0.8	  0.7	0.451	0.000	0.000
202	  L	  0.8	  0.8	0.451	0.000	0.000
203	  R	  0.8	  0.1	0.451	0.000	0.000
204	  E	  0.2	  0.1	0.451	0.000	0.000
205	  K	  3.7	  0.1	0.451	0.000	0.000
206	  L	  3.8	  0.1	0.451	0.000	0.000
207	  T	  3.8	  0.2	0.212	0.000	0.000
208	  P	  0.2	  0.2	0.000	0.000	0.000
209	  L	  0.1	  0.2	0.000	0.000	0.000
210	  A	  0.1	  0.4	0.000	0.000	0.000
211	  Q	  0.7	  0.2	0.000	0.000	0.000
212	  D	  1.1	  0.2	0.472	0.000	0.000
213	  F	  1.9	  0.3	0.472	0.000	0.000
214	  K	  1.6	  0.1	0.472	0.000	0.000
215	  E	  1.1	  0.1	0.472	0.000	0.000
216	  R	  0.6	  0.1	0.472	0.000	0.000
217	  L	  0.5	  0.1	0.472	0.000	0.000
218	  A	  0.4	  0.2	0.311	0.000	0.000
219	  P	  0.1	  0.2	0.000	0.000	0.000
220	  Y	  0.4	  0.2	0.000	0.000	0.000
221	  A	  0.4	  0.3	0.000	0.000	0.000
222	  E	  0.5	  0.1	0.000	0.000	0.000
223	  S	  0.6	  0.1	7.964	0.000	0.000
224	  L	  0.7	  0.2	7.964	0.000	0.000
225	  K	  1.0	  0.1	7.964	0.000	0.000
226	  T	  1.3	  0.1	7.964	0.000	0.000
227	  R	  6.4	  0.1	7.964	0.000	0.000
228	  I	  9.2	  0.0	7.964	55.247	55.247
229	  I	 10.8	  0.0	7.964	55.247	55.247
230	  A	  6.0	  0.0	7.964	55.247	55.247
231	  L	  3.2	  0.0	6.981	55.247	55.247
232	  L	  0.7	  0.3	4.559	55.247	55.247
233	  D	  0.5	  0.3	2.987	0.000	0.000
234	  D	  0.8	  0.3	1.639	0.000	0.000
235	  F	  2.8	  0.4	1.020	0.000	0.000
236	  Q	  3.0	  0.1	0.855	0.000	0.000
237	  K	  2.9	  0.1	0.659	0.000	0.000
238	  R	  1.7	  0.1	0.494	0.000	0.000
239	  V	  1.4	  0.0	0.000	0.000	0.000
240	  A	  0.8	  0.0	0.000	0.000	0.000
