res	aa	Beta	Turn	Helix	Aggregation	Conc-Stab_Aggregation
01	  D	  0.0	  0.0	0.000	0.000	0.000
02	  E	  0.0	  0.0	0.000	0.000	0.000
03	  P	  0.0	  0.0	0.000	0.000	0.000
04	  Q	  0.0	  0.0	0.000	0.000	0.000
05	  S	  0.0	  0.3	0.000	0.000	0.000
06	  P	  0.0	  0.3	0.000	0.000	0.000
07	  W	  0.7	  0.3	0.000	0.000	0.000
08	  D	  0.8	  0.3	0.000	0.000	0.000
09	  Q	  1.9	  0.1	0.000	0.000	0.000
10	  V	  2.5	  0.2	0.000	0.198	0.198
11	  K	  2.6	  0.1	0.000	0.235	0.235
12	  D	  2.7	  0.1	0.674	0.235	0.235
13	  I	  5.2	  0.1	0.674	93.120	93.120
14	  I	 21.2	  0.0	0.674	94.560	94.560
15	  T	 24.9	  0.0	0.674	94.560	94.560
16	  V	 26.2	  0.0	0.674	94.560	94.560
17	  Y	 11.5	  0.0	0.674	94.550	94.550
18	  V	  7.0	  0.1	0.000	86.996	86.996
19	  D	  2.3	  0.1	0.209	0.110	0.110
20	  S	  1.9	  0.1	0.209	0.110	0.110
21	  I	  1.9	  0.1	0.209	0.110	0.110
22	  K	  1.8	  0.7	0.209	0.110	0.110
23	  E	  0.9	  4.5	0.209	0.000	0.000
24	  N	  0.1	  4.6	0.209	0.000	0.000
25	  G	  0.0	  4.6	0.177	0.000	0.000
26	  R	  0.1	  4.1	0.177	0.000	0.000
27	  E	  0.1	  0.3	0.177	0.000	0.000
28	  H	  0.5	  0.1	0.177	0.000	0.000
29	  L	  0.4	  0.1	0.177	0.000	0.000
30	  A	  0.7	  0.0	0.177	0.000	0.000
31	  Q	  1.6	  0.0	0.177	0.000	0.000
32	  I	  2.4	  0.2	0.000	0.000	0.000
33	  D	  2.0	  1.0	0.000	0.000	0.000
34	  G	  0.8	  1.2	0.000	0.000	0.000
35	  S	  0.0	  1.2	0.000	0.000	0.000
36	  G	  0.0	  1.3	0.000	0.000	0.000
37	  V	  0.1	  0.6	0.000	0.000	0.000
38	  G	  0.1	  0.5	0.000	0.000	0.000
39	  K	  0.2	  0.4	0.000	0.000	0.000
40	  Q	  1.0	  0.2	0.000	0.000	0.000
41	  L	  3.0	  0.1	0.000	0.000	0.000
42	  S	  6.1	  0.7	0.154	0.000	0.000
43	  L	  6.9	  0.7	0.154	0.000	0.000
44	  N	  5.0	  0.7	0.154	0.000	0.000
45	  L	  1.8	  0.9	0.154	0.000	0.000
46	  A	  0.1	  0.3	0.154	0.000	0.000
47	  D	  0.6	  0.2	0.154	0.000	0.000
48	  S	  6.1	  0.7	0.000	0.000	0.000
49	  W	  6.6	  0.6	0.000	0.000	0.000
50	  D	  6.1	  0.7	0.000	0.000	0.000
51	  S	  5.2	  0.9	0.000	0.000	0.000
52	  L	  4.9	  0.5	0.000	0.000	0.000
53	  S	  5.2	  0.5	0.000	0.000	0.000
54	  S	  1.2	  0.4	0.000	0.000	0.000
55	  T	 19.9	  0.2	0.000	0.000	0.000
56	  F	 23.3	  0.1	0.000	0.000	0.000
57	  T	 23.5	  0.1	0.000	0.000	0.000
58	  K	  5.7	  0.1	0.000	0.000	0.000
59	  L	  1.4	  0.1	0.000	0.000	0.000
60	  H	  0.9	  0.2	0.000	0.000	0.000
61	  E	  0.4	  0.2	0.000	0.000	0.000
62	  K	  0.5	  0.2	0.000	0.000	0.000
63	  L	  0.2	  0.2	0.000	0.000	0.000
64	  G	  0.1	  0.1	2.877	0.000	0.000
65	  P	  0.0	  0.0	2.877	0.000	0.000
66	  V	  7.5	  0.0	2.877	0.000	0.000
67	  T	  8.6	  0.0	5.593	0.000	0.000
68	  L	  9.2	  0.0	5.729	0.000	0.000
69	  E	  1.9	  0.0	5.729	0.000	0.000
70	  L	  0.8	  0.0	5.478	0.000	0.000
71	  L	  0.2	  0.8	5.478	0.000	0.000
72	  G	  0.1	  0.7	5.234	0.000	0.000
73	  N	  0.5	  0.7	4.152	0.000	0.000
74	  L	  0.6	  0.8	0.470	0.000	0.000
75	  E	  0.7	  0.1	0.134	0.000	0.000
76	  K	  0.3	  0.2	0.134	0.000	0.000
77	  E	  0.2	  0.3	0.000	0.000	0.000
78	  S	  0.1	  0.6	1.834	0.000	0.000
79	  E	  0.0	  0.6	1.834	0.000	0.000
80	  G	  0.0	  0.5	1.834	0.000	0.000
81	  L	  0.4	  0.4	1.834	0.000	0.000
82	  R	  0.6	  0.1	1.834	0.000	0.000
83	  Q	  0.7	  0.1	1.834	0.000	0.000
84	  E	  4.0	  0.1	1.834	0.000	0.000
85	  I	  5.4	  0.0	0.835	0.000	0.000
86	  N	  5.4	  0.7	3.822	0.000	0.000
87	  Q	  1.9	  0.7	3.494	0.000	0.000
88	  D	  0.3	  0.7	8.339	0.000	0.000
89	  M	  0.2	  0.7	8.743	0.000	0.000
90	  A	  0.4	  0.0	8.743	0.000	0.000
91	  K	  1.4	  0.0	8.879	0.000	0.000
92	  L	  1.4	  0.1	8.481	0.000	0.000
93	  K	  1.5	  0.1	8.012	0.000	0.000
94	  E	  0.4	  0.1	6.280	0.000	0.000
95	  K	  1.6	  0.1	4.853	0.000	0.000
96	  L	  1.4	  0.1	2.983	0.000	0.000
97	  Q	  1.3	  0.0	2.500	0.000	0.000
98	  P	  0.1	  0.0	0.000	0.000	0.000
99	  Y	  0.8	  0.1	0.000	0.000	0.000
100	  L	  1.0	  0.1	0.000	0.000	0.000
101	  D	  2.7	  0.1	0.000	0.000	0.000
102	  T	 22.0	  0.1	0.000	0.000	0.000
103	  F	 23.4	  0.1	0.000	0.000	0.000
104	  Q	 22.3	  0.0	0.000	0.000	0.000
105	  H	  3.0	  0.0	0.000	0.000	0.000
106	  Q	  1.6	  0.0	0.000	0.000	0.000
107	  V	  1.8	  0.0	0.160	0.000	0.000
108	  Q	  1.4	  0.1	0.160	0.000	0.000
109	  E	  0.8	  0.1	0.160	0.000	0.000
110	  E	  6.3	  0.1	0.160	0.000	0.000
111	  V	  6.9	  0.1	0.160	0.000	0.000
112	  N	  7.1	  0.1	0.160	0.000	0.000
113	  N	  3.0	  0.1	0.160	0.000	0.000
114	  Y	  4.4	  0.1	0.160	0.000	0.000
115	  R	  4.6	  0.1	0.000	0.000	0.000
116	  Q	  3.2	  0.1	0.000	0.000	0.000
117	  K	  6.2	  0.1	0.000	0.000	0.000
118	  V	  6.4	  0.0	0.000	0.000	0.000
119	  A	  5.7	  0.0	0.000	0.000	0.000
120	  P	  0.5	  0.0	0.000	0.000	0.000
121	  L	  0.7	  0.0	0.000	0.000	0.000
122	  S	  1.1	  0.0	1.885	0.000	0.000
123	  A	  1.3	  0.0	1.885	0.000	0.000
124	  E	  1.4	  0.0	1.885	0.000	0.000
125	  Y	  1.6	  0.0	1.885	0.000	0.000
126	  R	  1.5	  0.1	1.885	0.000	0.000
127	  E	  0.8	  0.1	1.885	0.000	0.000
128	  K	  1.5	  0.1	1.516	0.000	0.000
129	  V	  3.5	  0.1	0.945	0.000	0.000
130	  S	  3.7	  0.1	1.108	0.000	0.000
131	  Q	  2.7	  0.1	0.654	0.000	0.000
132	  K	  1.2	  0.1	0.404	0.000	0.000
133	  L	  1.0	  0.1	0.163	0.000	0.000
134	  Q	  1.0	  0.0	0.163	0.000	0.000
135	  E	  1.5	  0.0	0.163	0.000	0.000
136	  W	  2.2	  0.0	0.163	0.000	0.000
137	  Q	  2.0	  0.1	0.163	0.000	0.000
138	  E	  0.9	  0.1	0.163	0.000	0.000
139	  K	  2.7	  0.1	0.163	0.000	0.000
140	  L	  2.6	  0.1	0.163	0.000	0.000
141	  K	  2.6	  0.0	0.163	0.000	0.000
142	  P	  0.1	  0.0	0.000	0.000	0.000
143	  L	  0.0	  0.0	0.000	0.000	0.000
144	  N	  0.0	  0.1	1.923	0.000	0.000
145	  E	  0.1	  0.1	1.923	0.000	0.000
146	  K	  0.9	  0.1	1.923	0.000	0.000
147	  L	  1.1	  0.6	1.923	0.000	0.000
148	  R	  1.1	  0.7	1.923	0.000	0.000
149	  D	  0.2	  0.7	1.923	0.000	0.000
150	  G	  0.1	  0.7	1.055	0.000	0.000
151	  L	  0.7	  0.3	0.597	0.000	0.000
152	  R	  1.2	  0.2	0.362	0.000	0.000
153	  S	  1.6	  0.1	0.000	0.000	0.000
154	  H	  2.5	  0.2	0.000	0.000	0.000
155	  V	  2.9	  0.2	0.000	0.000	0.000
156	  D	  2.5	  0.1	0.148	0.000	0.000
157	  T	  3.6	  0.1	0.148	0.000	0.000
158	  L	  3.3	  0.1	0.148	0.000	0.000
159	  R	  3.5	  0.2	0.148	0.000	0.000
160	  S	  1.0	  0.2	0.148	0.000	0.000
161	  S	  0.7	  0.2	0.148	0.000	0.000
162	  L	  0.5	  0.2	0.000	0.000	0.000
163	  A	  0.4	  0.2	0.000	0.000	0.000
164	  P	  0.0	  0.1	0.000	0.000	0.000
165	  Y	  4.2	  0.2	0.000	0.000	0.000
166	  S	  4.7	  1.9	0.000	0.000	0.000
167	  A	  4.8	  1.8	0.000	0.000	0.000
168	  D	  1.0	  1.8	1.112	0.000	0.000
169	  V	  1.7	  1.8	1.112	0.000	0.000
170	  H	  2.2	  0.0	1.489	0.000	0.000
171	  K	  2.3	  0.0	1.489	0.000	0.000
172	  Y	  3.9	  0.0	2.747	0.000	0.000
173	  V	  4.0	  0.0	4.249	0.000	0.000
174	  A	  3.5	  0.1	5.950	0.000	0.000
175	  E	  0.9	  0.1	7.118	0.000	0.000
176	  R	  0.5	  0.1	7.118	0.000	0.000
177	  L	  0.8	  0.1	7.118	0.000	0.000
178	  K	  0.8	  0.0	7.118	0.000	0.000
179	  A	  0.7	  0.0	6.832	0.000	0.000
180	  L	  0.4	  0.1	6.510	0.000	0.000
181	  K	  0.6	  0.2	5.479	0.000	0.000
182	  E	  0.4	  0.4	3.464	0.000	0.000
183	  K	  0.3	  0.4	2.472	0.000	0.000
184	  G	  0.0	  0.4	0.962	0.000	0.000
185	  L	  0.0	  0.6	0.000	0.000	0.000
186	  G	  0.1	  0.4	0.000	0.000	0.000
187	  E	  0.1	  0.4	0.000	0.000	0.000
188	  Y	  0.1	  0.4	0.000	0.000	0.000
189	  P	  0.1	  0.0	0.165	0.000	0.000
190	  A	  0.1	  0.0	0.165	0.000	0.000
191	  K	  0.4	  0.0	0.165	0.000	0.000
192	  A	  0.7	  0.0	0.165	0.000	0.000
193	  V	  3.8	  0.1	0.165	0.000	0.000
194	  E	  3.6	  0.0	0.165	0.000	0.000
195	  H	  4.0	  0.0	0.000	0.000	0.000
196	  L	  0.9	  0.2	0.000	0.000	0.000
197	  K	  1.6	  0.2	0.000	0.000	0.000
198	  T	  2.1	  0.3	0.151	0.000	0.000
199	  F	  2.0	  0.5	0.151	0.000	0.000
200	  G	  1.3	  0.5	0.151	0.000	0.000
201	  E	  0.2	  0.5	0.151	0.000	0.000
202	  Q	  0.5	  0.3	0.151	0.000	0.000
203	  A	  0.5	  0.1	0.151	0.000	0.000
204	  K	  0.5	  0.2	0.151	0.000	0.000
205	  P	  0.1	  0.2	0.000	0.000	0.000
206	  T	  3.2	  0.2	0.000	0.000	0.000
207	  L	  3.3	  0.2	0.000	0.000	0.000
208	  T	  3.4	  0.0	0.000	0.000	0.000
209	  E	  1.4	  0.0	0.000	0.000	0.000
210	  I	  1.5	  0.1	0.000	0.000	0.000
211	  R	  1.4	  0.2	0.000	0.000	0.000
212	  D	  0.3	  0.3	0.000	0.000	0.000
213	  S	  1.6	  0.3	0.000	0.000	0.000
214	  L	  1.7	  0.2	0.000	0.000	0.000
215	  Q	  1.7	  0.1	0.000	0.000	0.000
216	  P	  0.1	  0.0	0.000	0.000	0.000
217	  L	  0.0	  0.0	0.000	0.000	0.000
218	  S	  0.1	  0.2	1.165	0.000	0.000
219	  E	  0.3	  0.2	1.165	0.000	0.000
220	  T	 15.0	  0.2	1.165	0.000	0.000
221	  F	 16.0	  0.2	1.165	0.000	0.000
222	  K	 16.0	  0.0	1.165	0.000	0.000
223	  A	  2.1	  0.1	1.165	0.474	0.474
224	  S	  0.8	  0.1	1.039	1.037	1.037
225	  L	  1.1	  0.0	0.692	1.575	1.575
226	  L	  4.1	  0.0	0.573	1.575	1.575
227	  N	  4.1	  0.0	0.349	1.575	1.575
228	  V	  5.2	  0.0	0.000	1.575	1.575
229	  L	  1.8	  0.1	0.000	1.241	1.241
230	  E	  1.6	  0.1	0.500	0.000	0.000
231	  E	  0.2	  0.1	0.500	0.000	0.000
232	  A	  0.3	  0.1	0.500	0.000	0.000
233	  Q	  0.5	  0.1	0.500	0.000	0.000
234	  K	  0.6	  0.2	0.500	0.000	0.000
235	  S	  3.2	  0.9	0.500	0.000	0.000
236	  L	  3.3	  0.9	0.192	0.000	0.000
237	  D	  3.1	  0.8	0.192	0.000	0.000
238	  S	  0.4	  0.8	0.000	0.000	0.000
239	  A	  0.0	  0.1	0.000	0.000	0.000
