res	aa	Beta	Turn	Helix	Aggregation	Conc-Stab_Aggregation
01	  D	  0.0	  0.0	0.000	0.000	0.000
02	  D	  0.0	  0.5	0.000	0.000	0.000
03	  P	  0.0	  0.5	0.000	0.000	0.000
04	  Q	  0.0	  0.5	0.000	0.000	0.000
05	  T	  0.0	  0.7	0.501	0.000	0.000
06	  P	  0.0	  0.2	0.501	0.000	0.000
07	  L	  0.0	  0.2	0.501	0.000	0.000
08	  D	  0.1	  0.2	1.328	0.000	0.000
09	  R	  4.3	  0.0	1.328	0.000	0.000
10	  I	  4.5	  0.1	1.328	0.000	0.000
11	  R	  4.5	  0.1	1.328	0.000	0.000
12	  D	  0.3	  0.1	2.210	0.000	0.000
13	  M	  0.6	  0.1	2.054	0.000	0.000
14	  L	  2.8	  0.0	1.592	0.000	0.000
15	  D	  5.3	  0.0	1.592	0.000	0.000
16	  V	  8.0	  0.0	1.370	0.000	0.000
17	  Y	  6.3	  0.0	1.370	0.000	0.000
18	  L	  3.8	  0.0	0.860	0.000	0.000
19	  E	  0.7	  0.0	0.992	0.000	0.000
20	  T	 16.0	  0.0	0.593	0.000	0.000
21	  V	 18.0	  0.1	0.593	0.000	0.000
22	  K	 18.1	  0.3	0.593	0.000	0.000
23	  A	  2.6	  0.6	0.301	0.000	0.000
24	  S	  0.3	  0.8	0.301	0.000	0.000
25	  G	  0.1	  1.2	0.000	0.000	0.000
26	  K	  0.1	  0.9	0.000	0.000	0.000
27	  D	  0.2	  0.6	0.000	0.000	0.000
28	  A	  0.5	  0.4	0.000	0.000	0.000
29	  I	  1.7	  0.1	0.000	0.000	0.000
30	  S	  2.1	  0.1	0.000	0.000	0.000
31	  Q	  9.1	  0.1	0.000	0.000	0.000
32	  F	  9.3	  0.2	0.000	0.000	0.000
33	  E	  8.9	  0.2	0.000	0.000	0.000
34	  S	  1.6	  0.2	0.000	0.000	0.000
35	  S	  0.5	  0.2	0.000	0.000	0.000
36	  A	  0.5	  0.3	0.000	0.000	0.000
37	  V	  0.5	  0.3	0.000	0.000	0.000
38	  G	  0.2	  0.4	0.000	0.000	0.000
39	  K	  0.2	  0.4	0.000	0.000	0.000
40	  Q	  1.0	  0.2	0.000	0.000	0.000
41	  L	  2.1	  0.1	0.000	0.000	0.000
42	  D	  2.2	  0.1	1.005	0.000	0.000
43	  L	  2.9	  0.1	1.005	0.000	0.000
44	  K	  2.1	  0.1	1.005	0.000	0.000
45	  L	  2.0	  0.4	1.005	0.000	0.000
46	  A	  0.4	  0.5	1.005	0.000	0.000
47	  D	  0.0	  0.5	1.005	0.000	0.000
48	  N	  0.3	  1.1	2.985	0.000	0.000
49	  L	  0.5	  0.8	2.671	0.000	0.000
50	  D	  0.5	  0.7	6.910	0.000	0.000
51	  T	  5.4	  0.7	8.880	0.000	0.000
52	  L	  5.8	  0.1	9.102	0.000	0.000
53	  S	  5.8	  0.0	15.645	0.000	0.000
54	  A	  0.8	  0.0	15.275	0.000	0.000
55	  A	  0.2	  0.0	15.148	0.000	0.000
56	  A	  0.1	  0.0	14.657	0.000	0.000
57	  A	  0.4	  0.0	14.051	0.000	0.000
58	  K	  1.0	  0.0	13.170	0.000	0.000
59	  L	  1.0	  0.1	5.863	0.000	0.000
60	  R	  0.8	  0.5	3.433	0.000	0.000
61	  E	  0.1	  0.5	2.014	0.000	0.000
62	  D	  0.5	  0.5	0.910	0.000	0.000
63	  M	  0.6	  0.4	0.269	0.000	0.000
64	  T	  0.6	  0.2	0.505	0.000	0.000
65	  P	  0.2	  0.2	0.505	0.000	0.000
66	  Y	  2.2	  0.2	0.505	0.000	0.000
67	  Y	  2.9	  0.3	0.505	0.000	0.000
68	  R	  3.1	  0.1	0.505	0.000	0.000
69	  E	  2.9	  0.1	0.505	0.000	0.000
70	  V	  2.7	  0.1	0.341	0.000	0.000
71	  R	  2.5	  0.0	0.464	0.000	0.000
72	  E	  0.8	  0.0	0.296	0.000	0.000
73	  M	  0.9	  0.0	0.296	0.000	0.000
74	  W	  1.3	  0.0	0.124	0.000	0.000
75	  L	  1.3	  0.1	0.124	0.000	0.000
76	  K	  0.9	  0.2	0.782	0.000	0.000
77	  D	  0.6	  0.2	3.630	0.000	0.000
78	  T	  0.5	  0.2	13.582	0.000	0.000
79	  E	  0.2	  0.1	13.964	0.000	0.000
80	  A	  0.4	  0.1	13.964	0.000	0.000
81	  L	  0.7	  0.0	13.964	0.000	0.000
82	  R	  0.8	  0.0	13.964	0.000	0.000
83	  A	  0.6	  0.0	13.548	0.000	0.000
84	  E	  0.8	  0.0	10.972	0.000	0.000
85	  L	  1.1	  0.0	6.767	0.000	0.000
86	  T	  1.5	  0.3	5.274	0.000	0.000
87	  K	  0.9	  0.2	5.122	0.000	0.000
88	  D	  0.7	  0.2	4.336	0.000	0.000
89	  L	  0.3	  0.3	3.462	0.000	0.000
90	  E	  0.3	  0.1	3.715	0.000	0.000
91	  E	 13.9	  0.0	3.558	0.000	0.000
92	  V	 15.4	  0.1	3.354	0.000	0.000
93	  K	 15.6	  0.1	3.354	0.000	0.000
94	  E	  2.0	  0.1	2.277	0.000	0.000
95	  K	  3.0	  0.1	2.074	0.000	0.000
96	  I	  3.2	  0.0	0.798	0.000	0.000
97	  R	  3.2	  0.0	0.798	0.000	0.000
98	  P	  0.5	  0.0	0.000	0.000	0.000
99	  F	  1.0	  0.1	0.000	0.000	0.000
100	  L	  1.1	  0.2	0.000	0.000	0.000
101	  D	  1.8	  0.2	0.786	0.000	0.000
102	  Q	  3.5	  0.2	0.786	0.000	0.000
103	  F	  7.4	  0.1	0.786	0.000	0.000
104	  S	  6.9	  0.0	0.786	0.000	0.000
105	  A	  4.5	  0.0	0.786	0.000	0.000
106	  K	  2.7	  0.0	0.786	0.000	0.000
107	  W	  3.2	  0.0	0.176	0.000	0.000
108	  T	  3.0	  0.1	0.000	0.000	0.000
109	  E	  0.8	  0.1	0.000	0.000	0.000
110	  E	  2.3	  0.1	0.149	0.000	0.000
111	  V	  3.6	  0.1	0.556	0.000	0.000
112	  E	  3.8	  0.1	0.556	0.000	0.000
113	  Q	  3.7	  0.1	0.556	0.000	0.000
114	  Y	  4.8	  0.1	0.556	0.000	0.000
115	  R	  5.1	  0.1	0.556	0.000	0.000
116	  Q	  3.2	  0.1	0.556	0.000	0.000
117	  R	  1.2	  0.1	0.134	0.000	0.000
118	  L	  0.7	  0.1	0.000	0.000	0.000
119	  A	  0.4	  0.0	0.000	0.000	0.000
120	  P	  0.1	  0.0	0.000	0.000	0.000
121	  V	  1.7	  0.0	0.000	0.000	0.000
122	  A	  1.8	  0.0	0.000	0.000	0.000
123	  Q	  1.9	  0.1	0.000	0.000	0.000
124	  E	  1.6	  0.1	0.000	0.000	0.000
125	  L	  1.7	  0.3	0.000	0.000	0.000
126	  K	  1.7	  0.3	0.155	0.000	0.000
127	  D	  0.4	  0.2	0.155	0.000	0.000
128	  L	  0.8	  0.2	0.155	0.000	0.000
129	  T	  2.1	  0.1	1.035	0.000	0.000
130	  K	  2.2	  0.1	1.035	0.000	0.000
131	  Q	  2.3	  0.1	1.035	0.000	0.000
132	  K	  8.4	  0.1	0.880	0.000	0.000
133	  V	 12.6	  0.0	0.880	0.000	0.000
134	  E	 12.0	  0.0	1.170	0.000	0.000
135	  L	  5.0	  0.0	1.170	0.000	0.000
136	  M	  0.7	  0.0	1.170	0.000	0.000
137	  Q	  0.8	  0.0	0.968	0.000	0.000
138	  A	  0.9	  0.0	0.668	0.000	0.000
139	  K	  4.1	  0.0	0.668	0.000	0.000
140	  L	  4.0	  0.0	0.000	0.000	0.000
141	  T	  3.7	  0.0	0.000	0.000	0.000
142	  P	  0.2	  0.0	0.000	0.000	0.000
143	  V	  0.8	  0.0	0.172	0.000	0.000
144	  A	  0.8	  0.0	1.628	0.000	0.000
145	  E	  0.8	  0.0	3.525	0.000	0.000
146	  E	  1.8	  0.0	5.486	0.000	0.000
147	  V	  2.5	  0.1	5.646	0.000	0.000
148	  R	  2.5	  0.1	5.865	0.000	0.000
149	  D	  0.8	  0.2	10.309	0.000	0.000
150	  R	  0.6	  0.2	10.873	0.000	0.000
151	  L	  0.6	  0.1	11.877	0.000	0.000
152	  R	  0.6	  0.1	12.021	0.000	0.000
153	  E	  0.1	  0.1	12.333	0.000	0.000
154	  Q	  1.7	  0.1	12.808	0.000	0.000
155	  V	  2.2	  0.1	14.394	0.000	0.000
156	  E	  2.2	  0.0	16.860	0.000	0.000
157	  E	  0.8	  0.0	17.001	0.000	0.000
158	  L	  0.5	  0.1	17.001	0.000	0.000
159	  R	  1.0	  0.2	16.850	0.000	0.000
160	  K	  0.8	  0.2	16.660	0.000	0.000
161	  N	  0.7	  0.2	14.205	0.000	0.000
162	  L	  0.2	  0.2	5.812	0.000	0.000
163	  A	  0.1	  0.1	3.786	0.000	0.000
164	  P	  0.0	  0.1	0.000	0.000	0.000
165	  Y	  1.6	  0.2	0.000	0.000	0.000
166	  S	  1.7	  0.3	4.265	0.000	0.000
167	  S	  1.7	  0.2	6.492	0.000	0.000
168	  E	  0.4	  0.2	7.395	0.000	0.000
169	  L	  0.6	  0.2	7.395	0.000	0.000
170	  R	  0.9	  0.1	7.395	0.000	0.000
171	  Q	  1.0	  0.1	7.395	0.000	0.000
172	  K	  1.2	  0.1	6.515	0.000	0.000
173	  L	  1.1	  0.1	5.398	0.000	0.000
174	  S	  1.0	  0.1	5.644	0.000	0.000
175	  Q	  0.8	  0.1	4.166	0.000	0.000
176	  K	  2.2	  0.1	2.875	0.000	0.000
177	  L	  2.0	  0.1	2.222	0.000	0.000
178	  E	  1.7	  0.1	2.583	0.000	0.000
179	  E	  1.2	  0.0	2.724	0.000	0.000
180	  I	  1.5	  0.1	2.724	0.000	0.000
181	  R	  1.6	  0.2	2.724	0.000	0.000
182	  E	  0.5	  0.2	2.377	0.000	0.000
183	  R	  0.4	  0.2	2.377	0.000	0.000
184	  G	  0.4	  0.2	2.036	0.000	0.000
185	  I	  0.3	  0.1	0.000	0.000	0.000
186	  P	  0.0	  0.0	0.000	0.000	0.000
187	  Q	  0.2	  0.0	0.000	0.000	0.000
188	  A	  0.2	  0.1	0.000	0.000	0.000
189	  S	  0.3	  0.1	0.000	0.000	0.000
190	  E	  1.6	  0.1	0.000	0.000	0.000
191	  Y	  4.2	  0.1	0.000	0.000	0.000
192	  Q	  4.4	  0.0	0.000	0.000	0.000
193	  A	  3.2	  0.0	0.000	0.000	0.000
194	  K	  2.7	  0.0	0.000	0.000	0.000
195	  V	  6.7	  0.0	0.000	0.000	0.000
196	  V	  7.7	  0.0	0.000	0.000	0.000
197	  E	  5.7	  0.0	0.000	0.000	0.000
198	  Q	  2.2	  0.0	0.000	0.000	0.000
199	  L	  0.9	  0.2	0.000	0.000	0.000
200	  S	  0.9	  0.2	0.000	0.000	0.000
201	  N	  0.8	  0.2	0.374	0.000	0.000
202	  L	  0.8	  0.2	0.374	0.000	0.000
203	  R	  0.8	  0.1	0.374	0.000	0.000
204	  E	  0.2	  0.1	0.374	0.000	0.000
205	  K	  4.2	  0.1	0.374	0.000	0.000
206	  M	  4.3	  0.0	0.374	0.000	0.000
207	  T	  4.3	  0.0	0.000	0.000	0.000
208	  P	  0.2	  0.0	0.000	0.000	0.000
209	  L	  0.3	  0.0	0.000	0.000	0.000
210	  V	  1.0	  0.1	0.000	0.000	0.000
211	  Q	  1.4	  0.1	0.000	0.000	0.000
212	  E	  4.6	  0.1	0.000	0.000	0.000
213	  F	  4.7	  0.1	0.000	0.000	0.000
214	  K	  4.5	  0.1	0.000	0.000	0.000
215	  E	  1.1	  0.1	0.000	0.000	0.000
216	  R	  1.5	  0.1	0.000	0.000	0.000
217	  L	  1.5	  0.1	0.000	0.000	0.000
218	  T	  1.5	  0.2	1.079	0.000	0.000
219	  P	  0.2	  0.2	1.284	0.000	0.000
220	  Y	  0.4	  0.2	1.543	0.000	0.000
221	  A	  0.4	  0.4	2.312	0.000	0.000
222	  E	  0.4	  0.3	2.312	0.000	0.000
223	  N	  0.4	  0.3	2.816	0.000	0.000
224	  L	  0.6	  0.4	2.816	0.000	0.000
225	  K	  0.6	  0.2	2.816	0.000	0.000
226	  N	  0.3	  0.2	2.711	0.000	0.000
227	  R	  0.7	  0.2	1.076	0.000	0.000
228	  L	  1.2	  0.0	0.646	0.000	0.000
229	  I	  4.4	  0.0	0.296	0.000	0.000
230	  D	  3.7	  0.0	0.463	0.000	0.000
231	  L	  3.6	  0.0	0.309	0.000	0.000
232	  L	  0.4	  0.0	0.309	0.000	0.000
233	  D	  0.5	  0.0	0.453	0.000	0.000
234	  E	  3.1	  0.0	0.453	0.000	0.000
235	  V	  3.9	  0.0	0.453	0.000	0.000
236	  Q	  4.1	  0.1	0.453	0.000	0.000
237	  K	  1.4	  0.1	0.143	0.000	0.000
238	  T	  1.4	  0.1	0.143	0.000	0.000
239	  M	  1.1	  0.1	0.143	0.000	0.000
240	  A	  0.8	  0.0	0.000	0.000	0.000
