res	aa	Beta	Turn	Helix	Aggregation	Conc-Stab_Aggregation
01	  D	  0.0	  0.0	0.000	0.000	0.000
02	  D	  0.0	  0.5	0.000	0.000	0.000
03	  P	  0.0	  0.5	0.000	0.000	0.000
04	  Q	  0.0	  0.5	0.000	0.000	0.000
05	  T	  0.0	  0.7	0.165	0.000	0.000
06	  P	  0.0	  0.2	0.165	0.000	0.000
07	  W	  0.2	  0.2	0.165	0.000	0.000
08	  D	  0.3	  0.2	0.374	0.000	0.000
09	  R	  2.0	  0.1	0.374	0.000	0.000
10	  V	  3.4	  0.4	0.374	0.706	0.706
11	  K	  3.4	  0.3	0.374	0.844	0.844
12	  D	  1.8	  0.3	0.866	0.844	0.844
13	  F	  0.5	  0.5	0.866	61.386	61.386
14	  A	  1.1	  0.2	0.657	62.220	62.220
15	  T	  7.2	  0.2	0.657	62.220	62.220
16	  V	 12.9	  0.2	0.657	62.220	62.220
17	  Y	 13.6	  0.0	0.657	62.220	62.220
18	  V	  8.3	  0.1	0.126	57.288	57.288
19	  D	  2.1	  0.1	0.265	0.544	0.544
20	  A	  1.4	  0.1	0.265	0.544	0.544
21	  V	  2.5	  0.1	0.265	0.544	0.544
22	  K	  2.4	  0.3	0.265	0.544	0.544
23	  D	  1.7	  1.1	0.139	0.000	0.000
24	  S	  0.2	  1.4	0.139	0.000	0.000
25	  G	  0.1	  1.3	0.000	0.000	0.000
26	  R	  0.3	  1.1	0.000	0.000	0.000
27	  E	  0.3	  0.3	0.000	0.000	0.000
28	  Y	  2.0	  0.1	0.000	0.000	0.000
29	  V	  3.8	  0.1	0.000	0.000	0.000
30	  S	  4.2	  0.1	0.000	0.000	0.000
31	  Q	  9.7	  0.1	0.000	0.000	0.000
32	  F	  8.2	  0.1	0.000	0.000	0.000
33	  E	  7.8	  0.1	0.000	0.000	0.000
34	  T	  1.6	  0.1	0.187	0.000	0.000
35	  S	  1.7	  0.1	0.187	0.000	0.000
36	  V	  2.3	  0.0	0.187	0.000	0.000
37	  L	  1.3	  0.1	0.187	0.000	0.000
38	  G	  0.7	  0.1	0.365	0.000	0.000
39	  K	  0.2	  0.1	0.365	0.000	0.000
40	  Q	  1.3	  0.1	0.178	0.000	0.000
41	  M	  3.3	  0.1	0.178	0.000	0.000
42	  N	  3.5	  0.4	0.621	0.000	0.000
43	  L	  4.1	  0.4	0.621	0.000	0.000
44	  N	  2.1	  0.4	0.621	0.000	0.000
45	  L	  1.8	  0.4	0.443	0.000	0.000
46	  L	  0.2	  0.5	0.443	0.000	0.000
47	  E	  0.3	  0.5	0.443	0.000	0.000
48	  N	  0.8	  1.0	0.000	0.000	0.000
49	  W	  1.1	  1.1	0.000	0.000	0.000
50	  D	  1.1	  0.7	0.000	0.000	0.000
51	  T	  0.6	  0.9	0.000	0.000	0.000
52	  L	  0.2	  1.1	0.000	0.000	0.000
53	  G	  0.2	  1.1	0.000	0.000	0.000
54	  S	  0.6	  1.0	0.000	0.000	0.000
55	  T	  1.2	  1.0	0.000	0.000	0.000
56	  V	  1.3	  0.5	0.000	0.000	0.000
57	  G	  0.7	  0.4	0.322	0.000	0.000
58	  R	  0.6	  0.4	0.322	0.000	0.000
59	  L	  0.6	  0.3	0.322	0.000	0.000
60	  Q	  0.7	  0.1	0.322	0.000	0.000
61	  E	  0.2	  0.1	0.322	0.000	0.000
62	  Q	  0.2	  0.1	0.322	0.000	0.000
63	  L	  0.1	  0.1	0.142	0.000	0.000
64	  G	  0.1	  0.1	0.142	0.000	0.000
65	  P	  0.0	  0.0	0.000	0.000	0.000
66	  V	  4.1	  0.0	0.000	0.000	0.000
67	  T	  4.6	  0.1	0.000	0.000	0.000
68	  Q	  5.0	  0.1	0.000	0.000	0.000
69	  E	  1.4	  0.1	0.000	0.000	0.000
70	  F	  2.1	  0.1	0.000	0.000	0.000
71	  W	  2.0	  0.4	0.000	0.000	0.000
72	  D	  1.5	  0.5	0.000	0.000	0.000
73	  N	  0.8	  0.5	0.000	0.000	0.000
74	  L	  0.7	  0.4	0.000	0.000	0.000
75	  E	  0.9	  0.2	0.000	0.000	0.000
76	  K	  0.7	  0.2	0.000	0.000	0.000
77	  D	  0.7	  0.6	0.224	0.000	0.000
78	  T	  0.8	  0.6	3.275	0.000	0.000
79	  D	  0.5	  0.5	3.507	0.000	0.000
80	  W	  1.1	  0.4	3.507	0.000	0.000
81	  L	  1.1	  0.0	3.507	0.000	0.000
82	  R	  1.3	  0.1	3.507	0.000	0.000
83	  Q	  0.7	  0.1	3.507	0.000	0.000
84	  E	  1.4	  0.1	1.946	0.000	0.000
85	  M	  1.3	  0.0	0.943	0.000	0.000
86	  N	  1.2	  0.9	1.322	0.000	0.000
87	  K	  0.2	  0.9	1.020	0.000	0.000
88	  D	  0.3	  0.9	6.885	0.000	0.000
89	  L	  0.3	  0.9	7.389	0.000	0.000
90	  E	  0.3	  0.1	8.671	0.000	0.000
91	  E	 13.0	  0.0	8.899	0.000	0.000
92	  V	 14.9	  0.0	8.762	0.000	0.000
93	  K	 15.1	  0.0	8.762	0.000	0.000
94	  A	  2.7	  0.0	7.709	0.000	0.000
95	  K	  3.3	  0.0	7.346	0.000	0.000
96	  V	  3.3	  0.0	3.164	0.000	0.000
97	  Q	  3.1	  0.0	3.010	0.000	0.000
98	  P	  0.4	  0.0	0.000	0.000	0.000
99	  Y	  1.0	  0.1	0.000	0.000	0.000
100	  L	  1.1	  0.2	0.000	0.000	0.000
101	  D	  1.9	  0.2	0.000	0.000	0.000
102	  Q	  5.1	  0.2	0.000	0.000	0.000
103	  F	  6.6	  0.2	0.000	0.000	0.000
104	  Q	  6.2	  0.1	0.000	0.000	0.000
105	  S	  2.2	  0.1	0.000	0.000	0.000
106	  K	  1.2	  0.1	0.000	0.000	0.000
107	  W	  1.6	  0.0	0.160	0.000	0.000
108	  Q	  1.5	  0.1	0.160	0.000	0.000
109	  E	  0.8	  0.1	0.320	0.000	0.000
110	  E	  1.9	  0.1	0.594	0.000	0.000
111	  V	  5.5	  0.0	0.794	0.000	0.000
112	  A	  5.7	  0.0	0.794	0.000	0.000
113	  L	  4.1	  0.0	0.794	0.000	0.000
114	  Y	  2.4	  0.0	0.794	0.000	0.000
115	  R	  2.4	  0.1	0.473	0.000	0.000
116	  Q	  2.9	  0.1	0.346	0.000	0.000
117	  K	 17.6	  0.1	0.000	0.000	0.000
118	  V	 18.1	  0.0	0.000	0.000	0.000
119	  E	 17.5	  0.2	0.000	0.000	0.000
120	  P	  0.8	  0.2	0.000	0.000	0.000
121	  L	  0.0	  0.3	0.000	0.000	0.000
122	  G	  0.0	  0.3	0.454	0.000	0.000
123	  A	  0.1	  0.1	0.454	0.000	0.000
124	  E	  0.4	  0.1	0.454	0.000	0.000
125	  L	  0.6	  0.5	0.454	0.000	0.000
126	  R	  0.5	  0.8	0.770	0.000	0.000
127	  D	  0.2	  0.8	0.770	0.000	0.000
128	  G	  0.0	  0.8	2.876	0.000	0.000
129	  A	  0.2	  0.4	2.723	0.000	0.000
130	  R	  0.5	  0.2	2.723	0.000	0.000
131	  Q	  0.9	  0.1	2.723	0.000	0.000
132	  K	  1.3	  0.1	2.723	0.000	0.000
133	  L	  1.0	  0.1	2.407	0.000	0.000
134	  Q	  0.8	  0.1	2.144	0.000	0.000
135	  E	  0.5	  0.1	1.793	0.000	0.000
136	  L	  0.5	  0.1	1.542	0.000	0.000
137	  Q	  0.6	  0.1	1.345	0.000	0.000
138	  E	  0.3	  0.1	0.910	0.000	0.000
139	  K	  3.8	  0.1	0.665	0.000	0.000
140	  L	  3.8	  0.1	0.354	0.000	0.000
141	  T	  3.7	  0.4	0.176	0.000	0.000
142	  P	  0.2	  0.4	0.000	0.000	0.000
143	  L	  0.0	  0.5	0.000	0.000	0.000
144	  G	  0.0	  0.9	2.182	0.000	0.000
145	  E	  0.0	  0.5	2.485	0.000	0.000
146	  D	  0.4	  0.5	10.052	0.000	0.000
147	  L	  0.6	  0.5	10.052	0.000	0.000
148	  R	  0.6	  0.2	10.201	0.000	0.000
149	  D	  0.2	  0.2	10.201	0.000	0.000
150	  R	  0.7	  0.2	9.987	0.000	0.000
151	  M	  1.0	  0.1	9.987	0.000	0.000
152	  R	  1.2	  0.1	8.252	0.000	0.000
153	  K	  0.7	  0.1	7.029	0.000	0.000
154	  H	  1.8	  0.2	4.960	0.000	0.000
155	  V	  2.6	  0.1	0.718	0.000	0.000
156	  D	  2.3	  0.1	0.874	0.000	0.000
157	  T	  3.4	  0.1	1.028	0.000	0.000
158	  L	  2.7	  0.1	1.028	0.000	0.000
159	  R	  2.9	  0.1	0.890	0.000	0.000
160	  T	  1.4	  0.1	0.696	0.000	0.000
161	  K	  4.7	  0.1	0.696	0.000	0.000
162	  L	  4.6	  0.0	0.540	0.000	0.000
163	  T	  3.7	  0.2	0.174	0.000	0.000
164	  P	  0.2	  0.1	0.000	0.000	0.000
165	  Y	  0.3	  0.3	0.000	0.000	0.000
166	  S	  0.3	  0.4	6.444	0.000	0.000
167	  D	  0.3	  0.2	13.392	0.000	0.000
168	  Q	  0.9	  0.2	14.855	0.000	0.000
169	  M	  0.9	  0.1	15.237	0.000	0.000
170	  R	  1.0	  0.1	15.743	0.000	0.000
171	  E	  0.1	  0.1	16.672	0.000	0.000
172	  R	  0.2	  0.1	19.268	0.000	0.000
173	  L	  0.2	  0.1	18.734	0.000	0.000
174	  A	  0.2	  0.1	19.100	0.000	0.000
175	  E	  0.1	  0.1	18.805	0.000	0.000
176	  R	  0.2	  0.1	17.334	0.000	0.000
177	  L	  0.2	  0.1	16.074	0.000	0.000
178	  A	  0.4	  0.0	15.533	0.000	0.000
179	  Q	  1.2	  0.0	14.746	0.000	0.000
180	  L	  1.3	  0.2	9.398	0.000	0.000
181	  K	  1.2	  0.2	7.216	0.000	0.000
182	  D	  0.3	  0.2	1.535	0.000	0.000
183	  S	  0.1	  0.5	0.448	0.000	0.000
184	  P	  0.0	  0.4	0.131	0.000	0.000
185	  T	  0.5	  0.4	0.370	0.000	0.000
186	  L	  0.5	  0.5	0.370	0.000	0.000
187	  A	  0.6	  0.2	0.370	0.000	0.000
188	  E	  4.1	  0.2	0.370	0.000	0.000
189	  Y	  4.9	  0.2	0.370	0.000	0.000
190	  H	  5.8	  0.0	0.239	0.000	0.000
191	  T	  2.5	  0.1	0.000	0.000	0.000
192	  K	  2.2	  0.3	0.000	0.000	0.000
193	  A	  1.2	  0.4	0.000	0.000	0.000
194	  T	  0.7	  0.5	0.000	0.000	0.000
195	  G	  0.1	  0.5	0.000	0.000	0.000
196	  H	  0.8	  0.2	0.000	0.000	0.000
197	  L	  1.1	  0.1	0.000	0.000	0.000
198	  K	  1.2	  0.0	0.000	0.000	0.000
199	  A	  0.6	  0.0	0.000	0.000	0.000
200	  L	  0.2	  0.1	0.000	0.000	0.000
201	  G	  0.1	  0.2	0.000	0.000	0.000
202	  E	  0.1	  0.2	0.000	0.000	0.000
203	  K	  0.8	  0.2	0.000	0.000	0.000
204	  A	  0.8	  0.1	0.000	0.000	0.000
205	  K	  0.7	  0.0	0.000	0.000	0.000
206	  P	  0.0	  0.0	0.000	0.000	0.000
207	  A	  0.1	  0.0	0.000	0.000	0.000
208	  L	  0.2	  0.3	0.000	0.000	0.000
209	  E	  0.2	  0.3	0.000	0.000	0.000
210	  D	  0.5	  0.3	0.000	0.000	0.000
211	  L	  0.8	  0.4	0.000	0.000	0.000
212	  R	  0.8	  0.3	0.000	0.000	0.000
213	  Q	  0.4	  0.3	0.000	0.000	0.000
214	  G	  0.1	  0.3	0.000	0.000	0.000
215	  L	  0.1	  0.2	0.000	0.000	0.000
216	  M	  0.1	  0.0	0.000	0.000	0.000
217	  P	  0.1	  0.0	0.000	0.000	0.000
218	  V	  3.6	  0.0	0.000	0.000	0.000
219	  F	  5.0	  0.2	0.000	0.000	0.000
220	  E	  5.2	  0.2	0.000	0.000	0.000
221	  S	  3.3	  0.2	2.427	0.000	0.000
222	  F	  3.1	  0.2	2.427	0.000	0.000
223	  K	  3.0	  0.0	2.427	0.000	0.000
224	  A	  1.7	  0.1	2.427	0.000	0.000
225	  R	  0.9	  0.1	2.427	0.000	0.000
226	  L	  1.3	  0.0	2.427	0.367	0.367
227	  M	  3.4	  0.0	2.007	0.367	0.367
228	  S	  3.4	  0.0	0.850	0.367	0.367
229	  M	  3.4	  0.0	0.267	0.367	0.367
230	  I	  1.2	  0.0	0.000	0.367	0.367
231	  D	  0.8	  0.1	5.803	0.000	0.000
232	  E	  0.3	  0.1	5.803	0.000	0.000
233	  A	  0.4	  0.1	5.803	0.000	0.000
234	  S	  0.6	  0.2	5.945	0.000	0.000
235	  K	  0.4	  0.2	5.945	0.000	0.000
236	  K	  1.1	  0.2	5.945	0.000	0.000
237	  L	  1.3	  0.1	3.575	0.000	0.000
238	  N	  1.3	  0.0	2.249	0.000	0.000
239	  A	  0.4	  0.0	1.379	0.000	0.000
240	  Q	  0.1	  0.0	0.317	0.000	0.000
