res	aa	Beta	Turn	Helix	Aggregation	Conc-Stab_Aggregation
01	  D	  0.0	  0.0	0.000	0.000	0.000
02	  E	  0.0	  0.0	0.000	0.000	0.000
03	  P	  0.0	  0.1	0.000	0.000	0.000
04	  Q	  1.1	  0.1	0.000	0.000	0.000
05	  T	  4.7	  0.1	0.223	0.000	0.000
06	  Y	  5.7	  0.2	0.223	0.000	0.000
07	  L	  4.7	  0.2	0.223	0.000	0.000
08	  D	  1.2	  0.2	0.223	0.000	0.000
09	  R	  4.7	  0.2	0.223	0.000	0.000
10	  F	  5.1	  0.2	0.223	0.000	0.000
11	  N	  5.1	  0.1	0.000	0.000	0.000
12	  D	  0.7	  0.1	0.124	0.000	0.000
13	  V	  4.0	  0.1	0.124	0.345	0.345
14	  M	  7.8	  0.0	0.124	0.345	0.345
15	  N	 11.9	  0.0	0.515	0.345	0.345
16	  V	 12.0	  0.0	0.655	0.345	0.345
17	  Y	  8.9	  0.0	1.323	0.345	0.345
18	  M	  4.8	  0.0	1.454	0.175	0.175
19	  E	  1.1	  0.0	1.454	0.000	0.000
20	  A	  0.5	  0.0	1.454	0.000	0.000
21	  L	  0.7	  0.3	1.454	0.000	0.000
22	  K	  0.8	  0.5	1.454	0.000	0.000
23	  S	  0.8	  1.1	0.744	0.000	0.000
24	  G	  0.4	  1.2	0.000	0.000	0.000
25	  S	  0.4	  1.0	0.352	0.000	0.000
26	  E	  0.0	  0.8	0.352	0.000	0.000
27	  E	  0.1	  0.2	0.352	0.000	0.000
28	  L	  1.1	  0.1	0.352	0.000	0.000
29	  V	  2.7	  0.0	0.352	0.000	0.000
30	  A	  3.0	  0.0	0.352	0.000	0.000
31	  Q	  3.7	  0.0	0.352	0.000	0.000
32	  F	  3.0	  0.0	0.163	0.000	0.000
33	  D	  2.7	  1.8	3.271	0.000	0.000
34	  A	  1.1	  1.9	3.271	0.000	0.000
35	  S	  0.4	  1.9	5.833	0.000	0.000
36	  A	  0.4	  1.8	5.833	0.000	0.000
37	  M	  0.3	  0.0	5.833	0.000	0.000
38	  A	  0.3	  0.1	5.833	0.000	0.000
39	  K	  0.3	  0.1	5.572	0.000	0.000
40	  Q	  1.1	  0.1	4.680	0.000	0.000
41	  M	  2.4	  0.1	2.429	0.000	0.000
42	  D	  2.4	  0.0	2.034	0.000	0.000
43	  L	  3.1	  0.0	1.655	0.000	0.000
44	  K	  2.2	  0.0	1.655	0.000	0.000
45	  M	  2.1	  0.2	0.662	0.000	0.000
46	  A	  0.5	  0.3	0.260	0.000	0.000
47	  D	  0.1	  0.4	0.260	0.000	0.000
48	  T	  0.2	  0.5	0.000	0.000	0.000
49	  L	  0.2	  0.6	0.000	0.000	0.000
50	  G	  0.2	  0.6	0.000	0.000	0.000
51	  S	  3.2	  1.1	0.000	0.000	0.000
52	  L	  3.7	  1.0	0.000	0.000	0.000
53	  N	  3.8	  0.7	0.000	0.000	0.000
54	  S	  1.1	  0.6	0.000	0.000	0.000
55	  K	  2.6	  0.1	0.000	0.000	0.000
56	  V	  6.7	  0.0	0.000	0.000	0.000
57	  V	 11.0	  0.0	0.000	0.000	0.000
58	  Q	 10.1	  0.0	0.000	0.000	0.000
59	  L	  6.0	  0.1	0.000	0.000	0.000
60	  K	  1.3	  0.5	0.000	0.000	0.000
61	  E	  0.1	  0.5	0.000	0.000	0.000
62	  D	  0.1	  0.5	0.000	0.000	0.000
63	  L	  0.1	  0.5	0.000	0.000	0.000
64	  A	  0.1	  0.2	0.000	0.000	0.000
65	  P	  0.1	  0.2	0.000	0.000	0.000
66	  Y	  1.8	  0.2	0.000	0.000	0.000
67	  Y	  2.1	  0.3	0.000	0.000	0.000
68	  D	  2.1	  0.1	0.244	0.000	0.000
69	  E	  2.1	  0.1	0.244	0.000	0.000
70	  V	  2.6	  0.1	0.244	0.000	0.000
71	  R	  2.9	  0.0	0.244	0.000	0.000
72	  K	  1.7	  0.0	0.244	0.000	0.000
73	  T	  6.6	  0.0	0.244	0.000	0.000
74	  W	  6.6	  0.0	0.244	0.000	0.000
75	  D	  6.1	  0.1	0.859	0.000	0.000
76	  K	  0.5	  0.1	0.859	0.000	0.000
77	  E	  0.3	  0.1	0.859	0.000	0.000
78	  M	  0.5	  0.2	0.859	0.000	0.000
79	  E	  0.4	  0.1	0.859	0.000	0.000
80	  S	  2.4	  0.1	0.859	0.000	0.000
81	  L	  3.0	  0.2	0.707	0.000	0.000
82	  R	  3.4	  0.1	0.452	0.000	0.000
83	  H	  2.6	  0.0	0.249	0.000	0.000
84	  E	  3.5	  0.0	0.000	0.000	0.000
85	  V	  4.7	  0.0	0.000	0.000	0.000
86	  A	  3.4	  0.2	0.000	0.000	0.000
87	  Q	  1.8	  0.2	0.000	0.000	0.000
88	  D	  0.3	  1.5	2.950	0.000	0.000
89	  L	  0.4	  1.5	3.109	0.000	0.000
90	  D	  0.3	  1.3	3.904	0.000	0.000
91	  K	  2.0	  1.3	3.904	0.000	0.000
92	  V	  4.5	  0.0	3.904	0.000	0.000
93	  R	  4.7	  0.1	3.904	0.000	0.000
94	  Q	  3.2	  0.1	3.569	0.000	0.000
95	  K	  1.9	  0.1	2.920	0.000	0.000
96	  L	  1.7	  0.1	1.424	0.000	0.000
97	  Q	  1.4	  0.0	1.201	0.000	0.000
98	  P	  0.1	  0.0	0.000	0.000	0.000
99	  A	  0.1	  0.0	0.000	0.000	0.000
100	  L	  0.2	  0.2	0.000	0.000	0.000
101	  E	  0.3	  0.2	0.000	0.000	0.000
102	  Q	  0.8	  0.2	0.000	0.000	0.000
103	  F	  1.3	  0.2	0.000	0.000	0.000
104	  A	  1.3	  0.0	0.000	0.000	0.000
105	  Q	  1.9	  0.0	0.000	0.000	0.000
106	  Q	  1.5	  0.0	0.000	0.000	0.000
107	  W	  1.5	  0.1	0.000	0.000	0.000
108	  G	  0.3	  0.1	0.145	0.000	0.000
109	  A	  0.2	  0.1	0.145	0.000	0.000
110	  E	  0.3	  0.1	0.145	0.000	0.000
111	  L	  1.1	  0.1	0.145	0.000	0.000
112	  E	  1.4	  0.1	0.145	0.000	0.000
113	  L	  3.3	  0.0	0.145	0.000	0.000
114	  S	  3.7	  0.0	0.352	0.000	0.000
115	  W	  3.5	  0.1	0.208	0.000	0.000
116	  K	  1.6	  0.1	0.208	0.000	0.000
117	  K	  4.5	  0.1	0.208	0.000	0.000
118	  L	  4.4	  0.1	0.208	0.000	0.000
119	  E	  4.3	  0.0	0.208	0.000	0.000
120	  P	  0.1	  0.0	0.000	0.000	0.000
121	  M	  0.2	  0.0	0.000	0.000	0.000
122	  A	  0.2	  0.1	0.000	0.000	0.000
123	  S	  0.2	  0.1	0.299	0.000	0.000
124	  E	  1.5	  0.1	0.299	0.000	0.000
125	  L	  1.6	  0.2	0.299	0.000	0.000
126	  K	  1.7	  0.1	0.299	0.000	0.000
127	  E	  0.7	  0.0	0.299	0.000	0.000
128	  M	  0.8	  0.1	0.299	0.000	0.000
129	  S	  0.8	  0.1	2.301	0.000	0.000
130	  R	  0.4	  0.2	2.301	0.000	0.000
131	  E	  0.3	  0.2	2.301	0.000	0.000
132	  R	  2.4	  0.1	2.301	0.000	0.000
133	  V	  3.7	  0.1	2.301	0.000	0.000
134	  E	  3.6	  0.0	2.301	0.000	0.000
135	  Q	  2.5	  0.0	2.092	0.000	0.000
136	  L	  1.3	  0.1	1.803	0.000	0.000
137	  Q	  1.7	  0.1	1.477	0.000	0.000
138	  Q	  0.9	  0.1	0.939	0.000	0.000
139	  Q	  2.2	  0.1	0.434	0.000	0.000
140	  L	  2.0	  0.1	0.134	0.000	0.000
141	  S	  1.6	  0.2	0.809	0.000	0.000
142	  P	  0.1	  0.2	0.675	0.000	0.000
143	  L	  0.0	  0.2	1.017	0.000	0.000
144	  A	  0.0	  0.3	2.797	0.000	0.000
145	  E	  0.0	  0.1	4.161	0.000	0.000
146	  E	  0.1	  0.1	5.067	0.000	0.000
147	  A	  0.1	  0.3	4.853	0.000	0.000
148	  R	  0.1	  0.2	4.853	0.000	0.000
149	  D	  0.1	  0.3	4.687	0.000	0.000
150	  R	  0.7	  0.3	4.543	0.000	0.000
151	  L	  0.9	  0.3	4.543	0.000	0.000
152	  R	  1.0	  0.3	3.567	0.000	0.000
153	  G	  0.3	  0.2	2.193	0.000	0.000
154	  H	  1.6	  0.2	0.655	0.000	0.000
155	  V	  1.8	  0.0	0.201	0.000	0.000
156	  D	  1.8	  0.1	1.259	0.000	0.000
157	  K	  1.1	  0.1	1.259	0.000	0.000
158	  L	  1.1	  0.2	1.259	0.000	0.000
159	  R	  1.7	  0.4	1.259	0.000	0.000
160	  K	  1.0	  0.3	1.259	0.000	0.000
161	  N	  1.4	  0.3	1.057	0.000	0.000
162	  L	  0.9	  0.2	0.155	0.000	0.000
163	  T	  0.8	  0.2	0.000	0.000	0.000
164	  P	  0.2	  0.2	0.000	0.000	0.000
165	  Y	  0.8	  0.2	0.000	0.000	0.000
166	  S	  0.8	  0.3	1.122	0.000	0.000
167	  E	  0.8	  0.2	1.122	0.000	0.000
168	  E	  1.4	  0.2	1.122	0.000	0.000
169	  L	  1.6	  0.1	1.122	0.000	0.000
170	  H	  2.0	  0.1	1.122	0.000	0.000
171	  Q	  1.0	  0.1	1.122	0.000	0.000
172	  K	  2.8	  0.1	0.869	0.000	0.000
173	  L	  2.8	  0.1	0.627	0.000	0.000
174	  T	  4.5	  0.1	1.780	0.000	0.000
175	  Q	  2.8	  0.1	1.780	0.000	0.000
176	  K	  3.1	  0.1	2.051	0.000	0.000
177	  L	  1.0	  0.1	1.858	0.000	0.000
178	  Q	  0.8	  0.1	1.858	0.000	0.000
179	  E	  0.4	  0.1	2.059	0.000	0.000
180	  L	  0.4	  0.1	2.059	0.000	0.000
181	  R	  0.4	  0.2	2.059	0.000	0.000
182	  E	  0.1	  0.4	1.860	0.000	0.000
183	  K	  0.1	  0.4	1.718	0.000	0.000
184	  G	  0.0	  0.4	1.508	0.000	0.000
185	  F	  0.0	  0.5	0.876	0.000	0.000
186	  P	  0.0	  0.3	0.000	0.000	0.000
187	  Q	  0.1	  0.3	0.000	0.000	0.000
188	  A	  0.1	  0.6	0.000	0.000	0.000
189	  A	  0.1	  0.4	0.000	0.000	0.000
190	  D	  0.2	  0.4	0.503	0.000	0.000
191	  L	  0.6	  0.4	0.503	0.000	0.000
192	  Q	  0.8	  0.0	0.503	0.000	0.000
193	  A	  0.7	  0.0	0.503	0.000	0.000
194	  Q	  0.6	  0.0	0.503	0.000	0.000
195	  A	  1.0	  0.0	0.503	0.000	0.000
196	  V	  2.9	  0.0	0.333	0.000	0.000
197	  Q	  3.0	  0.0	0.333	0.000	0.000
198	  H	  3.3	  0.0	0.000	0.000	0.000
199	  L	  1.6	  0.1	0.000	0.000	0.000
200	  S	  1.3	  0.2	0.153	0.000	0.000
201	  S	  2.5	  0.2	0.330	0.000	0.000
202	  L	  2.1	  0.2	0.330	0.000	0.000
203	  R	  2.1	  0.1	0.330	0.000	0.000
204	  E	  0.2	  0.1	0.330	0.000	0.000
205	  K	  9.7	  0.1	0.330	0.000	0.000
206	  V	 10.2	  0.0	0.177	0.000	0.000
207	  T	 10.2	  0.0	0.177	0.000	0.000
208	  P	  0.7	  0.0	0.000	0.000	0.000
209	  L	  0.2	  0.0	0.000	0.000	0.000
210	  L	  0.4	  0.4	0.000	0.000	0.000
211	  Q	  1.0	  0.4	0.000	0.000	0.000
212	  D	  2.1	  0.4	0.000	0.000	0.000
213	  F	  2.5	  0.5	0.000	0.000	0.000
214	  R	  2.0	  0.1	0.000	0.000	0.000
215	  E	  0.8	  0.1	0.000	0.000	0.000
216	  R	  4.3	  0.1	0.000	0.000	0.000
217	  V	  4.9	  0.0	0.000	0.000	0.000
218	  T	  4.8	  0.0	0.000	0.000	0.000
219	  P	  0.7	  0.0	0.000	0.000	0.000
220	  Y	  1.8	  0.1	0.000	0.000	0.000
221	  T	  2.4	  0.1	0.130	0.000	0.000
222	  D	  2.4	  0.2	0.276	0.000	0.000
223	  S	  1.2	  0.2	6.771	0.000	0.000
224	  L	  0.7	  0.2	6.771	0.000	0.000
225	  K	  1.0	  0.2	6.771	0.000	0.000
226	  T	  1.4	  0.1	6.771	0.000	0.000
227	  R	  6.7	  0.1	6.771	0.000	0.000
228	  I	  8.4	  0.0	6.771	24.348	24.348
229	  I	  7.7	  0.1	6.771	24.348	24.348
230	  G	  2.4	  0.1	7.081	24.348	24.348
231	  L	  0.4	  0.1	3.345	24.348	24.348
232	  L	  0.2	  0.1	2.930	24.348	24.348
233	  Q	  0.2	  0.1	3.363	0.846	0.846
234	  E	  0.2	  0.1	3.221	0.000	0.000
235	  A	  0.2	  0.1	2.995	0.000	0.000
236	  R	  0.8	  0.3	2.995	0.000	0.000
237	  K	  0.8	  0.3	2.770	0.000	0.000
238	  N	  0.9	  0.3	2.180	0.000	0.000
239	  L	  0.3	  0.2	0.579	0.000	0.000
240	  S	  0.2	  0.0	0.000	0.000	0.000
