res	aa	Beta	Turn	Helix	Aggregation	Conc-Stab_Aggregation
01	  P	  0.0	  0.4	0.000	0.000	0.000
02	  P	  0.0	  0.5	0.000	0.000	0.000
03	  S	  0.2	  0.5	0.491	0.000	0.000
04	  Q	  1.8	  0.5	0.491	0.000	0.000
05	  L	  2.2	  0.2	0.491	0.000	0.000
06	  E	  2.1	  0.1	0.491	0.000	0.000
07	  H	  1.2	  0.1	0.491	0.000	0.000
08	  L	  1.2	  0.2	0.491	0.000	0.000
09	  K	  1.5	  0.1	0.491	0.000	0.000
10	  S	  1.0	  0.1	0.448	0.000	0.000
11	  A	  0.8	  0.1	0.294	0.386	0.386
12	  L	  2.1	  0.1	0.294	0.386	0.386
13	  Q	  3.3	  0.1	0.294	0.386	0.386
14	  L	  3.0	  0.1	0.152	0.386	0.386
15	  Y	  1.3	  0.1	0.152	0.386	0.386
16	  A	  0.0	  0.0	0.000	0.000	0.000
17	  D	  0.0	  0.0	0.000	0.000	0.000
18	  Q	  0.0	  0.0	 -nan	0.000	0.000
19	  M	  0.0	  0.0	 -nan	0.000	0.000
20	  K	  0.0	  0.0	 -nan	0.000	0.000
21	  Q	  0.0	  0.0	 -nan	0.000	0.000
22	  S	  0.0	  0.0	 -nan	0.000	0.000
23	  A	  0.0	  0.0	 -nan	0.000	0.000
24	  H	  0.0	  0.0	 -nan	0.000	0.000
25	  K	  0.0	  0.0	 -nan	0.000	0.000
26	  T	  0.0	  0.0	 -nan	0.000	0.000
27	  L	  0.0	  0.0	 -nan	0.000	0.000
28	  T	  0.0	  0.0	 -nan	0.000	0.000
29	  H	  0.0	  0.0	 -nan	0.000	0.000
30	  L	  0.0	  0.0	 -nan	0.000	0.000
31	  D	  0.0	  0.0	 -nan	0.000	0.000
32	  D	  0.0	  0.0	 -nan	0.000	0.000
33	  T	  0.0	  0.0	 -nan	0.000	0.000
34	  E	  0.0	  0.0	0.000	0.000	0.000
35	  F	  0.0	  0.0	0.000	0.000	0.000
36	  A	  0.1	  0.0	0.000	0.000	0.000
37	  D	  0.6	  0.0	0.700	0.000	0.000
38	  Y	  1.4	  0.1	0.700	0.000	0.000
39	  K	  1.5	  0.1	0.700	0.000	0.000
40	  E	  1.2	  0.1	0.700	0.000	0.000
41	  F	  0.7	  0.2	0.700	0.000	0.000
42	  L	  0.6	  0.2	0.700	0.000	0.000
43	  G	  0.4	  0.3	0.700	0.000	0.000
44	  Q	  0.4	  0.3	0.454	0.000	0.000
45	  S	  5.0	  0.6	0.000	0.000	0.000
46	  V	  5.5	  0.6	0.000	0.000	0.000
47	  D	  5.1	  0.5	0.000	0.000	0.000
48	  N	  0.6	  0.7	0.000	0.000	0.000
49	  L	  0.3	  1.7	0.000	0.000	0.000
50	  H	  0.4	  1.6	0.000	0.000	0.000
51	  G	  0.3	  1.6	0.000	0.000	0.000
52	  Y	  2.6	  1.4	0.000	0.000	0.000
53	  F	  4.3	  0.5	0.000	0.000	0.000
54	  Q	  4.2	  0.7	0.000	0.000	0.000
55	  N	  1.9	  0.7	0.000	0.000	0.000
56	  G	  0.1	  0.7	0.000	0.000	0.000
57	  F	  2.8	  0.2	0.000	0.000	0.000
58	  Q	  2.9	  0.0	0.000	0.000	0.000
59	  A	  3.7	  0.0	0.000	0.000	0.000
60	  I	  1.9	  0.0	0.000	0.000	0.000
61	  T	  1.8	  0.0	0.000	0.000	0.000
62	  P	  0.9	  0.0	0.000	0.000	0.000
63	  I	  0.1	  1.9	0.000	0.000	0.000
64	  G	  0.1	  2.0	0.000	0.000	0.000
65	  G	  0.1	  2.0	0.000	0.000	0.000
66	  Q	  0.6	  2.0	0.000	0.000	0.000
67	  V	  2.2	  0.0	0.000	0.000	0.000
68	  L	  2.4	  0.0	0.000	0.000	0.000
69	  E	  2.1	  0.0	0.000	0.000	0.000
70	  A	  0.8	  0.0	0.000	0.000	0.000
71	  T	  1.1	  0.2	0.000	0.000	0.000
72	  K	  1.1	  0.3	0.000	0.000	0.000
73	  D	  1.2	  0.3	0.640	0.000	0.000
74	  T	  0.9	  0.3	1.898	0.000	0.000
75	  R	  0.6	  0.2	1.898	0.000	0.000
76	  E	  0.3	  0.2	1.898	0.000	0.000
77	  K	  0.7	  0.1	1.898	0.000	0.000
78	  L	  1.2	  0.1	1.898	0.000	0.000
79	  V	  2.5	  0.1	1.898	0.000	0.000
80	  K	  2.1	  0.1	2.392	0.000	0.000
81	  D	  3.7	  0.1	13.554	0.000	0.000
82	  V	  2.9	  0.1	15.358	0.000	0.000
83	  E	  2.7	  0.0	16.656	0.000	0.000
84	  E	  0.7	  0.0	16.967	0.000	0.000
85	  L	  0.4	  0.1	16.967	0.000	0.000
86	  R	  0.5	  0.1	16.967	0.000	0.000
87	  K	  0.4	  0.1	16.252	0.000	0.000
88	  K	  8.5	  0.1	11.253	0.000	0.000
89	  I	  8.8	  0.0	4.722	0.000	0.000
90	  E	  8.7	  0.0	5.836	0.000	0.000
91	  P	  0.4	  0.0	1.582	0.000	0.000
92	  M	  0.5	  0.0	1.849	0.000	0.000
93	  R	  0.6	  0.0	2.774	0.000	0.000
94	  A	  0.7	  0.1	3.008	0.000	0.000
95	  E	  0.5	  0.1	4.681	0.000	0.000
96	  L	  0.7	  0.1	4.424	0.000	0.000
97	  R	  1.2	  0.1	4.424	0.000	0.000
98	  Q	  1.5	  0.0	4.242	0.000	0.000
99	  V	  2.7	  0.0	3.789	0.000	0.000
100	  L	  2.2	  0.0	3.789	0.000	0.000
101	  E	  2.2	  0.1	3.789	0.000	0.000
102	  K	  1.0	  0.1	3.643	0.000	0.000
103	  H	  4.3	  0.1	0.332	0.000	0.000
104	  F	  4.9	  0.1	0.000	0.000	0.000
105	  Q	  5.1	  0.0	0.000	0.000	0.000
106	  E	  2.3	  0.0	0.000	0.000	0.000
107	  Y	  2.0	  0.2	0.000	0.000	0.000
108	  R	  1.6	  0.2	0.000	0.000	0.000
109	  D	  0.8	  0.3	0.000	0.000	0.000
110	  E	  2.9	  0.3	0.000	0.000	0.000
111	  L	  3.0	  0.2	0.000	0.000	0.000
112	  K	  3.0	  0.1	0.000	0.000	0.000
113	  P	  0.1	  0.0	0.000	0.000	0.000
114	  F	  2.3	  0.0	0.142	0.000	0.000
115	  V	  2.9	  0.1	0.422	0.000	0.000
116	  E	  3.0	  0.1	0.682	0.000	0.000
117	  E	  0.8	  0.1	1.206	0.000	0.000
118	  Y	  0.7	  0.1	1.206	0.000	0.000
119	  L	  1.2	  0.0	1.206	0.000	0.000
120	  T	  1.8	  0.1	1.206	0.000	0.000
121	  K	  1.4	  0.1	1.206	0.000	0.000
122	  H	  1.3	  0.2	1.206	0.000	0.000
123	  Q	  1.4	  0.2	0.000	0.000	0.000
124	  K	  1.5	  0.1	0.000	0.000	0.000
125	  F	  1.8	  0.1	0.000	0.000	0.000
126	  L	  1.1	  0.1	0.000	0.000	0.000
127	  E	  0.8	  0.1	0.000	0.000	0.000
128	  E	  0.3	  0.1	0.000	0.000	0.000
129	  M	  0.5	  0.1	0.000	0.000	0.000
130	  R	  0.8	  0.1	0.000	0.000	0.000
131	  T	  1.5	  0.1	0.000	0.000	0.000
132	  K	  5.5	  0.1	0.000	0.000	0.000
133	  L	  5.4	  0.0	0.000	0.000	0.000
134	  E	  4.4	  0.0	0.000	0.000	0.000
135	  P	  0.1	  0.0	0.000	0.000	0.000
136	  L	  0.6	  0.0	0.000	0.000	0.000
137	  V	  4.0	  0.1	0.000	0.000	0.000
138	  K	  4.2	  0.1	0.000	0.000	0.000
139	  S	  5.7	  0.1	0.941	0.000	0.000
140	  L	  2.4	  0.1	0.941	0.000	0.000
141	  R	  2.2	  0.1	0.941	0.000	0.000
142	  E	  0.3	  0.1	0.941	0.000	0.000
143	  K	  0.5	  0.1	0.941	0.000	0.000
144	  F	  0.5	  0.4	0.941	0.000	0.000
145	  G	  0.3	  1.3	0.360	0.000	0.000
146	  P	  0.0	  1.3	0.000	0.000	0.000
147	  N	  2.0	  1.3	0.149	0.000	0.000
148	  W	  2.4	  1.1	0.149	0.000	0.000
149	  E	  2.5	  0.1	0.149	0.000	0.000
150	  E	  1.0	  0.1	0.149	0.000	0.000
151	  T	  4.2	  0.2	0.387	0.000	0.000
152	  K	  4.8	  0.2	0.387	0.000	0.000
153	  S	  4.4	  0.2	0.387	0.000	0.000
154	  K	  1.5	  0.2	0.237	0.000	0.000
155	  L	  0.9	  0.1	0.237	0.000	0.000
156	  M	  0.8	  0.1	0.237	0.000	0.000
157	  P	  0.1	  0.0	0.223	0.000	0.000
158	  I	  0.9	  0.0	0.223	0.000	0.000
159	  L	  1.1	  0.0	0.402	0.000	0.000
160	  E	  1.1	  0.0	0.547	0.000	0.000
161	  A	  0.9	  0.0	0.547	0.000	0.000
162	  V	  1.2	  0.0	0.547	0.000	0.000
163	  R	  1.2	  0.1	0.547	0.000	0.000
164	  E	  0.7	  0.1	0.323	0.000	0.000
165	  K	  2.5	  0.1	0.323	0.000	0.000
166	  V	  3.3	  0.0	0.000	0.000	0.000
167	  A	  3.3	  0.1	0.000	0.000	0.000
168	  E	  1.0	  0.1	0.000	0.000	0.000
169	  H	  0.9	  0.1	0.564	0.000	0.000
170	  L	  1.0	  0.2	0.564	0.000	0.000
171	  Q	  1.0	  0.2	0.838	0.000	0.000
172	  D	  0.6	  0.2	3.881	0.000	0.000
173	  L	  0.4	  0.2	3.881	0.000	0.000
174	  K	  0.4	  0.1	3.881	0.000	0.000
175	  K	  0.5	  0.1	3.731	0.000	0.000
176	  L	  0.6	  0.1	3.559	0.000	0.000
177	  L	  0.6	  0.0	3.559	0.000	0.000
178	  E	  0.3	  0.0	3.071	0.000	0.000
179	  P	  0.1	  0.0	0.000	0.000	0.000
180	  Y	  1.0	  0.0	0.000	0.000	0.000
181	  M	  1.3	  0.5	0.000	0.000	0.000
182	  Q	  1.9	  0.5	0.000	0.000	0.000
183	  D	  2.1	  0.5	1.522	0.000	0.000
184	  Y	  2.5	  0.5	1.522	0.000	0.000
185	  R	  2.0	  0.1	1.522	0.000	0.000
186	  E	  0.7	  0.1	1.522	0.000	0.000
187	  Q	  1.9	  0.1	1.522	0.000	0.000
188	  M	  2.0	  0.2	1.522	0.000	0.000
189	  E	  2.0	  0.4	1.522	0.000	0.000
190	  K	  0.2	  0.4	1.347	0.000	0.000
191	  G	  0.0	  0.4	1.344	0.000	0.000
192	  A	  0.1	  0.3	0.696	0.000	0.000
193	  Q	  0.4	  0.1	0.515	0.000	0.000
194	  E	  1.2	  0.0	0.378	0.000	0.000
195	  F	  3.5	  0.1	0.378	0.000	0.000
196	  R	  3.4	  0.1	0.378	0.000	0.000
197	  Q	  3.0	  0.1	0.182	0.000	0.000
198	  S	  2.5	  0.1	0.000	0.000	0.000
199	  V	  5.3	  0.2	0.000	0.000	0.000
200	  K	  5.1	  0.3	0.153	0.000	0.000
201	  S	  3.4	  0.6	0.334	0.000	0.000
202	  G	  0.2	  0.6	1.537	0.000	0.000
203	  E	  0.3	  0.5	1.734	0.000	0.000
204	  L	  0.6	  0.3	1.734	0.000	0.000
205	  R	  0.7	  0.1	1.734	0.000	0.000
206	  K	  0.5	  0.1	1.734	0.000	0.000
207	  K	  1.2	  0.1	1.401	0.000	0.000
208	  M	  1.1	  0.1	0.793	0.000	0.000
209	  N	  1.0	  0.2	0.317	0.000	0.000
210	  E	  0.0	  0.2	0.144	0.000	0.000
211	  L	  0.0	  0.3	0.144	0.000	0.000
212	  G	  0.0	  0.3	0.000	0.000	0.000
213	  E	  0.0	  0.1	0.000	0.000	0.000
214	  E	 25.6	  0.1	0.000	0.000	0.000
215	  V	 26.1	  0.1	0.000	0.000	0.000
216	  K	 26.1	  0.1	0.000	0.000	0.000
217	  P	  0.6	  0.1	0.000	0.000	0.000
218	  H	  3.1	  0.1	0.000	0.000	0.000
219	  F	  5.6	  0.2	0.000	0.492	0.492
220	  E	  5.6	  0.1	0.145	0.535	0.535
221	  A	  2.8	  0.1	0.145	33.678	33.678
222	  I	  1.1	  0.1	0.145	72.477	72.477
223	  F	  1.9	  0.0	0.145	72.477	72.477
224	  A	  1.8	  0.0	0.145	72.477	72.477
225	  A	  1.6	  0.0	0.145	72.477	72.477
226	  V	  1.6	  0.0	0.145	71.996	71.996
227	  Q	  1.5	  0.0	0.145	3.020	3.020
228	  K	  1.2	  0.0	0.000	0.535	0.535
229	  A	  0.7	  0.0	0.000	0.535	0.535
230	  I	  1.6	  0.0	0.000	0.535	0.535
231	  Y	  1.6	  0.0	0.000	0.535	0.535
232	  K	  1.3	  0.0	0.000	0.000	0.000
233	  P	  0.2	  0.0	0.000	0.000	0.000
