res	aa	Beta	Turn	Helix	Aggregation	Conc-Stab_Aggregation
01	  A	  0.0	  0.3	0.000	0.000	0.000
02	  P	  0.0	  0.4	0.000	0.000	0.000
03	  S	  0.2	  0.5	0.175	0.000	0.000
04	  Q	  1.8	  0.5	0.175	0.000	0.000
05	  L	  2.2	  0.3	0.175	0.000	0.000
06	  E	  2.5	  0.2	0.175	0.000	0.000
07	  H	  3.2	  0.2	0.175	0.000	0.000
08	  Y	  4.0	  0.2	0.175	0.000	0.000
09	  K	  3.7	  0.0	0.000	0.000	0.000
10	  A	  1.5	  0.0	0.000	14.551	14.551
11	  A	  0.4	  0.0	0.000	31.473	31.473
12	  A	  0.5	  0.0	0.000	57.173	57.173
13	  L	  1.9	  0.0	0.000	69.816	69.816
14	  V	  5.6	  0.0	0.000	70.238	70.238
15	  Y	  5.9	  0.0	0.000	69.983	69.983
16	  L	  4.8	  0.0	0.000	68.079	68.079
17	  T	  1.8	  0.0	0.000	43.372	43.372
18	  Q	  2.1	  0.0	0.000	18.496	18.496
19	  V	  2.5	  0.0	0.000	17.526	17.526
20	  Q	  1.6	  0.1	0.000	0.597	0.597
21	  E	  0.8	  0.1	0.000	0.000	0.000
22	  Q	  0.4	  0.1	0.000	0.000	0.000
23	  A	  0.4	  0.1	0.000	0.000	0.000
24	  Q	  0.5	  0.1	0.000	0.000	0.000
25	  K	  0.3	  0.1	0.000	0.000	0.000
26	  A	  0.3	  0.1	0.000	0.000	0.000
27	  L	  0.2	  0.2	0.000	0.000	0.000
28	  E	  0.1	  0.2	0.000	0.000	0.000
29	  G	  0.1	  0.7	0.000	0.000	0.000
30	  L	  0.2	  0.9	0.000	0.000	0.000
31	  D	  0.2	  0.9	0.000	0.000	0.000
32	  G	  0.1	  0.8	0.000	0.000	0.000
33	  T	  0.3	  0.3	0.000	0.000	0.000
34	  E	  1.8	  0.1	0.000	0.000	0.000
35	  Y	  3.8	  0.1	0.000	0.000	0.000
36	  Q	  4.8	  0.0	0.000	0.000	0.000
37	  Q	  5.4	  0.0	0.000	0.000	0.000
38	  Y	  6.1	  0.0	0.000	0.000	0.000
39	  K	  6.4	  0.0	0.000	0.000	0.000
40	  V	  8.9	  0.0	0.000	0.000	0.000
41	  Q	  7.0	  0.0	0.000	0.000	0.000
42	  L	  5.5	  0.1	0.000	0.000	0.000
43	  S	  1.1	  0.9	0.000	0.000	0.000
44	  E	  0.3	  0.9	0.000	0.000	0.000
45	  S	  2.1	  0.9	1.132	0.000	0.000
46	  L	  2.4	  0.8	1.132	0.000	0.000
47	  T	  3.4	  0.1	1.132	0.000	0.000
48	  K	  2.1	  0.0	1.132	0.000	0.000
49	  L	  1.7	  0.1	1.132	0.000	0.000
50	  Q	  1.1	  0.1	1.132	0.000	0.000
51	  E	  0.9	  0.1	0.845	0.000	0.000
52	  Y	  1.4	  0.1	0.581	0.000	0.000
53	  A	  1.1	  0.1	0.270	0.000	0.000
54	  Q	  0.9	  0.1	0.270	0.000	0.000
55	  S	  2.5	  0.3	0.000	0.000	0.000
56	  T	  3.7	  0.4	0.000	0.000	0.000
57	  S	  5.3	  0.8	0.000	0.000	0.000
58	  Q	  3.3	  0.8	0.000	0.000	0.000
59	  S	  5.0	  0.6	0.000	0.000	0.000
60	  L	  3.4	  0.6	0.000	0.000	0.000
61	  T	  3.2	  0.2	0.000	0.000	0.000
62	  P	  0.2	  0.2	0.000	0.000	0.000
63	  Y	  0.4	  0.2	0.000	0.000	0.000
64	  A	  0.4	  0.2	0.000	0.000	0.000
65	  E	  0.4	  0.1	0.000	0.000	0.000
66	  T	 13.8	  0.1	0.000	0.000	0.000
67	  I	 13.9	  0.1	0.000	0.000	0.000
68	  S	 13.9	  0.1	0.162	0.000	0.000
69	  N	  1.2	  0.1	0.366	0.000	0.000
70	  Q	  2.2	  0.1	0.366	0.000	0.000
71	  F	  3.0	  0.0	0.366	0.000	0.000
72	  L	  1.9	  0.2	0.366	0.000	0.000
73	  E	  1.0	  0.2	0.366	0.000	0.000
74	  N	  0.8	  0.2	0.366	0.000	0.000
75	  T	  2.3	  0.3	0.743	0.000	0.000
76	  K	  2.3	  0.1	0.743	0.000	0.000
77	  Q	  2.7	  0.1	0.743	0.000	0.000
78	  L	  1.1	  0.1	0.743	0.000	0.000
79	  R	  1.0	  0.1	0.743	0.000	0.000
80	  E	  0.2	  0.1	0.743	0.000	0.000
81	  R	  2.1	  0.1	0.476	0.000	0.000
82	  V	  4.1	  0.0	0.180	0.000	0.000
83	  M	  4.3	  0.1	0.180	0.000	0.000
84	  T	  2.9	  0.1	0.000	0.000	0.000
85	  D	  3.4	  0.1	0.586	0.000	0.000
86	  V	  4.0	  0.2	0.735	0.000	0.000
87	  E	  3.5	  0.2	0.735	0.000	0.000
88	  D	  1.4	  0.2	2.428	0.000	0.000
89	  L	  1.0	  0.2	2.428	0.000	0.000
90	  R	  1.3	  0.1	2.428	0.000	0.000
91	  S	  1.1	  0.2	2.428	0.000	0.000
92	  K	  4.6	  0.2	2.008	0.000	0.000
93	  L	  4.4	  0.1	1.839	0.000	0.000
94	  E	  4.3	  0.1	1.422	0.000	0.000
95	  P	  0.2	  0.0	0.000	0.000	0.000
96	  H	  0.4	  0.0	0.167	0.000	0.000
97	  R	  0.4	  0.0	0.167	0.000	0.000
98	  A	  0.5	  0.0	0.167	0.000	0.000
99	  E	  0.4	  0.0	0.450	0.000	0.000
100	  M	  0.5	  0.0	0.592	0.000	0.000
101	  Y	  9.4	  0.0	0.592	0.000	0.000
102	  E	  9.7	  0.0	0.592	0.000	0.000
103	  V	 12.0	  0.0	0.592	0.000	0.000
104	  L	  3.3	  0.0	0.592	0.000	0.000
105	  Q	  2.8	  0.1	0.592	0.000	0.000
106	  K	  0.6	  0.1	0.592	0.000	0.000
107	  H	  2.1	  0.1	0.000	0.000	0.000
108	  F	  2.4	  0.0	0.000	0.000	0.000
109	  A	  2.3	  0.0	0.000	0.000	0.000
110	  E	  1.3	  0.0	0.000	0.000	0.000
111	  Y	  1.6	  0.0	0.000	0.000	0.000
112	  R	  1.5	  0.1	0.000	0.000	0.000
113	  E	  0.8	  0.1	0.000	0.000	0.000
114	  K	  4.2	  0.1	0.000	0.000	0.000
115	  L	  4.2	  0.1	0.000	0.000	0.000
116	  E	  4.2	  0.0	0.000	0.000	0.000
117	  P	  0.1	  0.0	0.000	0.000	0.000
118	  V	  4.5	  0.0	0.000	0.000	0.000
119	  F	  5.7	  0.0	0.163	0.000	0.000
120	  Q	  6.1	  0.0	0.749	0.000	0.000
121	  E	  2.0	  0.0	1.114	0.000	0.000
122	  Y	  1.4	  0.0	1.114	0.000	0.000
123	  A	  1.3	  0.0	1.114	0.000	0.000
124	  K	  1.7	  0.0	1.114	0.000	0.000
125	  L	  1.2	  0.1	1.114	0.000	0.000
126	  N	  0.9	  0.2	4.858	0.000	0.000
127	  R	  0.2	  0.4	4.115	0.000	0.000
128	  E	  0.1	  0.4	3.744	0.000	0.000
129	  N	  0.2	  0.5	7.667	0.000	0.000
130	  A	  0.2	  0.5	7.667	0.000	0.000
131	  E	  0.2	  0.2	7.667	0.000	0.000
132	  K	  0.9	  0.2	7.311	0.000	0.000
133	  L	  1.0	  0.1	6.389	0.000	0.000
134	  R	  1.2	  0.1	5.865	0.000	0.000
135	  T	  1.4	  0.1	4.349	0.000	0.000
136	  K	  2.4	  0.1	4.349	0.000	0.000
137	  L	  2.3	  0.0	3.227	0.000	0.000
138	  Q	  1.4	  0.0	2.254	0.000	0.000
139	  P	  0.1	  0.0	0.000	0.000	0.000
140	  L	  0.4	  0.0	0.000	0.000	0.000
141	  L	  0.4	  0.0	0.443	0.000	0.000
142	  D	  0.4	  0.0	2.112	0.000	0.000
143	  E	  0.3	  0.0	2.373	0.000	0.000
144	  M	  0.7	  0.1	2.373	0.000	0.000
145	  R	  1.0	  0.1	2.373	0.000	0.000
146	  Q	  1.3	  0.1	2.373	0.000	0.000
147	  K	  8.2	  0.1	2.241	0.000	0.000
148	  V	  8.5	  0.1	0.942	0.000	0.000
149	  E	  8.0	  0.1	0.942	0.000	0.000
150	  T	  1.5	  0.1	0.440	0.000	0.000
151	  N	  5.0	  0.1	0.580	0.000	0.000
152	  V	  5.5	  0.1	0.140	0.000	0.000
153	  E	  4.8	  0.1	0.140	0.000	0.000
154	  E	  1.2	  0.1	0.140	0.000	0.000
155	  T	  4.1	  0.2	0.140	0.000	0.000
156	  K	  4.7	  0.2	0.140	0.000	0.000
157	  S	  4.3	  0.2	0.140	0.000	0.000
158	  K	  1.9	  0.2	0.000	0.000	0.000
159	  L	  1.4	  0.1	0.000	0.000	0.000
160	  V	  1.2	  0.1	0.000	0.000	0.000
161	  P	  0.2	  0.0	0.151	0.000	0.000
162	  M	  0.3	  0.0	0.151	0.000	0.000
163	  V	  2.2	  0.0	0.151	0.000	0.000
164	  E	  2.2	  0.0	0.151	0.000	0.000
165	  A	  2.5	  0.0	0.151	0.000	0.000
166	  V	  1.5	  0.0	0.151	0.000	0.000
167	  R	  1.6	  0.0	0.151	0.000	0.000
168	  T	  2.0	  0.1	0.000	0.000	0.000
169	  K	  3.4	  0.1	0.000	0.000	0.000
170	  L	  3.2	  0.1	0.000	0.000	0.000
171	  T	  2.4	  0.1	0.182	0.000	0.000
172	  E	  0.3	  0.1	0.182	0.000	0.000
173	  R	  0.7	  0.1	0.787	0.000	0.000
174	  L	  0.5	  0.1	0.787	0.000	0.000
175	  E	  0.5	  0.1	0.787	0.000	0.000
176	  E	  0.3	  0.1	0.787	0.000	0.000
177	  L	  0.5	  0.1	0.787	0.000	0.000
178	  R	  0.9	  0.1	0.787	0.000	0.000
179	  T	  1.2	  0.0	0.336	0.000	0.000
180	  M	  1.3	  0.0	0.336	0.000	0.000
181	  A	  1.0	  0.0	0.162	0.000	0.000
182	  A	  0.4	  0.2	0.000	0.000	0.000
183	  P	  0.0	  0.2	0.000	0.000	0.000
184	  Y	  0.4	  0.2	0.000	0.000	0.000
185	  A	  0.4	  0.2	0.000	0.000	0.000
186	  E	  0.5	  0.1	0.186	0.000	0.000
187	  E	  3.5	  0.1	0.365	0.000	0.000
188	  Y	  4.3	  0.1	0.504	0.000	0.000
189	  K	  4.4	  0.1	0.664	0.000	0.000
190	  E	  1.0	  0.1	0.664	0.000	0.000
191	  Q	  1.0	  0.1	0.664	0.000	0.000
192	  L	  1.6	  0.1	0.664	0.000	0.000
193	  V	  4.0	  0.0	0.664	0.000	0.000
194	  K	  3.4	  0.0	0.664	0.000	0.000
195	  A	  3.1	  0.0	0.000	0.000	0.000
196	  V	  1.3	  0.0	0.000	0.000	0.000
197	  E	  1.0	  0.1	0.610	0.000	0.000
198	  E	  0.7	  0.1	0.973	0.000	0.000
199	  A	  0.1	  0.1	0.973	0.000	0.000
200	  R	  0.2	  0.1	0.973	0.000	0.000
201	  E	  0.1	  0.1	0.973	0.000	0.000
202	  K	  1.0	  0.1	0.973	0.000	0.000
203	  L	  1.0	  0.1	0.752	0.000	0.000
204	  A	  1.0	  0.2	0.364	0.000	0.000
205	  P	  0.1	  0.2	0.000	0.000	0.000
206	  H	  1.1	  0.2	0.000	0.000	0.000
207	  T	  1.7	  0.4	0.000	0.000	0.000
208	  Q	  1.9	  0.3	0.000	0.000	0.000
209	  D	  1.0	  0.3	0.504	0.000	0.000
210	  L	  0.3	  0.3	0.504	0.000	0.000
211	  Q	  0.3	  0.1	0.504	0.000	0.000
212	  E	  0.2	  0.1	0.504	0.000	0.000
213	  R	  1.4	  0.1	0.504	0.000	0.000
214	  M	  1.4	  0.0	0.504	0.000	0.000
215	  E	  1.4	  0.0	0.268	0.000	0.000
216	  P	  0.1	  0.0	0.000	0.000	0.000
217	  Y	  0.9	  0.0	0.000	0.000	0.000
218	  M	  1.0	  0.2	0.000	0.000	0.000
219	  E	  1.0	  0.2	0.335	0.000	0.000
220	  N	  3.7	  0.2	1.987	0.000	0.000
221	  V	  4.9	  0.2	1.987	0.000	0.000
222	  R	  5.0	  0.0	1.987	0.000	0.000
223	  A	  1.8	  0.0	1.987	0.000	0.000
224	  R	  0.8	  0.0	1.987	0.000	0.000
225	  F	  1.2	  0.2	1.807	1.849	1.849
226	  A	  1.1	  0.2	0.216	1.849	1.849
227	  Q	  1.8	  0.2	0.216	1.849	1.849
228	  V	  4.4	  0.2	0.000	1.849	1.849
229	  Y	  4.7	  0.1	0.000	1.849	1.849
230	  E	  3.7	  0.1	0.000	0.000	0.000
231	  T	 14.0	  0.1	0.138	0.000	0.000
232	  I	 14.2	  0.1	0.138	0.000	0.000
233	  S	 14.2	  0.1	0.138	0.000	0.000
234	  K	  1.1	  0.1	0.138	0.000	0.000
235	  A	  0.5	  0.1	0.138	0.000	0.000
236	  I	  0.9	  0.0	0.138	0.000	0.000
237	  Q	  0.6	  0.0	0.138	0.000	0.000
238	  A	  0.4	  0.0	0.000	0.000	0.000
