res	aa	Beta	Turn	Helix	Aggregation	Conc-Stab_Aggregation
01	  D	  0.0	  0.0	0.000	0.000	0.000
02	  A	  0.0	  0.4	0.000	0.000	0.000
03	  P	  0.0	  0.4	0.000	0.000	0.000
04	  S	  0.2	  0.5	0.208	0.000	0.000
05	  Q	  0.4	  0.5	0.208	0.000	0.000
06	  L	  0.4	  0.1	0.208	0.000	0.000
07	  A	  0.6	  0.1	0.208	0.000	0.000
08	  Q	  1.8	  0.0	0.208	0.000	0.000
09	  I	  3.3	  0.0	0.208	0.000	0.000
10	  R	  3.2	  0.1	0.208	0.000	0.000
11	  S	  2.1	  0.1	0.684	0.000	0.000
12	  A	  0.8	  0.1	0.684	0.000	0.000
13	  I	  7.8	  0.0	0.684	0.000	0.000
14	  D	  9.9	  0.0	0.684	0.000	0.000
15	  V	 13.4	  0.0	0.684	0.000	0.000
16	  Y	  7.2	  0.0	0.684	0.000	0.000
17	  M	  4.8	  0.0	0.169	0.000	0.000
18	  T	  1.5	  0.0	0.000	0.000	0.000
19	  Q	  1.1	  0.0	0.000	0.000	0.000
20	  A	  0.8	  0.8	0.000	0.000	0.000
21	  K	  0.3	  1.1	0.000	0.000	0.000
22	  D	  0.1	  1.1	0.000	0.000	0.000
23	  G	  0.0	  1.1	0.329	0.000	0.000
24	  A	  0.6	  0.3	0.329	0.000	0.000
25	  I	  2.3	  0.0	0.329	0.000	0.000
26	  K	  2.4	  0.0	0.329	0.000	0.000
27	  A	  2.0	  0.0	0.329	0.000	0.000
28	  L	  0.5	  0.0	0.329	0.000	0.000
29	  D	  0.4	  0.1	0.000	0.000	0.000
30	  Q	  1.0	  0.4	0.000	0.000	0.000
31	  L	  0.8	  0.6	0.000	0.000	0.000
32	  D	  0.8	  0.6	0.000	0.000	0.000
33	  G	  0.1	  0.5	0.000	0.000	0.000
34	  T	  2.5	  0.3	3.371	0.000	0.000
35	  Q	  9.2	  0.1	3.605	0.000	0.000
36	  Y	  9.8	  0.1	4.158	0.000	0.000
37	  E	  7.5	  0.1	6.044	0.000	0.000
38	  E	  2.1	  0.1	6.798	0.000	0.000
39	  M	  1.8	  0.1	6.798	0.000	0.000
40	  K	  1.9	  0.0	6.798	0.000	0.000
41	  A	  1.3	  0.0	6.543	0.000	0.000
42	  R	  3.1	  0.0	6.403	0.000	0.000
43	  I	  4.1	  0.0	5.130	0.000	0.000
44	  S	  4.1	  0.1	6.908	0.000	0.000
45	  Q	  2.2	  0.1	5.368	0.000	0.000
46	  R	  1.4	  0.1	5.979	0.000	0.000
47	  L	  0.7	  0.1	5.519	0.000	0.000
48	  E	  0.4	  0.1	5.649	0.000	0.000
49	  E	  0.2	  0.0	5.649	0.000	0.000
50	  M	  0.8	  0.0	5.649	0.000	0.000
51	  Y	  1.4	  0.1	5.509	0.000	0.000
52	  N	  1.3	  0.1	5.509	0.000	0.000
53	  N	  3.2	  0.1	5.173	0.000	0.000
54	  V	  4.8	  0.1	1.933	0.000	0.000
55	  K	  4.9	  0.0	1.933	0.000	0.000
56	  Q	  3.6	  0.0	0.378	0.000	0.000
57	  M	  1.9	  0.0	0.000	0.000	0.000
58	  Q	  2.0	  0.0	0.000	0.000	0.000
59	  A	  0.9	  0.0	0.000	0.000	0.000
60	  Q	  1.4	  0.0	0.000	0.000	0.000
61	  V	  1.6	  0.0	0.000	0.000	0.000
62	  S	  1.4	  0.2	0.000	0.000	0.000
63	  P	  0.4	  0.2	0.000	0.000	0.000
64	  Y	  1.8	  0.3	0.000	0.000	0.000
65	  T	  1.9	  0.4	0.000	0.000	0.000
66	  D	  2.0	  0.2	0.000	0.000	0.000
67	  N	  2.3	  0.2	0.000	0.152	0.152
68	  V	  5.3	  0.1	0.000	7.744	7.744
69	  V	  7.2	  0.0	0.000	8.485	8.485
70	  T	  6.2	  0.0	0.000	8.485	8.485
71	  T	  6.2	  0.0	0.000	8.485	8.485
72	  I	  4.6	  0.0	0.000	8.485	8.485
73	  A	  3.4	  0.1	0.000	4.212	4.212
74	  E	  0.6	  0.1	0.000	0.000	0.000
75	  S	  0.4	  0.2	0.000	0.000	0.000
76	  T	  0.6	  0.5	0.000	0.000	0.000
77	  A	  0.5	  0.5	0.000	0.000	0.000
78	  D	  0.7	  0.4	0.148	0.000	0.000
79	  L	  0.7	  0.5	0.148	0.000	0.000
80	  R	  0.8	  0.1	0.148	0.000	0.000
81	  T	  0.8	  0.1	0.148	0.000	0.000
82	  S	  1.5	  0.1	0.148	0.000	0.000
83	  I	  1.5	  0.1	0.148	0.000	0.000
84	  H	  1.2	  0.2	0.148	0.000	0.000
85	  N	  0.4	  0.2	0.739	0.000	0.000
86	  D	  2.1	  0.2	1.507	0.000	0.000
87	  I	  3.1	  0.1	1.507	0.000	0.000
88	  E	  3.0	  0.0	1.507	0.000	0.000
89	  A	  1.4	  0.0	1.507	0.000	0.000
90	  L	  0.4	  0.1	1.507	0.000	0.000
91	  K	  0.8	  0.1	1.219	0.000	0.000
92	  T	  0.7	  0.1	0.149	0.000	0.000
93	  E	  2.8	  0.1	0.149	0.000	0.000
94	  I	  2.9	  0.0	0.000	0.000	0.000
95	  E	  2.7	  0.0	2.846	0.000	0.000
96	  P	  0.5	  0.0	3.643	0.000	0.000
97	  M	  0.6	  0.0	3.643	0.000	0.000
98	  R	  0.7	  0.0	3.643	0.000	0.000
99	  A	  1.0	  0.1	3.643	0.000	0.000
100	  K	  1.2	  0.1	3.809	0.000	0.000
101	  L	  1.1	  0.1	2.762	0.000	0.000
102	  R	  1.1	  0.1	2.363	0.000	0.000
103	  E	  0.8	  0.0	1.829	0.000	0.000
104	  V	  3.8	  0.0	1.375	0.000	0.000
105	  L	  3.7	  0.0	1.375	0.000	0.000
106	  D	  3.1	  0.1	1.708	0.000	0.000
107	  K	  0.2	  0.1	1.524	0.000	0.000
108	  H	  0.7	  0.1	0.523	0.000	0.000
109	  M	  0.7	  0.2	0.333	0.000	0.000
110	  E	  0.7	  0.1	0.333	0.000	0.000
111	  E	  0.8	  0.1	0.333	0.000	0.000
112	  Y	  4.9	  0.1	0.333	0.000	0.000
113	  R	  6.4	  0.0	0.134	0.000	0.000
114	  V	 10.6	  0.0	0.000	0.000	0.000
115	  Q	 10.0	  0.0	0.000	0.000	0.000
116	  L	  8.5	  0.0	0.000	0.000	0.000
117	  E	  4.0	  0.0	0.000	0.000	0.000
118	  P	  0.1	  0.0	0.000	0.000	0.000
119	  I	  2.0	  0.0	0.000	0.000	0.000
120	  I	  2.8	  0.1	0.000	0.000	0.000
121	  K	  3.0	  0.1	0.301	0.000	0.000
122	  E	  3.7	  0.1	0.301	0.000	0.000
123	  Y	  4.2	  0.1	0.301	0.000	0.000
124	  N	  4.1	  0.1	0.450	0.000	0.000
125	  A	  1.8	  0.2	0.450	0.000	0.000
126	  R	  1.2	  0.2	0.450	0.000	0.000
127	  H	  1.9	  0.2	0.667	0.000	0.000
128	  T	  2.0	  0.1	2.197	0.000	0.000
129	  A	  1.4	  0.0	2.470	0.000	0.000
130	  E	  0.7	  0.0	3.290	0.000	0.000
131	  M	  0.6	  0.0	3.438	0.000	0.000
132	  E	  0.5	  0.0	3.438	0.000	0.000
133	  A	  0.5	  0.0	3.438	0.000	0.000
134	  L	  0.4	  0.1	3.438	0.000	0.000
135	  K	  1.2	  0.1	3.030	0.000	0.000
136	  T	  2.0	  0.1	1.042	0.000	0.000
137	  K	  6.4	  0.1	1.042	0.000	0.000
138	  M	  5.7	  0.0	0.373	0.000	0.000
139	  E	  4.7	  0.0	0.000	0.000	0.000
140	  P	  0.1	  0.0	0.195	0.000	0.000
141	  V	  1.7	  0.0	1.207	0.000	0.000
142	  M	  1.7	  0.1	2.444	0.000	0.000
143	  E	  1.8	  0.1	2.716	0.000	0.000
144	  E	  0.3	  0.1	3.081	0.000	0.000
145	  L	  0.6	  0.1	3.081	0.000	0.000
146	  R	  0.9	  0.1	3.081	0.000	0.000
147	  Q	  1.3	  0.1	3.081	0.000	0.000
148	  K	  3.2	  0.1	1.961	0.000	0.000
149	  V	  4.0	  0.0	0.988	0.000	0.000
150	  A	  3.4	  0.0	0.988	0.000	0.000
151	  T	  2.0	  0.0	0.490	0.000	0.000
152	  N	  5.3	  0.0	0.649	0.000	0.000
153	  V	  5.8	  0.1	0.159	0.000	0.000
154	  E	  5.1	  0.1	0.159	0.000	0.000
155	  E	  1.2	  0.1	0.159	0.000	0.000
156	  T	  2.1	  0.2	0.159	0.000	0.000
157	  K	  2.3	  0.1	0.159	0.000	0.000
158	  Q	  1.9	  0.1	0.159	0.000	0.000
159	  A	  0.9	  0.1	0.000	0.000	0.000
160	  L	  0.9	  0.0	0.000	0.000	0.000
161	  I	  0.7	  0.0	0.000	0.000	0.000
162	  P	  0.1	  0.0	0.906	0.000	0.000
163	  I	  1.9	  0.0	1.086	0.000	0.000
164	  I	  2.9	  0.0	1.928	0.000	0.000
165	  E	  2.9	  0.0	3.212	0.000	0.000
166	  A	  1.7	  0.0	3.212	0.000	0.000
167	  V	  2.0	  0.0	3.212	0.000	0.000
168	  R	  2.1	  0.0	3.212	0.000	0.000
169	  A	  1.8	  0.0	3.005	0.000	0.000
170	  R	  1.2	  0.0	2.870	0.000	0.000
171	  L	  1.0	  0.0	1.216	0.000	0.000
172	  T	  1.0	  0.1	2.255	0.000	0.000
173	  E	  0.3	  0.1	2.816	0.000	0.000
174	  R	  2.5	  0.1	3.084	0.000	0.000
175	  V	  4.1	  0.1	3.186	0.000	0.000
176	  E	  4.0	  0.0	4.060	0.000	0.000
177	  A	  2.0	  0.0	4.236	0.000	0.000
178	  L	  0.6	  0.0	4.236	0.000	0.000
179	  K	  0.7	  0.0	4.103	0.000	0.000
180	  A	  0.6	  0.0	3.513	0.000	0.000
181	  L	  0.4	  0.0	3.356	0.000	0.000
182	  A	  0.4	  0.0	2.401	0.000	0.000
183	  A	  0.3	  0.0	2.057	0.000	0.000
184	  P	  0.0	  0.0	0.000	0.000	0.000
185	  Y	  2.2	  0.0	0.000	0.000	0.000
186	  V	  2.8	  0.1	0.141	0.000	0.000
187	  E	  2.9	  0.1	0.466	0.000	0.000
188	  E	  4.1	  0.1	0.793	0.000	0.000
189	  Y	  4.2	  0.1	0.793	0.000	0.000
190	  K	  4.2	  0.1	1.038	0.000	0.000
191	  E	  0.9	  0.1	1.038	0.000	0.000
192	  Q	  1.2	  0.1	1.038	0.000	0.000
193	  L	  1.2	  0.1	1.038	0.000	0.000
194	  K	  1.4	  0.1	1.038	0.000	0.000
195	  Q	  0.8	  0.1	0.575	0.000	0.000
196	  A	  0.8	  0.3	0.000	0.000	0.000
197	  F	  0.8	  0.4	0.000	0.000	0.000
198	  G	  0.4	  0.4	0.000	0.000	0.000
199	  H	  0.6	  0.6	0.000	0.000	0.000
200	  A	  0.5	  0.5	0.000	0.000	0.000
201	  Q	  1.0	  0.4	0.000	0.000	0.000
202	  N	  2.4	  0.6	0.000	0.000	0.000
203	  V	  3.7	  0.4	0.000	0.000	0.000
204	  N	  3.2	  0.8	0.601	0.000	0.000
205	  T	  1.6	  0.8	0.601	0.000	0.000
206	  D	  0.2	  0.6	1.203	0.000	0.000
207	  E	  4.9	  0.6	1.203	0.000	0.000
208	  I	  5.1	  0.1	1.203	0.000	0.000
209	  H	  5.3	  0.1	1.342	0.000	0.000
210	  N	  1.2	  0.0	2.585	0.000	0.000
211	  L	  1.4	  0.1	2.585	0.000	0.000
212	  R	  1.3	  0.0	2.440	0.000	0.000
213	  A	  0.9	  0.0	2.074	0.000	0.000
214	  K	  1.7	  0.0	2.074	0.000	0.000
215	  L	  1.7	  0.0	1.651	0.000	0.000
216	  Q	  1.4	  0.0	1.369	0.000	0.000
217	  P	  0.1	  0.0	0.000	0.000	0.000
218	  L	  0.0	  0.2	0.000	0.000	0.000
219	  A	  0.0	  0.3	0.000	0.000	0.000
220	  D	  0.1	  0.3	1.521	0.000	0.000
221	  E	  7.1	  0.3	1.706	0.000	0.000
222	  I	  7.9	  0.1	1.706	0.000	0.000
223	  K	  8.1	  0.1	1.706	0.000	0.000
224	  E	  1.4	  0.1	1.706	0.000	0.000
225	  K	  1.5	  0.1	1.706	0.000	0.000
226	  F	  3.9	  0.1	1.032	3.856	3.856
227	  Q	  3.9	  0.0	0.143	4.579	4.579
228	  A	  3.0	  0.0	0.000	8.515	8.515
229	  M	  0.5	  0.0	0.000	12.694	12.694
230	  G	  0.4	  0.0	0.000	14.550	14.550
231	  V	  8.1	  0.0	0.000	14.550	14.550
232	  I	 10.9	  0.0	0.000	14.550	14.550
233	  I	 11.2	  0.0	0.000	13.663	13.663
234	  A	  3.6	  0.1	0.000	7.254	7.254
235	  E	  0.6	  0.1	0.000	0.000	0.000
236	  T	  9.8	  0.1	0.000	0.000	0.000
237	  F	 10.5	  0.1	0.000	0.000	0.000
238	  N	 10.3	  0.0	0.000	0.000	0.000
239	  K	  0.8	  0.0	0.000	0.000	0.000
240	  N	  0.0	  0.0	0.000	0.000	0.000
