res	aa	Beta	Turn	Helix	Aggregation	Conc-Stab_Aggregation
01	  E	  0.0	  0.0	0.000	0.000	0.000
02	  P	  0.0	  0.4	0.000	0.000	0.000
03	  P	  0.0	  0.5	0.000	0.000	0.000
04	  S	  0.2	  0.5	0.000	0.000	0.000
05	  Q	  2.1	  0.5	0.000	0.000	0.000
06	  V	  5.1	  0.1	0.000	0.000	0.000
07	  E	  5.0	  0.0	0.000	0.000	0.000
08	  H	  5.4	  0.0	0.000	0.000	0.000
09	  V	  5.6	  0.1	0.000	0.000	0.000
10	  K	  5.9	  0.1	0.000	0.000	0.000
11	  S	  3.8	  0.1	0.000	0.000	0.000
12	  A	  0.8	  0.1	0.000	0.854	0.854
13	  L	  1.3	  0.0	0.000	0.854	0.854
14	  Q	  2.4	  0.0	0.000	0.854	0.854
15	  V	  2.1	  0.0	0.000	0.854	0.854
16	  Y	  1.3	  0.0	0.000	0.854	0.854
17	  A	  0.0	  0.0	0.000	0.000	0.000
18	  D	  0.0	  0.0	0.000	0.000	0.000
19	  Q	  0.0	  0.0	 -nan	0.000	0.000
20	  L	  0.0	  0.0	 -nan	0.000	0.000
21	  K	  0.0	  0.0	 -nan	0.000	0.000
22	  Q	  0.0	  0.0	 -nan	0.000	0.000
23	  A	  0.0	  0.0	 -nan	0.000	0.000
24	  A	  0.0	  0.0	 -nan	0.000	0.000
25	  H	  0.0	  0.0	 -nan	0.000	0.000
26	  K	  0.0	  0.0	 -nan	0.000	0.000
27	  S	  0.0	  0.0	 -nan	0.000	0.000
28	  L	  0.0	  0.0	 -nan	0.000	0.000
29	  T	  0.0	  0.0	 -nan	0.000	0.000
30	  H	  0.0	  0.0	 -nan	0.000	0.000
31	  L	  0.0	  0.0	 -nan	0.000	0.000
32	  D	  0.0	  0.0	0.000	0.000	0.000
33	  G	  0.0	  0.0	0.000	0.000	0.000
34	  T	  0.3	  0.0	0.000	0.000	0.000
35	  E	  0.7	  0.0	0.000	0.000	0.000
36	  F	  1.0	  0.4	0.000	0.000	0.000
37	  A	  0.8	  0.4	0.000	0.000	0.000
38	  D	  0.9	  0.4	0.700	0.000	0.000
39	  Y	  1.4	  0.5	0.700	0.000	0.000
40	  K	  1.5	  0.1	0.700	0.000	0.000
41	  E	  1.2	  0.1	0.700	0.000	0.000
42	  F	  0.7	  0.2	0.700	0.000	0.000
43	  L	  0.6	  0.2	0.700	0.000	0.000
44	  G	  0.4	  0.3	0.700	0.000	0.000
45	  Q	  0.4	  0.3	0.454	0.000	0.000
46	  S	  5.0	  0.6	0.000	0.000	0.000
47	  V	  5.5	  0.6	0.000	0.000	0.000
48	  D	  5.1	  0.5	0.000	0.000	0.000
49	  N	  0.6	  0.7	0.000	0.000	0.000
50	  L	  0.3	  1.7	0.000	0.000	0.000
51	  H	  0.4	  1.6	0.000	0.000	0.000
52	  G	  0.3	  1.6	0.000	0.000	0.000
53	  Y	  2.6	  1.4	0.000	0.000	0.000
54	  F	  4.3	  0.5	0.000	0.000	0.000
55	  Q	  4.2	  0.7	0.000	0.000	0.000
56	  N	  1.9	  0.7	0.000	0.000	0.000
57	  G	  0.1	  0.7	0.000	0.000	0.000
58	  F	  2.8	  0.2	0.000	0.000	0.000
59	  Q	  2.9	  0.0	0.000	0.000	0.000
60	  A	  3.7	  0.0	0.000	0.000	0.000
61	  I	  1.9	  0.0	0.000	0.000	0.000
62	  T	  1.8	  0.0	0.000	0.000	0.000
63	  P	  0.9	  0.0	0.000	0.000	0.000
64	  V	  0.1	  1.9	0.000	0.000	0.000
65	  G	  0.1	  1.9	0.000	0.000	0.000
66	  G	  0.1	  1.9	0.000	0.000	0.000
67	  Q	  0.6	  1.9	0.000	0.000	0.000
68	  V	  2.2	  0.0	0.000	0.000	0.000
69	  L	  2.4	  0.0	0.000	0.000	0.000
70	  E	  2.1	  0.0	0.000	0.000	0.000
71	  A	  0.8	  0.0	0.000	0.000	0.000
72	  T	  1.1	  0.2	0.000	0.000	0.000
73	  K	  1.1	  0.3	0.000	0.000	0.000
74	  D	  1.2	  0.3	0.640	0.000	0.000
75	  T	  0.9	  0.3	1.898	0.000	0.000
76	  R	  0.6	  0.2	1.898	0.000	0.000
77	  E	  0.3	  0.2	1.898	0.000	0.000
78	  K	  0.7	  0.1	1.898	0.000	0.000
79	  L	  1.2	  0.1	1.898	0.000	0.000
80	  V	  2.5	  0.1	1.898	0.000	0.000
81	  K	  2.1	  0.1	2.392	0.000	0.000
82	  D	  3.7	  0.1	13.558	0.000	0.000
83	  V	  2.9	  0.1	15.361	0.000	0.000
84	  E	  2.7	  0.0	16.659	0.000	0.000
85	  E	  0.7	  0.0	16.970	0.000	0.000
86	  L	  0.4	  0.1	16.970	0.000	0.000
87	  R	  0.5	  0.1	16.970	0.000	0.000
88	  K	  0.4	  0.1	16.255	0.000	0.000
89	  K	  8.5	  0.1	11.256	0.000	0.000
90	  I	  8.8	  0.0	4.725	0.000	0.000
91	  E	  8.7	  0.0	5.857	0.000	0.000
92	  P	  0.4	  0.0	1.612	0.000	0.000
93	  M	  0.5	  0.0	1.889	0.000	0.000
94	  R	  0.6	  0.0	2.843	0.000	0.000
95	  A	  0.7	  0.1	3.086	0.000	0.000
96	  E	  0.5	  0.1	4.827	0.000	0.000
97	  L	  0.7	  0.1	4.571	0.000	0.000
98	  R	  1.2	  0.1	4.571	0.000	0.000
99	  Q	  1.5	  0.0	4.388	0.000	0.000
100	  V	  2.7	  0.0	3.935	0.000	0.000
101	  L	  2.2	  0.0	3.935	0.000	0.000
102	  E	  2.3	  0.1	3.935	0.000	0.000
103	  K	  0.9	  0.1	3.785	0.000	0.000
104	  H	  1.4	  0.1	0.346	0.000	0.000
105	  L	  0.8	  0.1	0.000	0.000	0.000
106	  Q	  1.1	  0.1	0.000	0.000	0.000
107	  E	  1.2	  0.1	0.000	0.000	0.000
108	  Y	  2.0	  0.3	0.000	0.000	0.000
109	  R	  1.6	  0.2	0.000	0.000	0.000
110	  D	  0.8	  0.3	0.000	0.000	0.000
111	  E	  2.9	  0.3	0.000	0.000	0.000
112	  L	  3.0	  0.2	0.000	0.000	0.000
113	  K	  3.0	  0.1	0.000	0.000	0.000
114	  P	  0.1	  0.0	0.000	0.000	0.000
115	  F	  2.3	  0.0	0.142	0.000	0.000
116	  V	  2.9	  0.1	0.419	0.000	0.000
117	  E	  3.0	  0.1	0.678	0.000	0.000
118	  E	  0.8	  0.1	1.198	0.000	0.000
119	  Y	  0.7	  0.1	1.198	0.000	0.000
120	  L	  1.2	  0.0	1.198	0.000	0.000
121	  T	  1.7	  0.1	1.198	0.000	0.000
122	  K	  1.4	  0.1	1.198	0.000	0.000
123	  H	  1.3	  0.2	1.584	0.000	0.000
124	  Q	  1.3	  0.2	0.385	0.000	0.000
125	  K	  1.4	  0.1	0.507	0.000	0.000
126	  F	  1.7	  0.1	0.997	0.000	0.000
127	  L	  1.0	  0.0	1.464	0.000	0.000
128	  E	  0.8	  0.0	2.085	0.000	0.000
129	  E	  0.3	  0.0	2.432	0.000	0.000
130	  M	  5.2	  0.0	2.432	0.000	0.000
131	  R	  7.8	  0.0	2.432	0.000	0.000
132	  I	 13.3	  0.0	2.432	0.000	0.000
133	  K	 12.0	  0.0	2.432	0.000	0.000
134	  L	  9.5	  0.0	1.608	0.000	0.000
135	  E	  4.3	  0.0	1.608	0.000	0.000
136	  P	  0.1	  0.0	0.000	0.000	0.000
137	  V	  2.9	  0.0	0.000	0.000	0.000
138	  V	  6.2	  0.1	0.000	0.000	0.000
139	  K	  6.4	  0.1	0.000	0.000	0.000
140	  S	  5.6	  0.1	0.370	0.000	0.000
141	  L	  2.4	  0.1	0.370	0.000	0.000
142	  R	  2.2	  0.1	0.370	0.000	0.000
143	  E	  0.2	  0.1	0.370	0.000	0.000
144	  K	  0.4	  0.1	0.370	0.000	0.000
145	  I	  0.5	  0.5	0.370	0.000	0.000
146	  G	  0.4	  0.4	0.370	0.000	0.000
147	  T	  0.7	  0.4	0.000	0.000	0.000
148	  N	  2.6	  0.4	0.150	0.000	0.000
149	  W	  3.0	  0.0	0.150	0.000	0.000
150	  E	  2.5	  0.1	0.150	0.000	0.000
151	  E	  1.0	  0.1	0.150	0.000	0.000
152	  T	  4.2	  0.2	0.387	0.000	0.000
153	  K	  4.8	  0.2	0.387	0.000	0.000
154	  S	  4.4	  0.2	0.387	0.000	0.000
155	  K	  1.5	  0.2	0.237	0.000	0.000
156	  L	  0.9	  0.1	0.237	0.000	0.000
157	  M	  0.8	  0.1	0.237	0.000	0.000
158	  P	  0.1	  0.0	0.223	0.000	0.000
159	  I	  0.9	  0.0	0.223	0.000	0.000
160	  L	  1.1	  0.0	0.402	0.000	0.000
161	  E	  1.1	  0.0	0.547	0.000	0.000
162	  A	  0.9	  0.0	0.547	0.000	0.000
163	  V	  1.2	  0.0	0.547	0.000	0.000
164	  R	  1.2	  0.1	0.547	0.000	0.000
165	  E	  0.7	  0.1	0.323	0.000	0.000
166	  K	  2.5	  0.1	0.323	0.000	0.000
167	  V	  3.3	  0.0	0.000	0.000	0.000
168	  A	  3.3	  0.1	0.000	0.000	0.000
169	  E	  1.0	  0.1	0.000	0.000	0.000
170	  H	  0.9	  0.1	0.564	0.000	0.000
171	  L	  1.0	  0.2	0.564	0.000	0.000
172	  Q	  1.0	  0.2	0.838	0.000	0.000
173	  D	  0.6	  0.2	3.881	0.000	0.000
174	  L	  0.4	  0.2	3.881	0.000	0.000
175	  K	  0.4	  0.1	3.881	0.000	0.000
176	  K	  0.5	  0.1	3.731	0.000	0.000
177	  L	  0.6	  0.1	3.559	0.000	0.000
178	  L	  0.6	  0.0	3.559	0.000	0.000
179	  E	  0.3	  0.0	3.071	0.000	0.000
180	  P	  0.1	  0.0	0.000	0.000	0.000
181	  Y	  1.0	  0.0	0.000	0.000	0.000
182	  M	  1.3	  0.5	0.000	0.000	0.000
183	  Q	  1.9	  0.5	0.000	0.000	0.000
184	  D	  2.1	  0.5	1.522	0.000	0.000
185	  Y	  2.5	  0.5	1.522	0.000	0.000
186	  R	  2.0	  0.1	1.522	0.000	0.000
187	  E	  0.7	  0.1	1.522	0.000	0.000
188	  Q	  1.9	  0.1	1.522	0.000	0.000
189	  M	  2.0	  0.2	1.522	0.000	0.000
190	  E	  2.0	  0.4	1.522	0.000	0.000
191	  K	  0.2	  0.4	1.347	0.000	0.000
192	  G	  0.0	  0.4	1.344	0.000	0.000
193	  A	  0.1	  0.3	0.696	0.000	0.000
194	  Q	  0.4	  0.1	0.515	0.000	0.000
195	  E	  1.2	  0.0	0.378	0.000	0.000
196	  F	  3.5	  0.1	0.378	0.000	0.000
197	  R	  3.4	  0.1	0.378	0.000	0.000
198	  Q	  3.0	  0.1	0.182	0.000	0.000
199	  S	  2.5	  0.1	0.000	0.000	0.000
200	  V	  5.3	  0.2	0.000	0.000	0.000
201	  K	  5.1	  0.3	0.153	0.000	0.000
202	  S	  3.4	  0.6	0.334	0.000	0.000
203	  G	  0.2	  0.6	1.537	0.000	0.000
204	  E	  0.3	  0.5	1.734	0.000	0.000
205	  L	  0.6	  0.3	1.734	0.000	0.000
206	  R	  0.7	  0.1	1.734	0.000	0.000
207	  K	  0.5	  0.1	1.734	0.000	0.000
208	  K	  1.2	  0.1	1.401	0.000	0.000
209	  M	  1.1	  0.1	0.793	0.000	0.000
210	  N	  1.0	  0.2	0.317	0.000	0.000
211	  E	  0.0	  0.2	0.144	0.000	0.000
212	  L	  0.0	  0.3	0.144	0.000	0.000
213	  G	  0.0	  0.3	0.000	0.000	0.000
214	  E	  0.0	  0.1	0.000	0.000	0.000
215	  E	 26.0	  0.1	0.000	0.000	0.000
216	  V	 26.6	  0.1	0.000	0.000	0.000
217	  K	 26.5	  0.2	0.000	0.000	0.000
218	  P	  0.6	  0.2	0.000	0.000	0.000
219	  H	  1.5	  0.2	0.000	0.000	0.000
220	  F	  2.3	  0.2	0.000	46.788	46.788
221	  M	  2.8	  0.0	0.000	48.473	48.473
222	  A	  1.6	  0.0	0.000	50.145	50.145
223	  I	  2.0	  0.0	0.000	51.781	51.781
224	  F	  5.7	  0.1	0.000	51.781	51.781
225	  S	  5.7	  0.1	0.135	24.620	24.620
226	  A	  5.1	  0.1	0.135	21.007	21.007
227	  V	  1.7	  0.1	0.135	17.669	17.669
228	  Q	  1.9	  0.0	0.135	0.470	0.470
229	  K	  2.5	  0.0	0.135	0.000	0.000
230	  V	  3.9	  0.0	0.135	0.000	0.000
231	  M	  3.9	  0.0	0.135	0.000	0.000
232	  T	  3.6	  0.0	0.000	0.000	0.000
233	  K	  1.4	  0.0	0.000	0.000	0.000
234	  E	  0.8	  0.0	0.000	0.000	0.000
