res	aa	Beta	Turn	Helix	Aggregation	Conc-Stab_Aggregation
01	  A	  0.0	  0.2	0.000	0.000	0.000
02	  P	  0.0	  0.2	0.000	0.000	0.000
03	  T	  1.1	  0.3	0.000	0.000	0.000
04	  Q	  2.7	  0.3	0.000	0.000	0.000
05	  L	  3.1	  0.2	0.000	0.000	0.000
06	  E	  2.5	  0.2	0.000	0.000	0.000
07	  H	  3.1	  0.2	0.000	0.000	0.000
08	  Y	  4.0	  0.2	0.000	0.000	0.000
09	  K	  3.7	  0.0	0.000	0.000	0.000
10	  A	  1.5	  0.0	0.000	9.783	9.783
11	  A	  0.4	  0.0	0.000	20.829	20.829
12	  A	  0.5	  0.0	0.000	47.700	47.700
13	  L	  1.9	  0.0	0.000	49.873	49.873
14	  V	  5.7	  0.0	0.000	50.084	50.084
15	  Y	  6.6	  0.1	0.000	49.661	49.661
16	  L	  5.4	  0.1	0.000	46.492	46.492
17	  N	  1.8	  0.1	0.000	5.387	5.387
18	  Q	  1.6	  0.1	0.000	2.769	2.769
19	  V	  3.0	  0.1	0.000	2.769	2.769
20	  K	  2.9	  0.1	0.000	0.000	0.000
21	  D	  1.8	  0.2	0.438	0.000	0.000
22	  Q	  0.4	  0.2	0.438	0.000	0.000
23	  A	  0.4	  0.2	0.438	0.000	0.000
24	  E	  0.5	  0.1	0.438	0.000	0.000
25	  K	  0.3	  0.1	0.438	0.000	0.000
26	  A	  0.4	  0.1	0.438	0.000	0.000
27	  L	  0.4	  0.1	0.438	0.000	0.000
28	  D	  0.3	  0.2	0.253	0.000	0.000
29	  N	  0.4	  3.1	0.253	0.000	0.000
30	  L	  0.4	  3.3	0.000	0.000	0.000
31	  D	  0.4	  3.3	0.000	0.000	0.000
32	  G	  0.1	  3.4	0.000	0.000	0.000
33	  T	  0.5	  0.5	1.529	0.000	0.000
34	  D	  2.0	  0.3	2.164	0.000	0.000
35	  Y	  3.1	  0.2	2.164	0.000	0.000
36	  E	  2.8	  0.1	2.422	0.000	0.000
37	  Q	  3.5	  0.1	2.422	0.000	0.000
38	  Y	  3.8	  0.1	2.422	0.000	0.000
39	  K	  4.3	  0.0	2.278	0.000	0.000
40	  L	  3.8	  0.1	2.035	0.000	0.000
41	  Q	  3.1	  0.1	1.842	0.000	0.000
42	  L	  2.5	  0.1	1.053	0.000	0.000
43	  S	  1.0	  0.9	0.694	0.000	0.000
44	  E	  0.3	  0.9	0.000	0.000	0.000
45	  S	  2.1	  0.9	1.123	0.000	0.000
46	  L	  2.4	  0.9	1.123	0.000	0.000
47	  T	  3.4	  0.1	1.123	0.000	0.000
48	  K	  2.1	  0.0	1.123	0.000	0.000
49	  L	  1.7	  0.1	1.123	0.000	0.000
50	  Q	  1.1	  0.1	1.123	0.000	0.000
51	  E	  0.8	  0.1	0.838	0.000	0.000
52	  Y	  1.4	  0.1	0.576	0.000	0.000
53	  A	  1.1	  0.0	0.266	0.000	0.000
54	  Q	  0.8	  0.1	0.266	0.000	0.000
55	  T	  3.5	  0.1	0.000	0.000	0.000
56	  T	  4.8	  0.2	0.000	0.000	0.000
57	  S	  4.7	  0.2	0.000	0.000	0.000
58	  Q	  1.7	  0.1	0.000	0.000	0.000
59	  A	  0.6	  0.1	0.000	0.000	0.000
60	  L	  0.7	  0.0	0.000	0.000	0.000
61	  T	  0.5	  0.2	0.000	0.000	0.000
62	  P	  0.2	  0.2	0.000	0.000	0.000
63	  Y	  0.4	  0.2	0.000	0.000	0.000
64	  A	  0.4	  0.2	0.000	0.000	0.000
65	  E	  0.4	  0.1	0.000	0.000	0.000
66	  T	 13.9	  0.1	0.000	0.000	0.000
67	  I	 14.9	  0.1	0.000	0.000	0.000
68	  S	 15.2	  0.1	0.223	0.000	0.000
69	  T	  2.5	  0.1	0.415	0.000	0.000
70	  Q	  1.9	  0.1	0.415	0.000	0.000
71	  L	  1.6	  0.1	0.415	0.000	0.000
72	  M	  0.8	  0.2	0.415	0.000	0.000
73	  E	  0.4	  0.2	0.415	0.000	0.000
74	  N	  0.8	  0.2	0.415	0.000	0.000
75	  T	  2.3	  0.3	0.747	0.000	0.000
76	  K	  2.3	  0.1	0.747	0.000	0.000
77	  Q	  2.7	  0.1	0.747	0.000	0.000
78	  L	  1.1	  0.1	0.747	0.000	0.000
79	  R	  1.0	  0.1	0.747	0.000	0.000
80	  E	  0.2	  0.1	0.747	0.000	0.000
81	  R	  2.1	  0.1	0.478	0.000	0.000
82	  V	  4.1	  0.0	0.181	0.000	0.000
83	  M	  4.3	  0.1	0.181	0.000	0.000
84	  T	  2.9	  0.1	0.000	0.000	0.000
85	  D	  3.4	  0.1	0.586	0.000	0.000
86	  V	  4.0	  0.2	0.735	0.000	0.000
87	  E	  3.5	  0.2	0.735	0.000	0.000
88	  D	  1.4	  0.2	2.428	0.000	0.000
89	  L	  1.0	  0.2	2.428	0.000	0.000
90	  R	  1.3	  0.1	2.428	0.000	0.000
91	  S	  1.1	  0.2	2.428	0.000	0.000
92	  K	  4.6	  0.2	2.008	0.000	0.000
93	  L	  4.4	  0.1	1.839	0.000	0.000
94	  E	  4.3	  0.1	1.422	0.000	0.000
95	  P	  0.2	  0.0	0.000	0.000	0.000
96	  H	  0.4	  0.0	0.161	0.000	0.000
97	  R	  0.4	  0.0	0.161	0.000	0.000
98	  A	  0.5	  0.1	0.161	0.000	0.000
99	  E	  0.4	  0.1	0.341	0.000	0.000
100	  L	  0.7	  0.0	0.341	6.006	6.006
101	  Y	  6.5	  0.1	0.341	6.006	6.006
102	  T	  6.9	  0.0	0.737	6.006	6.006
103	  A	  6.7	  0.0	0.737	6.006	6.006
104	  L	  1.0	  0.0	0.737	6.006	6.006
105	  Q	  0.6	  0.1	0.737	0.209	0.209
106	  K	  1.0	  0.1	0.737	0.000	0.000
107	  H	  6.6	  0.1	0.397	0.000	0.000
108	  I	  6.6	  0.1	0.133	0.000	0.000
109	  D	  6.0	  0.2	1.191	0.000	0.000
110	  E	  0.9	  0.2	1.419	0.000	0.000
111	  Y	  1.4	  0.2	1.419	0.000	0.000
112	  R	  1.4	  0.2	1.286	0.000	0.000
113	  E	  0.7	  0.1	1.286	0.000	0.000
114	  K	  4.1	  0.1	1.286	0.000	0.000
115	  L	  4.2	  0.1	1.019	0.000	0.000
116	  E	  4.1	  0.0	0.768	0.000	0.000
117	  P	  0.1	  0.0	0.000	0.000	0.000
118	  V	  4.3	  0.0	0.000	0.000	0.000
119	  F	  5.5	  0.0	0.000	0.000	0.000
120	  Q	  5.8	  0.0	0.000	0.000	0.000
121	  E	  3.1	  0.0	0.000	0.000	0.000
122	  Y	  5.8	  0.1	0.000	0.000	0.000
123	  S	  5.5	  0.0	1.353	0.000	0.000
124	  A	  4.3	  0.0	1.353	0.000	0.000
125	  L	  0.4	  0.1	1.353	0.000	0.000
126	  N	  0.3	  0.1	4.281	0.000	0.000
127	  R	  1.7	  0.3	4.281	0.000	0.000
128	  Q	  1.6	  0.3	4.281	0.000	0.000
129	  N	  1.7	  0.3	3.756	0.000	0.000
130	  A	  0.1	  0.2	4.165	0.000	0.000
131	  E	  0.1	  0.1	4.567	0.000	0.000
132	  Q	  0.9	  0.1	4.504	0.000	0.000
133	  L	  1.3	  0.1	3.885	0.000	0.000
134	  R	  1.4	  0.0	3.706	0.000	0.000
135	  A	  0.8	  0.0	3.416	0.000	0.000
136	  K	  4.5	  0.0	2.802	0.000	0.000
137	  L	  4.5	  0.0	1.276	0.000	0.000
138	  E	  4.2	  0.0	1.106	0.000	0.000
139	  P	  0.1	  0.0	0.000	0.000	0.000
140	  L	  0.4	  0.1	0.000	0.000	0.000
141	  M	  0.6	  0.3	0.000	0.000	0.000
142	  D	  0.6	  0.3	2.203	0.000	0.000
143	  D	  2.3	  0.3	4.032	0.000	0.000
144	  I	  3.0	  0.1	4.032	0.000	0.000
145	  R	  3.1	  0.1	4.032	0.000	0.000
146	  K	  1.1	  0.0	4.032	0.000	0.000
147	  A	  0.5	  0.0	4.032	0.000	0.000
148	  F	  1.7	  0.2	3.370	0.000	0.000
149	  E	  1.6	  0.3	0.772	0.000	0.000
150	  S	  1.4	  0.3	0.442	0.000	0.000
151	  N	  3.3	  0.3	0.314	0.000	0.000
152	  I	  3.5	  0.1	0.314	0.000	0.000
153	  E	  3.5	  0.1	0.314	0.000	0.000
154	  E	  0.8	  0.1	0.314	0.000	0.000
155	  T	  4.1	  0.2	0.314	0.000	0.000
156	  K	  4.6	  0.2	0.314	0.000	0.000
157	  S	  4.5	  0.2	0.169	0.000	0.000
158	  K	  4.4	  0.2	0.000	0.000	0.000
159	  V	  4.4	  0.0	0.000	0.000	0.000
160	  V	  4.0	  0.0	0.000	0.000	0.000
161	  P	  0.7	  0.0	0.147	0.000	0.000
162	  M	  0.3	  0.0	0.147	0.000	0.000
163	  V	  2.2	  0.0	0.147	0.000	0.000
164	  E	  2.2	  0.0	0.147	0.000	0.000
165	  A	  2.5	  0.0	0.147	0.000	0.000
166	  V	  1.5	  0.0	0.147	0.000	0.000
167	  R	  1.6	  0.0	0.147	0.000	0.000
168	  T	  2.0	  0.1	0.000	0.000	0.000
169	  K	  3.4	  0.1	0.000	0.000	0.000
170	  L	  3.3	  0.1	0.000	0.000	0.000
171	  T	  2.5	  0.1	0.000	0.000	0.000
172	  E	  0.3	  0.1	0.000	0.000	0.000
173	  R	  0.7	  0.1	0.000	0.000	0.000
174	  L	  0.6	  0.3	0.000	0.000	0.000
175	  E	  0.5	  0.3	0.000	0.000	0.000
176	  D	  0.5	  0.3	1.407	0.000	0.000
177	  L	  0.6	  0.3	1.407	0.000	0.000
178	  R	  1.0	  0.1	1.407	0.000	0.000
179	  T	  1.2	  0.0	1.407	0.000	0.000
180	  M	  1.3	  0.0	1.407	0.000	0.000
181	  A	  0.9	  0.0	1.407	0.000	0.000
182	  A	  0.4	  0.2	0.628	0.000	0.000
183	  P	  0.0	  0.2	0.000	0.000	0.000
184	  Y	  0.4	  0.2	0.000	0.000	0.000
185	  A	  0.4	  0.2	0.000	0.000	0.000
186	  E	  0.5	  0.1	0.186	0.000	0.000
187	  E	  3.5	  0.1	0.365	0.000	0.000
188	  Y	  4.3	  0.1	0.504	0.000	0.000
189	  K	  4.4	  0.1	0.664	0.000	0.000
190	  E	  1.0	  0.1	0.664	0.000	0.000
191	  Q	  1.0	  0.1	0.664	0.000	0.000
192	  L	  1.6	  0.1	0.664	0.000	0.000
193	  V	  4.0	  0.0	0.664	0.000	0.000
194	  K	  3.4	  0.0	0.664	0.000	0.000
195	  A	  3.1	  0.0	0.000	0.000	0.000
196	  V	  1.3	  0.0	0.000	0.000	0.000
197	  E	  1.0	  0.1	0.217	0.000	0.000
198	  E	  0.7	  0.1	0.217	0.000	0.000
199	  A	  0.1	  0.1	0.217	0.000	0.000
200	  R	  0.1	  0.1	0.217	0.000	0.000
201	  E	  0.1	  0.1	0.217	0.000	0.000
202	  K	  3.7	  0.1	0.217	0.000	0.000
203	  I	  4.0	  0.0	0.000	0.000	0.000
204	  A	  4.0	  0.2	0.000	0.000	0.000
205	  P	  0.4	  0.2	0.000	0.000	0.000
206	  H	  1.1	  0.2	0.000	0.000	0.000
207	  T	  1.7	  0.4	0.000	0.000	0.000
208	  Q	  1.8	  0.3	0.000	0.000	0.000
209	  D	  0.9	  0.3	1.256	0.000	0.000
210	  L	  0.4	  0.3	1.256	0.000	0.000
211	  Q	  0.4	  0.1	1.256	0.000	0.000
212	  T	  0.8	  0.1	1.256	0.000	0.000
213	  R	  1.9	  0.1	1.256	0.000	0.000
214	  M	  1.9	  0.0	1.256	0.000	0.000
215	  E	  1.4	  0.0	0.514	0.000	0.000
216	  P	  0.1	  0.0	0.000	0.000	0.000
217	  Y	  0.9	  0.0	0.000	0.000	0.000
218	  M	  1.0	  0.2	0.000	0.000	0.000
219	  E	  1.0	  0.2	0.000	0.000	0.000
220	  N	  3.5	  0.2	0.212	0.000	0.000
221	  V	  4.1	  0.2	0.212	0.000	0.000
222	  R	  4.4	  0.0	0.212	0.000	0.000
223	  T	  4.8	  0.0	0.212	0.000	0.000
224	  T	  7.8	  0.0	0.212	0.000	0.000
225	  F	  8.1	  0.2	0.212	0.000	0.000
226	  A	  4.7	  0.2	0.000	0.000	0.000
227	  Q	  2.3	  0.2	0.000	0.000	0.000
228	  M	  1.8	  0.2	0.000	0.000	0.000
229	  Y	  2.0	  0.1	0.000	0.000	0.000
230	  E	  0.7	  0.1	0.000	0.000	0.000
231	  T	  3.7	  0.1	0.439	0.000	0.000
232	  I	  3.8	  0.1	0.439	0.000	0.000
233	  A	  3.8	  0.0	0.439	0.000	0.000
234	  K	  1.0	  0.0	0.439	0.000	0.000
235	  A	  0.6	  0.0	0.439	0.000	0.000
236	  I	  0.9	  0.0	0.439	0.000	0.000
237	  Q	  0.6	  0.0	0.439	0.000	0.000
238	  A	  0.4	  0.0	0.000	0.000	0.000
