res	aa	Beta	Turn	Helix	Aggregation	Conc-Stab_Aggregation
01	  P	  0.0	  0.4	0.000	0.000	0.000
02	  P	  0.0	  0.5	0.000	0.000	0.000
03	  S	  0.2	  0.5	0.000	0.000	0.000
04	  Q	  1.8	  0.5	0.000	0.000	0.000
05	  L	  2.2	  0.2	0.000	0.000	0.000
06	  E	  2.0	  0.1	0.000	0.000	0.000
07	  H	  2.8	  0.1	0.000	0.000	0.000
08	  V	  5.7	  0.1	0.000	0.000	0.000
09	  K	  6.0	  0.1	0.000	0.000	0.000
10	  S	  3.9	  0.1	0.000	0.000	0.000
11	  A	  0.8	  0.1	0.000	1.593	1.593
12	  L	  1.3	  0.0	0.000	1.742	1.742
13	  Q	  2.4	  0.0	0.000	1.742	1.742
14	  V	  4.5	  0.0	0.000	1.742	1.742
15	  Y	  3.8	  0.3	0.000	1.742	1.742
16	  A	  2.6	  0.4	0.000	0.877	0.877
17	  D	  0.3	  0.4	0.000	0.000	0.000
18	  H	  0.7	  0.4	0.000	0.000	0.000
19	  L	  0.9	  0.1	0.000	0.000	0.000
20	  K	  1.0	  0.1	0.000	0.000	0.000
21	  Q	  0.4	  0.1	0.000	0.000	0.000
22	  A	  0.4	  0.1	0.000	0.000	0.000
23	  A	  0.4	  0.0	0.000	0.000	0.000
24	  H	  0.8	  0.3	0.000	0.000	0.000
25	  K	  0.9	  0.3	0.000	0.000	0.000
26	  S	  2.6	  0.3	0.000	0.000	0.000
27	  L	  3.4	  0.3	0.000	0.000	0.000
28	  T	  4.3	  0.1	0.000	0.000	0.000
29	  H	  3.2	  0.3	0.000	0.000	0.000
30	  L	  2.0	  0.4	0.000	0.000	0.000
31	  D	  0.9	  0.5	0.000	0.000	0.000
32	  D	  0.3	  0.5	0.000	0.000	0.000
33	  T	  0.4	  0.3	0.000	0.000	0.000
34	  E	  3.8	  0.1	0.000	0.000	0.000
35	  F	  4.2	  0.3	0.000	0.000	0.000
36	  K	  4.0	  0.3	0.000	0.000	0.000
37	  D	  1.1	  0.3	0.480	0.000	0.000
38	  Y	  3.3	  0.3	0.480	0.000	0.000
39	  K	  4.2	  0.0	0.480	0.000	0.000
40	  V	  7.6	  0.0	0.480	0.377	0.377
41	  F	  5.3	  0.1	0.480	0.377	0.377
42	  L	  4.2	  0.2	0.480	0.377	0.377
43	  G	  0.5	  0.3	0.480	0.377	0.377
44	  Q	  0.1	  0.3	0.265	0.377	0.377
45	  S	  3.5	  0.6	0.000	0.377	0.377
46	  I	  3.7	  0.6	0.000	0.377	0.377
47	  D	  3.6	  0.5	0.000	0.000	0.000
48	  N	  0.3	  0.5	0.000	0.000	0.000
49	  L	  0.3	  0.1	0.000	0.000	0.000
50	  H	  0.5	  0.2	0.000	0.000	0.000
51	  S	  1.0	  0.2	0.000	0.000	0.000
52	  H	  4.4	  0.2	0.000	0.000	0.000
53	  F	  6.0	  0.3	0.000	0.296	0.296
54	  Q	  6.1	  0.2	0.000	0.296	0.296
55	  N	  4.3	  0.2	0.000	1.190	1.190
56	  F	  4.7	  0.2	0.000	25.400	25.400
57	  F	  6.5	  0.0	0.000	25.400	25.400
58	  Q	  5.1	  0.0	0.000	25.400	25.400
59	  V	 10.1	  0.0	0.000	25.400	25.400
60	  I	  8.3	  0.0	0.000	25.400	25.400
61	  T	  8.0	  0.4	0.000	0.000	0.000
62	  P	  0.9	  0.6	0.000	0.000	0.000
63	  L	  0.0	  0.8	0.000	0.000	0.000
64	  G	  0.0	  0.8	0.000	0.000	0.000
65	  S	  0.2	  0.4	0.000	0.000	0.000
66	  Q	  0.8	  0.3	0.000	0.000	0.000
67	  V	  4.4	  0.1	0.000	0.000	0.000
68	  M	  4.5	  0.0	0.000	0.000	0.000
69	  D	  3.9	  0.4	0.000	0.000	0.000
70	  A	  0.5	  0.4	0.000	0.000	0.000
71	  T	  0.2	  0.4	0.000	0.000	0.000
72	  N	  0.2	  0.3	0.668	0.000	0.000
73	  P	  0.1	  0.0	0.668	0.000	0.000
74	  I	  0.4	  0.0	0.668	0.000	0.000
75	  R	  0.5	  0.1	0.668	0.000	0.000
76	  E	  0.5	  0.1	0.668	0.000	0.000
77	  K	  1.0	  0.1	0.668	0.000	0.000
78	  L	  1.1	  0.1	0.410	0.000	0.000
79	  N	  1.0	  1.0	0.575	0.000	0.000
80	  K	  0.2	  1.0	0.365	0.000	0.000
81	  D	  0.4	  1.0	4.855	0.000	0.000
82	  M	  0.5	  1.2	5.035	0.000	0.000
83	  E	  0.4	  0.3	5.035	0.000	0.000
84	  D	  0.5	  0.3	5.381	0.000	0.000
85	  L	  0.7	  0.3	5.381	0.000	0.000
86	  R	  1.1	  0.4	5.381	0.000	0.000
87	  K	  1.0	  0.4	4.875	0.000	0.000
88	  D	  4.8	  0.4	2.182	0.000	0.000
89	  I	  4.8	  0.3	1.470	0.000	0.000
90	  E	  4.6	  0.0	2.829	0.000	0.000
91	  P	  0.5	  0.0	1.724	0.000	0.000
92	  K	  0.4	  0.1	3.051	0.000	0.000
93	  R	  0.3	  0.1	4.574	0.000	0.000
94	  E	  0.3	  0.2	5.688	0.000	0.000
95	  E	  0.3	  0.1	7.845	0.000	0.000
96	  L	  0.7	  0.1	7.925	0.000	0.000
97	  R	  1.0	  0.0	7.925	0.000	0.000
98	  A	  1.6	  0.0	7.925	0.000	0.000
99	  V	  2.6	  0.0	7.925	0.000	0.000
100	  L	  2.5	  0.0	7.925	0.000	0.000
101	  E	  2.2	  0.1	7.925	0.000	0.000
102	  K	  0.9	  0.1	7.280	0.000	0.000
103	  H	  3.9	  0.1	1.136	0.000	0.000
104	  F	  3.6	  0.1	0.000	0.000	0.000
105	  N	  3.5	  0.0	0.000	0.000	0.000
106	  E	  1.2	  0.0	0.000	0.000	0.000
107	  Y	  1.7	  0.2	0.000	0.000	0.000
108	  R	  1.6	  0.2	0.000	0.000	0.000
109	  D	  0.8	  0.3	0.000	0.000	0.000
110	  E	  3.0	  0.3	0.000	0.000	0.000
111	  L	  3.0	  0.2	0.000	0.000	0.000
112	  K	  3.1	  0.1	0.000	0.000	0.000
113	  P	  0.1	  0.0	0.000	0.000	0.000
114	  F	  1.1	  0.2	0.000	0.000	0.000
115	  M	  1.2	  0.6	0.000	0.000	0.000
116	  D	  1.3	  0.6	2.063	0.000	0.000
117	  D	  0.2	  0.6	6.157	0.000	0.000
118	  Y	  1.2	  0.4	6.157	0.000	0.000
119	  L	  1.8	  0.0	6.157	0.000	0.000
120	  V	  4.0	  0.0	6.157	0.000	0.000
121	  K	  3.0	  0.1	6.157	0.000	0.000
122	  Q	  2.9	  0.1	5.721	0.000	0.000
123	  R	  1.3	  0.1	4.190	0.000	0.000
124	  Q	  1.5	  0.1	2.318	0.000	0.000
125	  H	  1.5	  0.1	0.961	0.000	0.000
126	  M	  1.0	  0.1	0.881	0.000	0.000
127	  E	  0.7	  0.0	2.424	0.000	0.000
128	  E	  1.9	  0.0	2.957	0.000	0.000
129	  V	  3.1	  0.1	2.957	0.000	0.000
130	  R	  3.2	  0.0	2.957	0.000	0.000
131	  A	  1.7	  0.0	2.957	0.000	0.000
132	  K	  4.1	  0.0	2.957	0.000	0.000
133	  L	  4.1	  0.0	1.828	0.000	0.000
134	  E	  3.8	  0.0	1.375	0.000	0.000
135	  P	  0.1	  0.0	0.000	0.228	0.228
136	  V	  7.8	  0.0	0.000	19.327	19.327
137	  V	 10.9	  0.0	0.000	19.327	19.327
138	  L	 12.7	  0.0	0.000	19.327	19.327
139	  S	  5.6	  0.0	1.452	19.327	19.327
140	  L	  2.5	  0.1	1.452	19.327	19.327
141	  K	  0.9	  0.1	1.452	0.000	0.000
142	  E	  0.5	  0.1	1.452	0.000	0.000
143	  K	  0.4	  0.1	1.452	0.000	0.000
144	  I	  0.1	  0.0	1.452	0.000	0.000
145	  P	  0.0	  0.9	0.000	0.000	0.000
146	  P	  0.0	  0.9	0.000	0.000	0.000
147	  N	  2.0	  0.9	0.151	0.000	0.000
148	  W	  2.5	  1.0	0.151	0.000	0.000
149	  E	  2.5	  0.1	0.151	0.000	0.000
150	  E	  1.0	  0.1	0.151	0.000	0.000
151	  T	  4.2	  0.2	0.382	0.000	0.000
152	  K	  4.8	  0.2	0.382	0.000	0.000
153	  S	  4.4	  0.2	0.382	0.000	0.000
154	  K	  1.5	  0.2	0.231	0.000	0.000
155	  L	  0.9	  0.1	0.231	0.000	0.000
156	  M	  0.8	  0.1	0.231	0.000	0.000
157	  P	  0.1	  0.0	2.200	0.000	0.000
158	  I	  0.8	  0.0	2.845	0.000	0.000
159	  L	  1.0	  0.0	3.418	0.000	0.000
160	  E	  1.0	  0.0	3.615	0.000	0.000
161	  A	  0.8	  0.0	3.615	0.000	0.000
162	  I	  3.0	  0.2	3.615	0.000	0.000
163	  R	  3.0	  0.2	3.615	0.000	0.000
164	  G	  2.5	  0.2	3.410	0.000	0.000
165	  K	  2.3	  0.2	1.871	0.000	0.000
166	  V	  3.0	  0.0	0.183	0.000	0.000
167	  A	  3.0	  0.2	0.183	0.000	0.000
168	  E	  0.8	  0.2	0.183	0.000	0.000
169	  N	  1.5	  0.2	0.343	0.000	0.000
170	  V	  2.2	  0.2	0.160	0.000	0.000
171	  Q	  2.3	  0.1	0.160	0.000	0.000
172	  E	  1.1	  0.1	0.160	0.000	0.000
173	  L	  0.6	  0.1	0.160	0.000	0.000
174	  R	  0.9	  0.1	0.160	0.000	0.000
175	  T	  1.6	  0.0	0.000	0.000	0.000
176	  M	  1.7	  0.0	0.000	0.000	0.000
177	  L	  1.4	  0.0	0.000	0.000	0.000
178	  E	  0.4	  0.0	0.000	0.000	0.000
179	  P	  0.1	  0.0	0.000	0.000	0.000
180	  Y	  1.6	  0.0	0.000	0.000	0.000
181	  V	  2.3	  0.1	0.000	0.000	0.000
182	  Q	  2.7	  0.1	0.000	0.000	0.000
183	  E	  4.5	  0.1	0.000	0.000	0.000
184	  Y	  4.3	  0.3	0.000	0.000	0.000
185	  K	  4.0	  0.2	0.000	0.000	0.000
186	  D	  0.6	  0.2	0.149	0.000	0.000
187	  Q	  1.9	  0.2	0.149	0.000	0.000
188	  M	  2.0	  0.2	0.149	0.000	0.000
189	  E	  2.0	  0.4	0.551	0.000	0.000
190	  K	  0.2	  0.5	0.551	0.000	0.000
191	  G	  0.0	  0.5	0.819	0.000	0.000
192	  A	  0.1	  0.3	0.670	0.000	0.000
193	  L	  1.0	  0.1	0.670	0.000	0.000
194	  E	  1.7	  0.0	0.834	0.000	0.000
195	  F	  2.3	  0.0	0.834	0.000	0.000
196	  R	  1.5	  0.1	0.432	0.000	0.000
197	  E	  0.8	  0.1	0.164	0.000	0.000
198	  K	  4.7	  0.1	0.164	0.000	0.000
199	  V	  7.9	  0.2	0.164	0.000	0.000
200	  K	  7.9	  0.3	0.164	0.000	0.000
201	  S	  3.5	  0.6	0.000	0.000	0.000
202	  G	  0.2	  0.6	0.194	0.000	0.000
203	  E	  0.3	  0.5	0.194	0.000	0.000
204	  L	  0.6	  0.3	0.194	0.000	0.000
205	  R	  0.8	  0.1	0.194	0.000	0.000
206	  K	  0.6	  0.1	0.194	0.000	0.000
207	  E	  1.0	  0.1	0.194	0.000	0.000
208	  L	  0.9	  0.1	0.000	0.000	0.000
209	  T	  0.9	  0.2	0.000	0.000	0.000
210	  E	  0.2	  0.2	0.000	0.000	0.000
211	  L	  0.1	  0.2	0.000	0.000	0.000
212	  G	  0.0	  0.3	0.000	0.000	0.000
213	  E	  0.0	  0.1	0.000	0.000	0.000
214	  Q	  2.3	  0.1	0.000	0.000	0.000
215	  V	  3.0	  0.1	0.000	0.000	0.000
216	  K	  3.0	  0.2	0.000	0.000	0.000
217	  P	  0.7	  0.2	0.000	0.000	0.000
218	  H	  4.0	  0.2	0.000	0.000	0.000
219	  F	  4.4	  0.7	0.000	0.000	0.000
220	  E	  4.4	  0.7	0.000	0.000	0.000
221	  G	  0.5	  0.7	1.265	0.000	0.000
222	  I	  0.5	  0.7	1.265	0.000	0.000
223	  F	  1.8	  0.2	1.265	0.000	0.000
224	  K	  1.9	  0.1	1.265	0.000	0.000
225	  A	  1.6	  0.1	1.265	0.000	0.000
226	  L	  0.6	  0.1	1.265	0.000	0.000
227	  Q	  1.2	  0.1	1.118	0.000	0.000
228	  K	  1.6	  0.1	0.743	0.000	0.000
229	  F	  2.4	  0.3	0.237	0.000	0.000
230	  A	  1.9	  0.2	0.000	0.000	0.000
231	  S	  1.8	  0.2	0.000	0.000	0.000
232	  K	  0.8	  0.2	0.000	0.000	0.000
233	  E	  0.6	  0.0	0.000	0.000	0.000
