res	aa	Beta	Turn	Helix	Aggregation	Conc-Stab_Aggregation
01	  D	  0.0	  0.0	0.000	0.000	0.000
02	  E	  0.0	  0.2	0.000	0.000	0.000
03	  P	  0.0	  0.2	0.000	0.000	0.000
04	  Q	  0.0	  0.2	0.000	0.000	0.000
05	  D	  0.0	  0.6	1.114	0.000	0.000
06	  P	  0.0	  0.5	1.114	0.000	0.000
07	  W	  0.2	  0.5	1.114	0.000	0.000
08	  D	  0.2	  0.5	2.213	0.000	0.000
09	  R	  0.6	  0.1	2.213	0.000	0.000
10	  M	  0.6	  0.7	2.213	0.000	0.000
11	  K	  0.7	  0.6	1.932	0.000	0.000
12	  D	  0.4	  0.6	1.889	0.000	0.000
13	  F	  0.6	  0.7	1.889	38.907	38.907
14	  L	  0.6	  0.3	1.305	39.395	39.395
15	  G	  0.7	  0.3	1.305	39.395	39.395
16	  I	  1.8	  0.3	0.147	39.395	39.395
17	  Y	  2.7	  0.3	0.147	39.395	39.395
18	  L	  2.9	  0.1	0.147	33.037	33.037
19	  D	  1.4	  0.1	0.550	0.318	0.318
20	  A	  1.1	  0.1	0.550	0.318	0.318
21	  V	  2.7	  0.0	0.550	0.318	0.318
22	  K	  2.7	  0.4	0.550	0.318	0.318
23	  E	  1.9	  0.5	0.402	0.000	0.000
24	  S	  0.2	  0.9	0.402	0.000	0.000
25	  G	  0.1	  1.2	0.000	0.000	0.000
26	  R	  0.4	  0.9	0.000	0.000	0.000
27	  D	  0.7	  0.7	0.000	0.000	0.000
28	  Y	  3.6	  0.3	0.000	0.354	0.354
29	  V	  5.0	  0.0	0.000	0.354	0.354
30	  A	  4.9	  0.0	0.000	0.354	0.354
31	  Q	  3.6	  0.0	0.000	0.354	0.354
32	  L	  2.1	  0.1	0.000	0.354	0.354
33	  E	  1.8	  0.2	0.000	0.000	0.000
34	  S	  0.6	  0.3	0.000	0.000	0.000
35	  S	  1.0	  0.3	0.000	0.000	0.000
36	  T	  1.6	  0.3	0.140	0.000	0.000
37	  V	  1.2	  0.4	0.140	0.000	0.000
38	  G	  0.7	  0.4	0.140	0.000	0.000
39	  K	  0.2	  0.4	0.140	0.000	0.000
40	  Q	  1.1	  0.2	0.140	0.000	0.000
41	  L	  2.8	  0.1	0.140	0.000	0.000
42	  N	  3.0	  0.0	0.961	0.000	0.000
43	  L	  3.6	  0.0	0.961	0.000	0.000
44	  K	  2.2	  0.0	0.961	0.000	0.000
45	  L	  2.3	  0.0	0.821	0.000	0.000
46	  L	  0.8	  0.2	0.821	0.000	0.000
47	  D	  0.6	  0.2	0.821	0.000	0.000
48	  N	  0.6	  0.5	0.484	0.000	0.000
49	  W	  0.8	  0.6	0.131	0.000	0.000
50	  D	  2.2	  0.4	0.131	0.000	0.000
51	  T	 31.1	  0.4	0.131	0.000	0.000
52	  F	 32.0	  0.1	0.131	0.000	0.000
53	  S	 31.3	  0.5	0.131	0.000	0.000
54	  S	  2.7	  0.5	0.554	0.000	0.000
55	  S	  3.7	  0.5	0.554	0.000	0.000
56	  V	  4.8	  0.4	0.554	0.000	0.000
57	  T	  5.7	  0.0	0.859	0.000	0.000
58	  K	  3.7	  0.0	0.859	0.000	0.000
59	  L	  1.8	  0.1	0.859	0.000	0.000
60	  R	  0.9	  0.1	0.643	0.000	0.000
61	  E	  0.1	  0.1	0.546	0.000	0.000
62	  Q	  1.5	  0.1	0.450	0.000	0.000
63	  L	  1.6	  0.1	0.000	0.000	0.000
64	  S	  1.6	  0.0	0.378	0.000	0.000
65	  P	  0.1	  0.0	0.378	0.000	0.000
66	  V	  3.9	  0.0	0.378	0.000	0.000
67	  T	  5.8	  0.1	0.378	0.000	0.000
68	  Q	  7.1	  0.1	0.378	0.000	0.000
69	  Q	  6.0	  0.1	0.378	0.000	0.000
70	  F	  5.3	  0.1	0.000	0.000	0.000
71	  W	  4.2	  0.4	0.000	0.000	0.000
72	  D	  1.5	  0.4	0.197	0.000	0.000
73	  N	  0.7	  0.4	0.392	0.000	0.000
74	  L	  0.7	  0.4	0.392	0.000	0.000
75	  E	  0.8	  0.1	0.392	0.000	0.000
76	  K	  0.5	  0.1	0.392	0.000	0.000
77	  E	  0.4	  0.2	0.392	0.000	0.000
78	  T	  0.4	  0.3	1.186	0.000	0.000
79	  A	  0.2	  0.3	1.186	0.000	0.000
80	  G	  0.2	  0.2	1.340	0.000	0.000
81	  L	  0.4	  0.3	1.146	0.000	0.000
82	  R	  0.7	  0.1	1.146	0.000	0.000
83	  Q	  0.7	  0.1	1.146	0.000	0.000
84	  E	  0.8	  0.1	1.146	0.000	0.000
85	  L	  0.8	  0.1	0.694	0.000	0.000
86	  S	  1.4	  1.1	0.822	0.000	0.000
87	  Q	  1.3	  1.0	0.557	0.000	0.000
88	  D	  1.9	  1.0	1.835	0.000	0.000
89	  V	  1.8	  1.0	2.003	0.000	0.000
90	  Q	  1.5	  0.0	2.003	0.000	0.000
91	  E	  7.5	  0.0	2.003	0.000	0.000
92	  I	  8.2	  0.0	2.003	0.000	0.000
93	  K	  8.4	  0.1	2.003	0.000	0.000
94	  Q	  2.0	  0.1	1.777	0.000	0.000
95	  K	  2.0	  0.1	1.531	0.000	0.000
96	  M	  1.9	  0.0	0.815	0.000	0.000
97	  Q	  1.5	  0.0	0.426	0.000	0.000
98	  P	  0.2	  0.0	0.000	0.000	0.000
99	  Y	  0.9	  0.1	0.000	0.000	0.000
100	  L	  0.9	  0.4	0.000	0.000	0.000
101	  D	  1.0	  0.4	5.236	0.000	0.000
102	  D	  0.7	  0.4	18.332	0.000	0.000
103	  F	  2.3	  0.3	18.332	0.000	0.000
104	  Q	  2.4	  0.0	18.332	0.000	0.000
105	  K	  1.9	  0.0	18.332	0.000	0.000
106	  K	  0.8	  0.0	18.332	0.000	0.000
107	  W	  1.2	  0.0	17.737	0.000	0.000
108	  Q	  1.2	  0.1	16.655	0.000	0.000
109	  E	  0.7	  0.1	12.326	0.000	0.000
110	  T	  0.4	  0.1	12.442	0.000	0.000
111	  A	  0.4	  0.1	12.622	0.000	0.000
112	  E	  0.6	  0.1	12.201	0.000	0.000
113	  R	  1.3	  0.1	11.000	0.000	0.000
114	  Y	  3.2	  0.1	9.871	0.000	0.000
115	  R	  3.2	  0.1	7.163	0.000	0.000
116	  Q	  2.8	  0.1	5.799	0.000	0.000
117	  K	  9.4	  0.1	2.352	0.000	0.000
118	  V	  9.7	  0.0	0.326	0.000	0.000
119	  T	  9.1	  0.4	0.224	0.000	0.000
120	  P	  0.6	  0.4	0.000	0.000	0.000
121	  L	  0.0	  0.5	0.000	0.000	0.000
122	  G	  0.0	  0.9	2.101	0.000	0.000
123	  E	  0.0	  0.5	2.101	0.000	0.000
124	  D	  0.1	  0.7	5.322	0.000	0.000
125	  A	  0.4	  0.7	5.322	0.000	0.000
126	  R	  0.7	  0.3	5.322	0.000	0.000
127	  H	  1.3	  0.3	5.322	0.000	0.000
128	  K	  1.7	  0.1	4.603	0.000	0.000
129	  L	  1.4	  0.1	4.122	0.000	0.000
130	  Q	  0.8	  0.1	3.324	0.000	0.000
131	  E	  0.5	  0.1	2.227	0.000	0.000
132	  L	  0.5	  0.4	1.655	0.000	0.000
133	  Q	  0.4	  0.4	1.388	0.000	0.000
134	  G	  0.1	  0.5	0.565	0.000	0.000
135	  Q	  0.1	  0.5	0.270	0.000	0.000
136	  L	  0.1	  0.3	0.000	0.000	0.000
137	  G	  0.1	  0.4	0.000	0.000	0.000
138	  E	  0.0	  0.3	0.000	0.000	0.000
139	  L	  0.0	  0.3	0.000	0.000	0.000
140	  G	  0.0	  0.3	0.488	0.000	0.000
141	  Q	  0.4	  0.1	0.488	0.000	0.000
142	  E	  2.3	  0.1	0.488	0.000	0.000
143	  V	  3.2	  0.1	0.488	0.000	0.000
144	  R	  2.8	  0.1	0.488	0.000	0.000
145	  D	  1.1	  0.1	0.488	0.000	0.000
146	  S	  3.7	  0.1	0.686	0.000	0.000
147	  V	  4.4	  0.1	0.405	0.305	0.305
148	  R	  5.6	  0.1	0.405	0.305	0.305
149	  T	  7.3	  0.1	2.216	0.305	0.305
150	  Y	  8.0	  0.2	2.216	0.305	0.305
151	  V	  9.0	  0.1	2.391	0.305	0.305
152	  D	  3.9	  0.1	2.731	0.305	0.305
153	  L	  2.6	  0.1	2.731	0.305	0.305
154	  L	  0.8	  0.1	2.731	0.305	0.305
155	  R	  1.2	  0.1	2.575	0.000	0.000
156	  S	  1.2	  0.2	1.714	0.000	0.000
157	  Q	  2.1	  0.2	0.616	0.000	0.000
158	  L	  1.8	  0.1	0.000	0.000	0.000
159	  S	  1.6	  0.3	0.000	0.000	0.000
160	  P	  0.1	  0.3	0.000	0.000	0.000
161	  H	  0.0	  0.4	0.437	0.000	0.000
162	  S	  0.1	  0.5	12.364	0.000	0.000
163	  E	  0.1	  0.2	14.024	0.000	0.000
164	  E	  0.3	  0.2	16.149	0.000	0.000
165	  L	  0.5	  0.1	16.149	0.000	0.000
166	  R	  1.0	  0.1	16.149	0.000	0.000
167	  Q	  1.3	  0.1	16.149	0.000	0.000
168	  R	  2.6	  0.1	14.477	0.000	0.000
169	  V	  3.4	  0.0	13.537	0.000	0.000
170	  M	  2.9	  0.0	13.409	0.000	0.000
171	  A	  1.5	  0.0	10.959	0.000	0.000
172	  R	  0.6	  0.0	10.899	0.000	0.000
173	  L	  0.8	  0.0	9.182	0.000	0.000
174	  E	  0.6	  0.0	8.546	0.000	0.000
175	  A	  0.5	  0.0	7.360	0.000	0.000
176	  L	  0.3	  0.2	6.784	0.000	0.000
177	  K	  0.3	  0.3	5.675	0.000	0.000
178	  E	  0.1	  0.6	2.336	0.000	0.000
179	  G	  0.0	  0.7	0.813	0.000	0.000
180	  G	  0.0	  0.8	0.212	0.000	0.000
181	  G	  0.0	  0.7	0.344	0.000	0.000
182	  A	  0.5	  0.6	0.344	0.000	0.000
183	  S	  0.7	  0.4	0.344	0.000	0.000
184	  L	  0.7	  0.4	0.344	0.000	0.000
185	  A	  0.5	  0.2	0.344	0.000	0.000
186	  Q	  4.7	  0.2	0.344	0.000	0.000
187	  Y	  7.4	  0.2	0.145	0.000	0.000
188	  Q	  7.2	  0.0	0.000	0.000	0.000
189	  A	  3.1	  0.0	0.000	0.000	0.000
190	  K	  0.5	  0.0	0.000	0.000	0.000
191	  A	  0.3	  0.1	0.000	0.000	0.000
192	  S	  0.2	  0.2	1.950	0.000	0.000
193	  E	  0.1	  0.2	1.950	0.000	0.000
194	  Q	  1.0	  0.2	1.950	0.000	0.000
195	  L	  1.0	  0.2	1.950	0.000	0.000
196	  R	  1.0	  0.2	1.950	0.000	0.000
197	  E	  0.1	  0.2	1.950	0.000	0.000
198	  L	  0.1	  0.2	1.451	0.000	0.000
199	  G	  0.0	  0.3	1.153	0.000	0.000
200	  E	  0.1	  0.2	0.812	0.000	0.000
201	  K	  0.8	  0.2	0.437	0.000	0.000
202	  A	  0.8	  0.1	0.145	0.000	0.000
203	  K	  0.7	  0.0	0.145	0.000	0.000
204	  P	  0.0	  0.0	0.000	0.000	0.000
205	  A	  0.3	  0.0	0.000	0.000	0.000
206	  F	  1.1	  0.4	0.000	0.000	0.000
207	  E	  1.2	  0.4	0.000	0.000	0.000
208	  D	  2.2	  0.4	0.000	0.000	0.000
209	  F	  3.8	  0.5	0.000	0.000	0.000
210	  R	  3.8	  0.3	0.000	0.000	0.000
211	  Q	  2.6	  0.3	0.000	0.000	0.000
212	  G	  0.1	  0.3	0.000	0.000	0.000
213	  L	  0.1	  0.1	0.000	0.000	0.000
214	  L	  0.1	  0.0	0.000	0.000	0.000
215	  P	  0.1	  0.0	0.000	0.000	0.000
216	  V	  1.6	  0.0	0.000	0.000	0.000
217	  L	  1.8	  0.1	0.000	0.000	0.000
218	  E	  1.8	  0.1	0.000	0.000	0.000
219	  S	  0.8	  0.1	0.000	0.000	0.000
220	  L	  2.4	  0.1	0.000	0.000	0.000
221	  K	  3.7	  0.0	0.000	0.000	0.000
222	  V	  7.6	  0.0	0.000	0.000	0.000
223	  S	  9.1	  0.0	0.000	0.000	0.000
224	  F	  9.6	  0.2	0.000	0.000	0.000
225	  Q	  5.2	  0.2	0.000	0.000	0.000
226	  N	  1.8	  0.2	0.000	0.000	0.000
227	  A	  0.2	  0.2	0.000	0.000	0.000
228	  L	  0.2	  0.0	0.000	0.000	0.000
229	  D	  0.2	  0.1	10.406	0.000	0.000
230	  E	  0.2	  0.1	10.406	0.000	0.000
231	  A	  0.4	  0.2	10.406	0.000	0.000
232	  S	  0.5	  0.2	10.406	0.000	0.000
233	  K	  0.4	  0.2	10.406	0.000	0.000
234	  K	  2.4	  0.2	10.406	0.000	0.000
235	  L	  2.4	  0.1	5.559	0.000	0.000
236	  K	  2.3	  0.0	2.422	0.000	0.000
237	  P	  0.1	  0.0	0.000	0.000	0.000
238	  S	  0.0	  0.0	0.000	0.000	0.000
