res	aa	Beta	Turn	Helix	Aggregation	Conc-Stab_Aggregation
01	  A	  0.0	  0.3	0.000	0.000	0.000
02	  P	  0.0	  0.4	0.000	0.000	0.000
03	  S	  0.2	  0.5	0.000	0.000	0.000
04	  Q	  1.4	  0.5	0.000	0.000	0.000
05	  L	  2.0	  0.2	0.000	0.000	0.000
06	  Q	  2.4	  0.1	0.000	0.000	0.000
07	  H	  3.1	  0.0	0.000	0.000	0.000
08	  V	  3.8	  0.0	0.000	0.000	0.000
09	  R	  3.2	  0.0	0.000	0.000	0.000
10	  A	  1.5	  0.0	0.000	17.707	17.707
11	  A	  1.1	  0.0	0.000	38.318	38.318
12	  V	  7.9	  0.0	0.000	93.626	93.626
13	  L	  9.1	  0.0	0.000	96.690	96.690
14	  V	 11.9	  0.0	0.000	96.987	96.987
15	  Y	  5.9	  0.0	0.000	96.666	96.666
16	  L	  4.3	  0.0	0.000	94.062	94.062
17	  A	  0.9	  0.0	0.000	60.212	60.212
18	  Q	  1.3	  0.0	0.000	30.163	30.163
19	  V	  3.1	  0.0	0.000	29.716	29.716
20	  K	  3.0	  0.1	0.000	0.011	0.011
21	  E	  2.0	  0.2	0.000	0.011	0.011
22	  S	  0.5	  0.2	0.981	0.000	0.000
23	  A	  0.5	  0.2	0.981	0.000	0.000
24	  Q	  0.5	  0.1	0.981	0.000	0.000
25	  K	  0.3	  0.1	0.981	0.000	0.000
26	  A	  0.5	  0.1	0.981	33.578	33.578
27	  L	  1.9	  0.0	0.981	33.578	33.578
28	  V	  5.7	  0.0	0.502	33.578	33.578
29	  Y	  6.4	  0.1	0.502	33.578	33.578
30	  L	  5.1	  0.2	0.000	33.578	33.578
31	  D	  1.2	  0.4	0.000	0.000	0.000
32	  D	  0.3	  0.4	0.000	0.000	0.000
33	  T	  0.4	  0.2	0.000	0.000	0.000
34	  E	  2.0	  0.1	0.000	0.000	0.000
35	  Y	  3.4	  0.2	0.000	0.000	0.000
36	  Q	  3.7	  0.2	0.000	0.000	0.000
37	  D	  2.6	  0.2	0.692	0.000	0.000
38	  Y	  2.3	  0.2	0.692	0.000	0.000
39	  K	  2.1	  0.0	0.692	0.000	0.000
40	  A	  2.0	  0.0	0.692	0.000	0.000
41	  K	  1.6	  0.0	0.692	0.000	0.000
42	  I	  1.3	  0.1	0.692	0.000	0.000
43	  S	  1.0	  0.6	0.692	0.000	0.000
44	  D	  0.1	  0.7	0.353	0.000	0.000
45	  S	  2.5	  1.6	2.125	0.000	0.000
46	  L	  2.5	  1.6	2.125	0.000	0.000
47	  D	  2.5	  1.1	5.397	0.000	0.000
48	  D	  0.1	  1.0	7.874	0.000	0.000
49	  M	  0.3	  0.1	7.874	0.000	0.000
50	  L	  0.5	  0.1	7.874	0.000	0.000
51	  K	  0.9	  0.1	7.874	0.000	0.000
52	  N	  1.2	  0.1	7.804	0.000	0.000
53	  I	  1.4	  0.1	5.496	0.000	0.000
54	  Q	  1.1	  0.0	5.651	0.000	0.000
55	  A	  0.6	  0.2	3.229	0.000	0.000
56	  A	  0.3	  0.2	2.439	0.000	0.000
57	  S	  0.6	  0.2	1.579	0.000	0.000
58	  A	  0.5	  0.2	0.536	0.000	0.000
59	  K	  0.7	  0.1	0.536	0.000	0.000
60	  A	  0.4	  0.0	0.000	0.000	0.000
61	  S	  0.4	  0.2	0.000	0.000	0.000
62	  P	  0.1	  0.2	0.000	0.000	0.000
63	  Y	  1.9	  0.3	0.000	0.000	0.000
64	  T	  2.0	  0.3	0.343	0.000	0.000
65	  D	  2.1	  0.1	0.833	0.000	0.000
66	  A	  0.4	  0.1	0.833	0.000	0.000
67	  F	  1.1	  0.0	0.833	0.000	0.000
68	  A	  1.1	  0.0	0.833	0.000	0.000
69	  A	  1.3	  0.0	0.833	0.000	0.000
70	  Q	  2.6	  0.0	0.833	0.000	0.000
71	  I	  3.3	  0.0	0.000	0.000	0.000
72	  T	  3.1	  0.0	0.397	0.000	0.000
73	  E	  1.6	  0.0	0.397	0.000	0.000
74	  L	  1.7	  0.1	0.397	0.000	0.000
75	  T	  1.7	  0.3	1.552	0.000	0.000
76	  A	  1.0	  0.3	1.552	0.000	0.000
77	  G	  0.3	  0.3	1.552	0.000	0.000
78	  I	  0.6	  0.3	1.155	0.000	0.000
79	  R	  0.6	  0.1	1.155	0.000	0.000
80	  E	  0.5	  0.1	1.155	0.000	0.000
81	  K	  1.7	  0.1	1.155	0.000	0.000
82	  I	  2.9	  0.1	0.199	0.000	0.000
83	  R	  3.3	  0.1	0.199	0.000	0.000
84	  T	  2.0	  0.1	0.398	0.000	0.000
85	  D	  1.7	  0.7	0.398	0.000	0.000
86	  I	  1.3	  0.7	0.398	0.000	0.000
87	  D	  1.0	  0.7	1.012	0.000	0.000
88	  E	  0.4	  0.7	1.012	0.000	0.000
89	  L	  0.5	  0.2	1.012	0.000	0.000
90	  R	  0.7	  0.2	0.860	0.000	0.000
91	  T	  1.6	  0.1	0.613	0.000	0.000
92	  Q	  5.1	  0.1	0.613	0.000	0.000
93	  L	  4.9	  0.0	0.221	0.000	0.000
94	  E	  3.9	  0.0	1.178	0.000	0.000
95	  P	  0.1	  0.0	1.339	0.000	0.000
96	  K	  0.4	  0.1	2.735	0.000	0.000
97	  R	  0.3	  0.1	4.312	0.000	0.000
98	  E	  0.4	  0.2	5.461	0.000	0.000
99	  E	  0.3	  0.1	7.687	0.000	0.000
100	  L	  0.7	  0.1	7.914	0.000	0.000
101	  R	  1.0	  0.0	7.914	0.000	0.000
102	  A	  1.6	  0.0	7.914	0.000	0.000
103	  V	  2.7	  0.0	7.914	0.000	0.000
104	  L	  2.5	  0.0	7.914	0.000	0.000
105	  E	  2.2	  0.1	7.914	0.000	0.000
106	  K	  0.9	  0.1	7.375	0.000	0.000
107	  H	  1.4	  0.1	1.148	0.000	0.000
108	  M	  0.9	  0.1	0.000	0.000	0.000
109	  Q	  1.2	  0.1	0.000	0.000	0.000
110	  E	  1.2	  0.1	0.000	0.000	0.000
111	  Y	  2.0	  0.3	0.000	0.000	0.000
112	  R	  1.6	  0.2	0.000	0.000	0.000
113	  D	  0.8	  0.3	0.000	0.000	0.000
114	  K	  4.2	  0.3	0.000	0.000	0.000
115	  L	  4.2	  0.1	0.000	0.000	0.000
116	  E	  4.2	  0.1	0.000	0.000	0.000
117	  P	  0.1	  0.0	0.000	0.000	0.000
118	  V	  3.1	  0.0	0.181	0.000	0.000
119	  V	  4.8	  0.1	0.403	0.000	0.000
120	  K	  5.0	  0.1	0.403	0.000	0.000
121	  E	  2.1	  0.1	0.615	0.000	0.000
122	  Y	  1.2	  0.1	0.615	0.000	0.000
123	  M	  1.2	  0.1	0.615	0.000	0.000
124	  E	  1.7	  0.1	0.615	0.000	0.000
125	  K	  1.2	  0.1	0.615	0.000	0.000
126	  H	  1.4	  0.2	0.615	0.000	0.000
127	  K	  1.0	  0.1	0.000	0.000	0.000
128	  A	  1.0	  0.1	0.000	0.000	0.000
129	  E	  3.6	  0.0	0.000	0.000	0.000
130	  V	  4.5	  0.0	0.000	0.000	0.000
131	  Q	  4.7	  0.0	0.000	0.000	0.000
132	  A	  2.3	  0.0	0.141	0.000	0.000
133	  F	  3.6	  0.0	0.141	0.000	0.000
134	  Q	  3.4	  0.0	0.141	0.000	0.000
135	  A	  3.2	  0.0	0.141	0.000	0.000
136	  K	  3.2	  0.0	0.141	0.000	0.000
137	  M	  3.1	  0.0	0.141	0.000	0.000
138	  K	  2.8	  0.0	0.141	0.000	0.000
139	  P	  0.1	  0.0	0.332	0.000	0.000
140	  I	  3.1	  0.0	0.832	0.000	0.000
141	  V	  3.7	  0.0	2.536	0.000	0.000
142	  E	  3.7	  0.1	4.066	0.000	0.000
143	  E	  0.9	  0.1	4.676	0.000	0.000
144	  L	  0.7	  0.1	4.676	0.000	0.000
145	  R	  0.8	  0.0	4.676	0.000	0.000
146	  A	  0.9	  0.0	4.676	0.000	0.000
147	  K	  2.0	  0.0	4.456	0.000	0.000
148	  V	  2.4	  0.0	2.488	0.000	0.000
149	  Q	  2.1	  0.1	2.488	0.000	0.000
150	  T	  1.3	  0.1	0.000	0.000	0.000
151	  N	  5.2	  0.1	0.000	0.000	0.000
152	  V	  5.7	  0.1	0.000	0.000	0.000
153	  E	  5.0	  0.1	0.000	0.000	0.000
154	  E	  1.2	  0.1	0.000	0.000	0.000
155	  T	  4.1	  0.2	0.000	0.000	0.000
156	  K	  4.7	  0.2	0.000	0.000	0.000
157	  S	  4.4	  0.2	0.000	0.000	0.000
158	  K	  1.7	  0.2	0.000	0.000	0.000
159	  L	  1.1	  0.1	0.000	0.000	0.000
160	  A	  0.9	  0.1	0.000	0.000	0.000
161	  P	  0.1	  0.0	0.000	0.000	0.000
162	  I	  1.1	  0.0	0.000	0.000	0.000
163	  V	  1.8	  0.0	0.000	0.000	0.000
164	  D	  1.8	  0.0	0.425	0.000	0.000
165	  A	  1.4	  0.0	0.425	0.000	0.000
166	  V	  1.5	  0.0	0.425	0.000	0.000
167	  R	  1.6	  0.0	0.425	0.000	0.000
168	  T	  2.0	  0.1	0.425	0.000	0.000
169	  K	  3.4	  0.1	0.425	0.000	0.000
170	  L	  3.2	  0.1	0.143	0.000	0.000
171	  T	  2.4	  0.1	0.181	0.000	0.000
172	  E	  0.3	  0.1	0.319	0.000	0.000
173	  R	  0.7	  0.1	1.207	0.000	0.000
174	  L	  0.5	  0.3	1.207	0.000	0.000
175	  E	  0.5	  0.3	2.056	0.000	0.000
176	  D	  0.3	  0.3	4.817	0.000	0.000
177	  L	  0.6	  0.3	4.817	0.000	0.000
178	  K	  0.7	  0.0	4.817	0.000	0.000
179	  A	  0.6	  0.0	4.650	0.000	0.000
180	  L	  0.5	  0.0	4.650	0.000	0.000
181	  A	  0.4	  0.0	4.261	0.000	0.000
182	  S	  0.3	  0.0	3.142	0.000	0.000
183	  P	  0.0	  0.0	0.000	0.000	0.000
184	  F	  2.2	  0.0	0.000	0.000	0.000
185	  V	  2.8	  0.1	0.000	0.000	0.000
186	  E	  2.9	  0.1	0.000	0.000	0.000
187	  E	  4.1	  0.1	0.000	0.000	0.000
188	  Y	  4.3	  0.1	0.000	0.000	0.000
189	  K	  4.3	  0.1	0.160	0.000	0.000
190	  E	  1.0	  0.1	0.160	0.000	0.000
191	  Q	  0.2	  0.1	0.160	0.000	0.000
192	  A	  0.6	  0.1	0.160	0.000	0.000
193	  I	  8.5	  0.0	0.160	0.000	0.000
194	  K	 10.3	  0.0	0.160	0.000	0.000
195	  V	 12.7	  0.0	0.000	0.802	0.802
196	  V	  8.6	  0.0	0.000	0.802	0.802
197	  T	  7.4	  0.0	0.885	0.802	0.802
198	  Q	  5.4	  0.0	0.885	0.802	0.802
199	  L	  1.9	  0.1	0.885	0.802	0.802
200	  R	  1.0	  0.2	0.885	0.000	0.000
201	  E	  0.2	  0.2	0.885	0.000	0.000
202	  N	  0.2	  0.6	0.885	0.000	0.000
203	  I	  0.1	  0.8	0.514	0.000	0.000
204	  G	  0.1	  0.8	0.514	0.000	0.000
205	  K	  0.1	  2.1	0.120	0.000	0.000
206	  S	  0.1	  1.9	0.189	0.000	0.000
207	  D	  0.0	  1.7	0.348	0.000	0.000
208	  G	  0.1	  1.5	0.982	0.000	0.000
209	  L	  0.1	  0.2	0.982	0.000	0.000
210	  A	  0.1	  0.1	1.166	0.000	0.000
211	  E	  0.0	  0.1	1.166	0.000	0.000
212	  E	  1.4	  0.1	1.166	0.000	0.000
213	  L	  1.6	  0.2	1.166	0.000	0.000
214	  K	  2.4	  0.1	1.166	0.000	0.000
215	  T	  2.0	  0.1	0.492	0.000	0.000
216	  K	  3.9	  0.1	0.492	0.000	0.000
217	  L	  3.4	  0.1	0.138	0.000	0.000
218	  T	  2.6	  0.1	0.000	0.000	0.000
219	  D	  0.8	  0.1	0.253	0.000	0.000
220	  L	  0.9	  0.1	0.253	9.092	9.092
221	  Y	  1.1	  0.2	0.253	9.754	9.754
222	  A	  1.3	  0.2	0.253	9.754	9.754
223	  T	  4.1	  0.2	0.253	9.754	9.754
224	  L	  4.2	  0.2	0.253	9.754	9.754
225	  T	  4.3	  0.1	0.253	4.015	4.015
226	  K	  1.2	  0.0	0.253	0.000	0.000
227	  A	  1.1	  0.0	0.000	0.000	0.000
228	  F	  1.9	  0.0	0.000	0.000	0.000
229	  T	  2.1	  0.2	0.000	0.000	0.000
230	  E	  2.2	  0.2	0.000	0.000	0.000
231	  S	  1.0	  0.2	0.000	0.000	0.000
232	  K	  0.6	  0.2	0.000	0.000	0.000
233	  A	  0.1	  0.0	0.000	0.000	0.000
