res	aa	Beta	Turn	Helix	Aggregation	Conc-Stab_Aggregation
01	  A	  0.1	  0.0	0.000	0.000	0.000
02	  A	  0.4	  0.1	0.000	0.000	0.000
03	  S	  0.6	  0.1	0.000	0.000	0.000
04	  Q	  2.0	  0.1	0.000	0.000	0.000
05	  L	  1.8	  0.1	0.000	0.000	0.000
06	  E	  1.6	  0.0	0.000	0.000	0.000
07	  H	  0.0	  0.0	0.000	0.000	0.000
08	  Y	  0.0	  0.0	0.000	0.000	0.000
09	  R	  0.0	  0.0	 -nan	0.000	0.000
10	  D	  0.0	  0.0	 -nan	0.000	0.000
11	  A	  0.0	  0.0	 -nan	0.000	0.000
12	  A	  0.0	  0.0	 -nan	0.000	0.000
13	  M	  0.0	  0.0	 -nan	0.000	0.000
14	  V	  0.0	  0.0	 -nan	0.000	0.000
15	  Y	  0.0	  0.0	 -nan	0.000	0.000
16	  L	  0.0	  0.0	 -nan	0.000	0.000
17	  N	  0.0	  0.0	 -nan	0.000	0.000
18	  Q	  0.0	  0.0	 -nan	0.000	0.000
19	  V	  0.0	  0.0	 -nan	0.000	0.000
20	  K	  0.0	  0.0	 -nan	0.000	0.000
21	  D	  0.0	  0.0	 -nan	0.000	0.000
22	  S	  0.0	  0.0	0.000	0.000	0.000
23	  A	  0.0	  0.0	0.000	0.000	0.000
24	  Q	  0.1	  0.0	0.000	0.000	0.000
25	  Q	  0.3	  0.0	0.000	0.000	0.000
26	  A	  0.4	  0.0	0.000	0.000	0.000
27	  L	  0.7	  0.1	0.000	0.000	0.000
28	  D	  0.5	  0.1	0.000	0.000	0.000
29	  H	  0.9	  0.2	0.000	0.000	0.000
30	  L	  0.6	  0.4	0.000	0.000	0.000
31	  E	  0.6	  0.7	0.000	0.000	0.000
32	  G	  0.1	  0.7	0.000	0.000	0.000
33	  T	  0.5	  0.6	0.629	0.000	0.000
34	  D	  2.0	  0.4	1.361	0.000	0.000
35	  Y	  4.1	  0.2	1.361	0.000	0.000
36	  E	  4.2	  0.1	1.361	0.000	0.000
37	  H	  4.7	  0.1	1.486	0.000	0.000
38	  Y	  4.1	  0.1	1.486	0.000	0.000
39	  K	  4.7	  0.0	1.486	0.000	0.000
40	  L	  4.1	  0.1	1.166	0.000	0.000
41	  K	  3.1	  0.1	0.847	0.000	0.000
42	  L	  2.0	  0.1	0.384	0.000	0.000
43	  S	  0.7	  0.8	0.384	0.000	0.000
44	  E	  0.3	  0.8	0.000	0.000	0.000
45	  S	  3.1	  1.7	2.443	0.000	0.000
46	  M	  3.0	  1.7	2.443	0.000	0.000
47	  D	  3.0	  1.0	4.022	0.000	0.000
48	  K	  0.7	  1.0	4.022	0.000	0.000
49	  L	  1.0	  0.2	4.022	0.000	0.000
50	  Q	  1.4	  0.1	4.022	0.000	0.000
51	  A	  1.0	  0.0	3.337	0.000	0.000
52	  Y	  1.0	  0.0	3.028	0.000	0.000
53	  A	  0.6	  0.1	1.160	0.000	0.000
54	  E	  0.5	  0.1	0.782	0.000	0.000
55	  T	  2.9	  0.2	0.147	0.000	0.000
56	  A	  3.3	  0.3	0.147	0.000	0.000
57	  S	  4.4	  0.2	0.147	0.000	0.000
58	  H	  2.8	  0.2	0.000	0.000	0.000
59	  T	 12.2	  0.1	0.000	0.000	0.000
60	  L	 11.2	  0.0	0.000	0.000	0.000
61	  S	 10.1	  0.7	0.000	0.000	0.000
62	  P	  0.1	  0.7	0.000	0.000	0.000
63	  Y	  0.1	  0.9	0.000	0.000	0.000
64	  G	  0.2	  0.9	0.167	0.000	0.000
65	  E	  0.3	  0.2	0.167	0.000	0.000
66	  A	  0.6	  0.2	0.167	0.000	0.000
67	  F	  2.8	  0.1	0.167	0.000	0.000
68	  T	  3.3	  0.1	0.167	0.000	0.000
69	  N	  4.2	  0.1	0.167	0.000	0.000
70	  Q	  6.1	  0.1	0.167	0.000	0.000
71	  F	  5.9	  0.1	0.000	0.000	0.000
72	  Q	  4.8	  0.1	0.000	0.000	0.000
73	  T	  1.6	  0.2	0.000	0.000	0.000
74	  S	  1.6	  0.2	0.000	0.000	0.000
75	  T	  2.3	  0.1	0.000	0.000	0.000
76	  H	  1.8	  0.1	0.000	0.000	0.000
77	  A	  1.5	  0.0	0.000	0.000	0.000
78	  L	  0.7	  0.0	0.000	0.000	0.000
79	  R	  0.4	  0.1	0.000	0.000	0.000
80	  E	  0.2	  0.1	0.000	0.000	0.000
81	  R	  2.2	  0.1	0.000	0.000	0.000
82	  V	  3.5	  0.0	0.000	0.000	0.000
83	  M	  3.5	  0.3	0.000	0.000	0.000
84	  A	  1.6	  0.3	0.000	0.000	0.000
85	  D	  2.7	  0.3	0.318	0.000	0.000
86	  V	  3.7	  0.4	0.318	0.000	0.000
87	  E	  3.6	  0.2	0.457	0.000	0.000
88	  D	  1.1	  0.2	1.561	0.000	0.000
89	  L	  0.5	  0.2	1.561	0.000	0.000
90	  H	  0.8	  0.0	1.561	0.000	0.000
91	  A	  1.0	  0.0	1.404	0.000	0.000
92	  K	  4.8	  0.0	1.404	0.000	0.000
93	  L	  4.6	  0.0	1.104	0.000	0.000
94	  E	  4.4	  0.0	0.925	0.000	0.000
95	  P	  0.2	  0.0	0.201	0.000	0.000
96	  H	  0.4	  0.1	0.201	0.000	0.000
97	  R	  0.5	  0.1	0.201	0.000	0.000
98	  A	  0.8	  0.1	0.201	0.000	0.000
99	  Q	  1.7	  0.1	0.201	0.000	0.000
100	  L	  1.7	  0.1	0.000	0.000	0.000
101	  Q	  1.5	  0.1	0.000	0.000	0.000
102	  Q	  0.4	  0.1	0.000	0.000	0.000
103	  A	  0.4	  0.1	0.000	0.000	0.000
104	  I	  0.8	  0.0	0.000	0.000	0.000
105	  Q	  1.0	  0.1	0.000	0.000	0.000
106	  Q	  1.1	  0.1	0.000	0.000	0.000
107	  Q	  2.7	  0.1	0.000	0.000	0.000
108	  V	  2.9	  0.1	0.000	0.000	0.000
109	  E	  2.7	  0.1	0.000	0.000	0.000
110	  E	  1.5	  0.1	0.166	0.000	0.000
111	  Y	  2.9	  0.2	0.166	0.000	0.000
112	  R	  3.1	  0.1	0.166	0.000	0.000
113	  S	  2.6	  0.2	0.166	0.000	0.000
114	  K	  4.6	  0.2	0.166	0.000	0.000
115	  L	  4.4	  0.1	0.166	0.000	0.000
116	  E	  4.2	  0.1	0.166	0.000	0.000
117	  P	  0.1	  0.0	0.000	0.000	0.000
118	  I	  1.4	  0.0	0.281	0.000	0.000
119	  F	  2.7	  0.1	0.591	0.000	0.000
120	  Q	  3.1	  0.1	0.591	0.000	0.000
121	  E	  1.7	  0.1	0.591	0.000	0.000
122	  Y	  1.7	  0.1	0.591	0.000	0.000
123	  I	  1.5	  0.1	0.591	0.000	0.000
124	  E	  1.5	  0.1	0.591	0.000	0.000
125	  N	  0.4	  0.2	0.591	0.000	0.000
126	  K	  0.4	  0.2	0.591	0.000	0.000
127	  R	  0.8	  0.1	0.000	0.000	0.000
128	  M	  1.6	  0.1	0.000	0.000	0.000
129	  E	  2.2	  0.1	0.665	0.000	0.000
130	  L	  1.8	  0.3	0.836	0.000	0.000
131	  D	  0.9	  0.3	3.311	0.000	0.000
132	  N	  0.8	  0.2	5.000	0.000	0.000
133	  L	  1.1	  0.2	5.000	0.000	0.000
134	  R	  1.2	  0.0	5.000	0.000	0.000
135	  A	  0.9	  0.0	5.000	0.000	0.000
136	  K	  3.8	  0.0	4.840	0.000	0.000
137	  V	  4.1	  0.0	2.669	0.000	0.000
138	  Q	  3.7	  0.0	2.669	0.000	0.000
139	  P	  0.4	  0.0	0.000	0.000	0.000
140	  L	  0.1	  0.0	0.355	0.000	0.000
141	  L	  0.1	  0.1	0.534	0.000	0.000
142	  E	  0.1	  0.1	2.558	0.000	0.000
143	  E	  0.5	  0.1	3.068	0.000	0.000
144	  M	  0.9	  0.1	3.068	0.000	0.000
145	  Q	  1.1	  0.0	3.068	0.000	0.000
146	  A	  1.0	  0.0	3.068	0.000	0.000
147	  K	  2.2	  0.0	3.068	0.000	0.000
148	  V	  3.2	  0.0	1.855	0.000	0.000
149	  Q	  2.9	  0.2	1.855	0.000	0.000
150	  A	  1.5	  0.2	0.908	0.000	0.000
151	  N	  4.7	  0.2	0.772	0.000	0.000
152	  V	  5.2	  0.2	0.000	0.000	0.000
153	  E	  5.1	  0.1	0.000	0.000	0.000
154	  E	  1.2	  0.1	0.000	0.000	0.000
155	  T	  2.2	  0.2	0.000	0.000	0.000
156	  K	  3.0	  0.1	0.000	0.000	0.000
157	  T	  3.5	  0.1	0.000	0.000	0.000
158	  K	  2.9	  0.1	0.000	0.000	0.000
159	  L	  2.2	  0.0	0.000	0.000	0.000
160	  V	  1.3	  0.0	0.000	0.000	0.000
161	  P	  0.2	  0.0	0.606	0.000	0.000
162	  M	  0.3	  0.0	0.606	0.000	0.000
163	  V	  2.2	  0.0	0.863	0.000	0.000
164	  E	  2.2	  0.0	1.005	0.000	0.000
165	  A	  2.5	  0.0	1.005	0.000	0.000
166	  V	  1.5	  0.2	1.005	0.000	0.000
167	  R	  1.5	  0.3	1.005	0.000	0.000
168	  G	  0.9	  0.3	0.855	0.000	0.000
169	  K	  2.1	  0.3	0.634	0.000	0.000
170	  L	  3.4	  0.1	0.000	0.000	0.000
171	  T	  6.2	  0.1	0.000	0.000	0.000
172	  H	  4.9	  0.1	0.000	0.000	0.000
173	  Q	  5.2	  0.1	0.000	0.000	0.000
174	  L	  2.3	  0.1	0.000	0.000	0.000
175	  E	  1.6	  0.1	0.000	0.000	0.000
176	  E	  1.5	  0.1	0.000	0.000	0.000
177	  L	  1.6	  0.1	0.000	0.000	0.000
178	  K	  1.9	  0.1	0.000	0.000	0.000
179	  T	  1.1	  0.1	0.000	0.000	0.000
180	  M	  1.2	  0.1	0.000	0.000	0.000
181	  A	  1.0	  0.0	0.000	0.000	0.000
182	  S	  0.4	  0.3	0.286	0.000	0.000
183	  P	  0.1	  0.3	0.286	0.000	0.000
184	  Y	  0.4	  0.3	0.286	0.000	0.000
185	  A	  0.4	  0.3	0.286	0.000	0.000
186	  E	  0.5	  0.1	0.425	0.000	0.000
187	  E	  3.5	  0.1	0.591	0.000	0.000
188	  Y	  4.3	  0.1	0.591	0.000	0.000
189	  K	  4.5	  0.1	0.591	0.000	0.000
190	  E	  1.1	  0.1	0.304	0.000	0.000
191	  H	  1.1	  0.1	0.304	0.000	0.000
192	  L	  1.6	  0.1	0.304	0.000	0.000
193	  V	  3.9	  0.0	0.304	0.000	0.000
194	  K	  3.3	  0.0	0.304	0.000	0.000
195	  A	  3.0	  0.0	0.000	0.000	0.000
196	  V	  3.7	  0.0	0.000	0.000	0.000
197	  E	  3.5	  0.0	0.000	0.000	0.000
198	  H	  5.4	  0.0	0.000	0.000	0.000
199	  V	  4.1	  0.1	0.000	0.000	0.000
200	  K	  4.2	  0.1	0.000	0.000	0.000
201	  E	  2.0	  0.1	0.000	0.000	0.000
202	  R	  2.8	  0.1	0.000	0.000	0.000
203	  V	  3.1	  0.0	0.000	0.000	0.000
204	  A	  3.0	  0.2	0.000	0.000	0.000
205	  P	  0.5	  0.2	0.000	0.000	0.000
206	  H	  0.2	  0.4	0.000	0.000	0.000
207	  A	  0.2	  0.7	0.000	0.000	0.000
208	  E	  0.2	  0.5	0.000	0.000	0.000
209	  D	  0.1	  0.5	0.604	0.000	0.000
210	  L	  0.5	  0.3	0.604	0.000	0.000
211	  H	  0.8	  0.0	0.604	0.000	0.000
212	  A	  1.5	  0.0	0.604	0.000	0.000
213	  R	  5.5	  0.0	0.604	0.000	0.000
214	  I	  5.5	  0.0	0.604	0.000	0.000
215	  S	  4.7	  0.2	1.138	0.000	0.000
216	  P	  0.3	  0.2	0.533	0.000	0.000
217	  Y	  1.9	  0.2	0.664	0.000	0.000
218	  V	  2.8	  0.3	1.138	0.000	0.000
219	  E	  2.8	  0.1	2.614	0.000	0.000
220	  D	  1.1	  0.1	13.180	0.000	0.000
221	  M	  0.6	  0.1	13.180	0.000	0.000
222	  K	  0.8	  0.0	13.180	0.000	0.000
223	  A	  0.9	  0.1	13.180	0.000	0.000
224	  K	  0.8	  0.1	13.180	0.000	0.000
225	  L	  1.0	  0.0	12.276	2.938	2.938
226	  M	  3.3	  0.0	10.712	2.938	2.938
227	  S	  4.2	  0.0	5.438	2.938	2.938
228	  F	  5.8	  0.0	2.819	2.938	2.938
229	  Y	  3.7	  0.1	1.251	2.938	2.938
230	  E	  2.7	  0.1	0.372	0.000	0.000
231	  T	  4.7	  0.1	0.155	0.000	0.000
232	  V	  5.9	  0.1	0.155	0.000	0.000
233	  A	  5.9	  0.0	0.155	0.000	0.000
234	  Q	  1.9	  0.0	0.155	0.000	0.000
235	  A	  0.5	  0.0	0.155	0.000	0.000
236	  L	  0.6	  0.0	0.155	0.000	0.000
237	  K	  0.4	  0.0	0.155	0.000	0.000
238	  Q	  0.2	  0.0	0.000	0.000	0.000
