res	aa	Beta	Turn	Helix	Aggregation	Conc-Stab_Aggregation
01	  D	  0.0	  0.0	0.000	0.000	0.000
02	  D	  0.0	  0.6	0.000	0.000	0.000
03	  P	  0.0	  0.7	0.000	0.000	0.000
04	  Q	  0.3	  0.7	0.000	0.000	0.000
05	  S	  0.7	  0.7	0.182	0.000	0.000
06	  Q	  2.1	  0.1	0.182	0.000	0.000
07	  W	  2.0	  0.1	0.182	0.000	0.000
08	  D	  1.6	  0.1	0.714	0.000	0.000
09	  R	  1.9	  0.1	0.714	0.000	0.000
10	  V	  3.3	  0.2	0.714	0.529	0.529
11	  K	  3.4	  0.1	0.714	0.641	0.641
12	  D	  1.7	  0.1	1.421	0.641	0.641
13	  L	  0.2	  0.1	1.421	49.666	49.666
14	  A	  0.3	  0.0	1.421	51.192	51.192
15	  A	  0.9	  0.0	1.421	51.192	51.192
16	  V	  7.1	  0.0	1.161	51.192	51.192
17	  Y	  9.1	  0.0	1.161	51.192	51.192
18	  V	 10.0	  0.0	0.168	47.216	47.216
19	  E	  3.8	  0.1	0.168	0.098	0.098
20	  S	  3.3	  0.1	0.000	0.098	0.098
21	  V	  3.3	  0.2	0.000	0.098	0.098
22	  K	  3.3	  0.2	0.000	0.098	0.098
23	  D	  1.7	  1.5	0.000	0.000	0.000
24	  S	  0.5	  1.6	0.000	0.000	0.000
25	  S	  0.7	  2.9	0.000	0.000	0.000
26	  R	  0.9	  2.8	0.000	0.000	0.000
27	  D	  1.0	  1.5	0.184	0.000	0.000
28	  Y	  3.5	  1.4	0.184	0.343	0.343
29	  V	  4.9	  0.0	0.184	0.343	0.343
30	  A	  4.8	  0.0	0.184	0.343	0.343
31	  Q	  3.6	  0.0	0.184	0.343	0.343
32	  L	  2.1	  0.0	0.184	0.343	0.343
33	  E	  2.0	  0.0	0.184	0.000	0.000
34	  A	  0.6	  0.1	0.184	0.000	0.000
35	  S	  0.5	  0.2	0.184	0.000	0.000
36	  T	  0.5	  0.3	0.450	0.000	0.000
37	  L	  0.4	  0.4	0.450	0.000	0.000
38	  G	  0.2	  0.4	0.623	0.000	0.000
39	  K	  0.2	  0.3	0.623	0.000	0.000
40	  Q	  1.1	  0.2	0.623	0.000	0.000
41	  L	  2.8	  0.1	0.623	0.000	0.000
42	  N	  3.0	  0.4	1.304	0.000	0.000
43	  L	  3.7	  0.4	1.141	0.000	0.000
44	  N	  2.1	  0.4	1.620	0.000	0.000
45	  L	  1.8	  0.4	1.160	0.000	0.000
46	  L	  0.9	  0.0	1.160	0.000	0.000
47	  E	  1.4	  0.0	1.160	0.000	0.000
48	  Y	  2.6	  0.1	0.725	0.000	0.000
49	  W	  2.0	  0.4	0.480	0.000	0.000
50	  D	  1.5	  0.5	0.160	0.000	0.000
51	  N	  0.8	  0.5	0.160	0.000	0.000
52	  L	  0.7	  0.4	0.000	0.000	0.000
53	  S	  0.7	  0.3	0.000	0.000	0.000
54	  P	  0.1	  0.3	0.000	0.000	0.000
55	  T	  2.0	  0.3	0.000	0.000	0.000
56	  T	  5.0	  0.3	0.000	0.000	0.000
57	  T	  6.0	  0.2	0.000	0.000	0.000
58	  K	  4.3	  0.2	0.000	0.000	0.000
59	  L	  1.2	  0.2	0.000	0.000	0.000
60	  G	  0.2	  0.3	0.000	0.000	0.000
61	  E	  0.1	  0.1	0.000	0.000	0.000
62	  K	  1.0	  0.1	0.000	0.000	0.000
63	  I	  5.0	  0.1	0.000	3.426	3.426
64	  S	  5.3	  0.0	0.000	3.426	3.426
65	  L	  5.5	  0.0	0.000	3.426	3.426
66	  V	  3.1	  0.0	0.000	3.426	3.426
67	  A	  2.6	  0.0	0.000	3.426	3.426
68	  Q	  2.0	  0.0	0.000	0.000	0.000
69	  E	  1.0	  0.0	0.000	0.000	0.000
70	  V	  4.0	  0.0	0.000	0.000	0.000
71	  L	  3.7	  0.1	0.000	0.000	0.000
72	  D	  3.2	  0.2	0.000	0.000	0.000
73	  D	  0.4	  0.2	0.000	0.000	0.000
74	  L	  0.3	  0.4	0.000	0.000	0.000
75	  E	  0.4	  0.2	0.000	0.000	0.000
76	  N	  2.9	  0.2	2.290	0.000	0.000
77	  I	  6.7	  0.2	2.290	0.349	0.349
78	  T	  7.4	  0.0	2.973	0.349	0.349
79	  T	  5.1	  0.0	3.160	0.349	0.349
80	  A	  1.3	  0.0	3.160	0.349	0.349
81	  L	  0.6	  0.0	3.160	0.349	0.349
82	  A	  0.2	  0.0	2.952	0.000	0.000
83	  Q	  0.2	  0.0	2.681	0.000	0.000
84	  E	  1.3	  0.0	0.882	0.000	0.000
85	  M	  1.3	  0.1	0.183	0.000	0.000
86	  N	  1.2	  1.3	0.000	0.000	0.000
87	  E	  0.0	  1.3	0.000	0.000	0.000
88	  D	  0.3	  1.3	1.089	0.000	0.000
89	  L	  0.4	  1.4	1.089	0.000	0.000
90	  E	  0.4	  0.2	1.089	0.000	0.000
91	  D	  1.3	  0.2	1.261	0.000	0.000
92	  I	  2.6	  0.2	1.261	0.000	0.000
93	  K	  2.7	  0.0	1.261	0.000	0.000
94	  Q	  2.6	  0.0	1.102	0.000	0.000
95	  M	  2.8	  0.0	0.820	0.000	0.000
96	  V	  3.4	  0.0	0.497	0.000	0.000
97	  K	  2.4	  0.2	0.497	0.000	0.000
98	  P	  0.7	  0.2	0.000	0.000	0.000
99	  H	  0.5	  0.2	0.000	0.000	0.000
100	  L	  0.6	  0.7	0.000	0.000	0.000
101	  E	  0.6	  0.6	0.182	0.000	0.000
102	  D	  1.6	  0.6	11.224	0.000	0.000
103	  F	  3.5	  0.6	11.224	0.000	0.000
104	  E	  3.9	  0.1	11.224	0.000	0.000
105	  K	  2.5	  0.1	11.224	0.000	0.000
106	  K	  1.2	  0.1	11.224	0.000	0.000
107	  W	  1.7	  0.0	11.224	0.000	0.000
108	  Q	  1.9	  0.1	10.158	0.000	0.000
109	  Q	  1.6	  0.1	5.411	0.000	0.000
110	  E	  2.7	  0.1	2.520	0.000	0.000
111	  V	  6.8	  0.1	1.656	0.000	0.000
112	  E	  6.6	  0.0	1.656	0.000	0.000
113	  L	  5.2	  0.0	1.257	0.000	0.000
114	  Y	  3.1	  0.0	0.999	0.000	0.000
115	  Y	  4.7	  0.1	0.239	0.000	0.000
116	  E	  4.2	  0.1	0.000	0.000	0.000
117	  K	 11.1	  0.1	0.000	0.000	0.000
118	  V	  9.8	  0.1	0.000	0.000	0.000
119	  T	  9.7	  0.1	1.798	0.000	0.000
120	  P	  0.6	  0.1	1.798	0.000	0.000
121	  L	  0.0	  0.1	1.798	0.000	0.000
122	  A	  0.1	  0.2	1.798	0.000	0.000
123	  R	  0.3	  0.0	1.798	0.000	0.000
124	  E	  1.0	  0.0	1.798	0.000	0.000
125	  F	  2.5	  0.2	1.142	0.000	0.000
126	  R	  2.4	  0.3	0.498	0.000	0.000
127	  K	  1.6	  0.5	0.244	0.000	0.000
128	  G	  0.1	  0.5	0.000	0.000	0.000
129	  T	  3.0	  0.4	0.000	0.000	0.000
130	  H	  3.4	  0.2	0.000	0.000	0.000
131	  Q	  3.7	  0.1	0.000	0.000	0.000
132	  K	  1.5	  0.1	0.000	0.000	0.000
133	  L	  1.0	  0.1	0.000	0.000	0.000
134	  Q	  0.8	  0.1	0.000	0.000	0.000
135	  E	  0.6	  0.1	0.000	0.000	0.000
136	  L	  0.6	  0.4	0.000	0.000	0.000
137	  Q	  0.5	  0.4	0.000	0.000	0.000
138	  G	  0.1	  0.4	0.000	0.000	0.000
139	  K	  2.2	  0.4	0.000	0.000	0.000
140	  L	  2.2	  0.1	0.000	0.000	0.000
141	  T	  2.4	  0.1	0.000	0.000	0.000
142	  E	  1.7	  0.0	0.000	0.000	0.000
143	  I	  2.9	  0.1	0.000	0.000	0.000
144	  S	  2.8	  0.3	1.295	0.000	0.000
145	  Q	  1.3	  0.3	1.295	0.000	0.000
146	  G	  0.1	  0.3	1.547	0.000	0.000
147	  L	  0.1	  0.3	1.547	0.000	0.000
148	  R	  0.1	  0.1	1.547	0.000	0.000
149	  E	  0.2	  0.1	1.547	0.000	0.000
150	  K	  4.3	  0.1	1.547	0.000	0.000
151	  L	  4.4	  0.1	0.845	0.000	0.000
152	  E	  4.3	  0.0	0.689	0.000	0.000
153	  P	  0.1	  0.0	0.000	0.000	0.000
154	  F	  1.6	  0.0	0.000	0.000	0.000
155	  H	  1.6	  0.0	0.000	0.000	0.000
156	  D	  1.6	  0.4	0.137	0.000	0.000
157	  P	  0.0	  0.4	0.137	0.000	0.000
158	  L	  0.2	  0.4	0.137	0.000	0.000
159	  H	  0.7	  0.5	0.137	0.000	0.000
160	  Q	  2.4	  0.1	0.137	0.000	0.000
161	  H	  5.7	  0.1	0.137	0.000	0.000
162	  F	  6.9	  0.1	0.000	0.000	0.000
163	  T	  6.5	  0.0	0.150	0.000	0.000
164	  T	  3.5	  0.1	1.729	0.000	0.000
165	  R	  2.1	  0.1	1.881	0.000	0.000
166	  L	  1.1	  0.1	1.881	0.000	0.000
167	  E	  0.7	  0.1	1.881	0.000	0.000
168	  A	  0.5	  0.0	1.881	0.000	0.000
169	  L	  0.3	  0.1	1.881	0.000	0.000
170	  K	  0.4	  0.4	1.574	0.000	0.000
171	  E	  0.2	  0.5	0.759	0.000	0.000
172	  S	  0.1	  1.1	0.425	0.000	0.000
173	  G	  0.0	  1.3	0.192	0.000	0.000
174	  A	  0.1	  1.0	0.000	0.000	0.000
175	  G	  0.1	  0.8	0.000	0.000	0.000
176	  L	  0.4	  0.4	0.000	0.000	0.000
177	  S	  0.7	  0.2	0.000	0.000	0.000
178	  K	  1.4	  0.1	0.000	0.000	0.000
179	  F	  2.1	  0.2	0.000	0.000	0.000
180	  H	  1.9	  0.1	0.000	0.000	0.000
181	  N	  1.2	  0.2	0.000	0.000	0.000
182	  K	  0.4	  0.3	0.000	0.000	0.000
183	  T	  1.8	  0.3	0.000	0.000	0.000
184	  S	  1.9	  0.3	0.554	0.000	0.000
185	  K	  1.7	  0.2	0.554	0.000	0.000
186	  K	  0.9	  0.2	0.709	0.000	0.000
187	  L	  0.8	  0.1	0.709	0.000	0.000
188	  Q	  0.8	  0.1	0.709	0.000	0.000
189	  E	  0.4	  0.1	0.709	0.000	0.000
190	  L	  0.4	  0.1	0.709	0.000	0.000
191	  R	  0.4	  0.1	0.709	0.000	0.000
192	  E	  0.2	  0.1	0.522	0.000	0.000
193	  K	  1.1	  0.1	0.370	0.000	0.000
194	  A	  1.1	  0.1	0.000	0.000	0.000
195	  T	  1.0	  0.0	0.000	0.000	0.000
196	  P	  0.1	  0.0	0.000	0.000	0.000
197	  A	  0.1	  0.0	0.000	0.000	0.000
198	  L	  0.2	  0.3	0.000	0.000	0.000
199	  E	  0.2	  0.3	0.000	0.000	0.000
200	  D	  0.2	  0.3	0.383	0.000	0.000
201	  L	  0.2	  0.3	0.383	0.000	0.000
202	  Q	  0.2	  0.1	0.383	0.000	0.000
203	  E	  0.1	  0.1	0.383	0.000	0.000
204	  A	  0.7	  0.1	0.383	0.000	0.000
205	  L	  0.8	  0.0	0.383	0.000	0.000
206	  L	  0.8	  0.0	0.383	0.000	0.000
207	  P	  0.1	  0.0	0.000	0.000	0.000
208	  I	  0.7	  0.0	0.000	0.000	0.000
209	  W	  1.3	  0.3	0.000	0.000	0.000
210	  E	  1.4	  0.3	0.000	0.000	0.000
211	  N	  1.6	  0.3	0.176	0.000	0.000
212	  F	  1.5	  0.4	0.176	0.000	0.000
213	  K	  1.6	  0.1	0.176	0.000	0.000
214	  T	  0.9	  0.2	0.176	2.493	2.493
215	  N	  0.5	  0.2	0.647	6.765	6.765
216	  L	  0.5	  0.1	0.647	47.144	47.144
217	  M	  0.8	  0.0	0.647	52.745	52.745
218	  A	  1.5	  0.0	0.471	56.249	56.249
219	  I	  6.3	  0.0	0.471	59.613	59.613
220	  V	  7.2	  0.0	0.471	59.613	59.613
221	  A	  6.6	  0.0	0.471	47.340	47.340
222	  A	  1.9	  0.0	0.252	35.014	35.014
223	  I	  0.6	  0.0	0.000	28.947	28.947
224	  D	  0.4	  0.2	0.394	0.000	0.000
225	  E	  1.6	  0.3	0.394	0.000	0.000
226	  H	  1.6	  0.4	0.394	0.000	0.000
227	  K	  1.7	  0.4	0.394	0.000	0.000
228	  K	  2.4	  0.1	0.394	0.000	0.000
229	  L	  2.6	  0.1	0.394	0.000	0.000
230	  T	  5.2	  0.0	0.000	0.000	0.000
231	  T	  3.0	  0.0	0.000	0.000	0.000
232	  Q	  2.7	  0.0	0.000	0.000	0.000
