res	aa	Beta	Turn	Helix	Aggregation	Conc-Stab_Aggregation
01	  D	  0.0	  0.0	0.000	0.000	0.000
02	  E	  0.0	  0.0	0.000	0.000	0.000
03	  P	  0.0	  0.0	0.000	0.000	0.000
04	  Q	  0.4	  0.0	0.000	0.000	0.000
05	  A	  0.4	  0.0	0.000	0.000	0.000
06	  S	  0.5	  0.3	0.896	0.000	0.000
07	  P	  0.0	  0.3	0.896	0.000	0.000
08	  W	  0.3	  0.3	1.058	0.000	0.000
09	  D	  0.4	  0.3	1.890	0.000	0.000
10	  K	  3.2	  0.1	1.890	0.000	0.000
11	  I	  3.7	  0.1	1.890	0.000	0.000
12	  K	  3.8	  0.1	1.890	0.000	0.000
13	  E	  3.5	  0.1	1.684	0.000	0.000
14	  F	  4.3	  0.1	1.516	0.315	0.315
15	  T	  6.6	  0.0	0.000	0.315	0.315
16	  T	  6.6	  0.0	0.000	0.315	0.315
17	  Q	  6.5	  0.0	0.000	0.315	0.315
18	  Y	  5.5	  0.1	0.000	0.315	0.315
19	  V	  4.2	  0.1	0.000	0.315	0.315
20	  D	  2.8	  0.1	0.000	0.000	0.000
21	  S	  3.1	  0.1	0.000	0.000	0.000
22	  V	  3.6	  0.1	0.000	0.000	0.000
23	  K	  3.5	  0.3	0.000	0.000	0.000
24	  D	  1.7	  1.1	0.000	0.000	0.000
25	  S	  0.4	  1.7	0.000	0.000	0.000
26	  G	  0.3	  1.7	0.000	0.000	0.000
27	  S	  0.4	  1.5	1.350	0.000	0.000
28	  E	  0.2	  0.6	1.350	0.000	0.000
29	  Y	  1.0	  0.1	1.350	0.000	0.000
30	  L	  1.1	  0.1	1.350	0.000	0.000
31	  K	  1.3	  0.1	1.350	0.000	0.000
32	  Q	  7.7	  0.1	1.350	0.000	0.000
33	  F	  8.1	  0.2	0.725	0.000	0.000
34	  E	  7.9	  0.1	0.327	0.000	0.000
35	  T	  1.1	  0.1	0.000	0.000	0.000
36	  S	  0.7	  0.4	0.000	0.000	0.000
37	  A	  0.7	  0.3	0.000	0.000	0.000
38	  L	  0.2	  0.3	0.000	0.000	0.000
39	  G	  0.1	  0.3	0.000	0.000	0.000
40	  T	  1.2	  0.1	0.190	0.000	0.000
41	  Q	  2.2	  0.1	0.190	0.000	0.000
42	  M	  4.2	  0.0	0.190	0.000	0.000
43	  N	  3.5	  0.0	0.190	0.000	0.000
44	  L	  3.9	  0.0	0.190	0.000	0.000
45	  K	  4.0	  0.0	0.190	0.000	0.000
46	  L	  3.7	  0.0	0.000	0.000	0.000
47	  T	  2.3	  0.3	0.000	0.000	0.000
48	  E	  0.1	  0.3	0.000	0.000	0.000
49	  N	  0.4	  1.0	0.457	0.000	0.000
50	  L	  0.5	  1.0	0.457	0.000	0.000
51	  D	  0.5	  0.8	0.457	0.000	0.000
52	  T	  4.4	  0.8	0.457	0.000	0.000
53	  L	  4.5	  0.1	0.457	0.000	0.000
54	  S	  4.7	  0.2	0.457	0.000	0.000
55	  S	  1.1	  0.1	0.112	0.000	0.000
56	  T	 30.4	  0.1	0.000	0.000	0.000
57	  F	 31.9	  0.2	0.000	0.000	0.000
58	  S	 31.5	  0.1	0.449	0.000	0.000
59	  K	  3.4	  0.1	0.449	0.000	0.000
60	  L	  0.7	  0.1	0.449	0.000	0.000
61	  R	  0.6	  0.1	0.449	0.000	0.000
62	  E	  0.1	  0.1	0.449	0.000	0.000
63	  Q	  0.1	  0.1	0.449	0.000	0.000
64	  L	  0.1	  0.1	0.183	0.000	0.000
65	  G	  0.1	  0.1	0.183	0.000	0.000
66	  P	  0.0	  0.0	0.000	0.000	0.000
67	  V	  4.1	  0.0	0.000	0.000	0.000
68	  T	  4.6	  0.1	0.000	0.000	0.000
69	  Q	  5.0	  0.1	0.000	0.000	0.000
70	  E	  1.4	  0.1	0.000	0.000	0.000
71	  F	  2.5	  0.1	0.000	0.000	0.000
72	  W	  3.2	  0.4	0.000	0.000	0.000
73	  Q	  3.0	  0.4	0.000	0.000	0.000
74	  N	  1.8	  0.4	0.000	0.000	0.000
75	  L	  0.9	  0.4	0.000	0.000	0.000
76	  E	  0.9	  0.2	0.000	0.000	0.000
77	  K	  0.7	  0.2	0.000	0.000	0.000
78	  D	  0.7	  0.2	1.062	0.000	0.000
79	  T	  0.7	  0.1	4.908	0.000	0.000
80	  E	  0.4	  0.0	4.908	0.000	0.000
81	  W	  1.0	  0.0	4.908	0.000	0.000
82	  L	  1.1	  0.0	4.908	0.000	0.000
83	  R	  1.3	  0.1	4.908	0.000	0.000
84	  Q	  0.7	  0.1	4.760	0.000	0.000
85	  E	  1.4	  0.1	2.278	0.000	0.000
86	  M	  1.3	  0.0	1.343	0.000	0.000
87	  N	  1.2	  1.0	2.489	0.000	0.000
88	  K	  0.2	  1.0	2.014	0.000	0.000
89	  D	  0.1	  1.0	6.537	0.000	0.000
90	  L	  0.1	  1.3	6.537	0.000	0.000
91	  A	  0.1	  0.3	6.537	0.000	0.000
92	  D	  0.3	  0.3	6.738	0.000	0.000
93	  M	  0.4	  0.3	6.367	0.000	0.000
94	  K	  0.7	  0.1	6.065	0.000	0.000
95	  Q	  1.1	  0.1	4.188	0.000	0.000
96	  K	  4.2	  0.1	2.947	0.000	0.000
97	  V	  4.3	  0.0	1.092	0.000	0.000
98	  Q	  3.7	  0.0	1.092	0.000	0.000
99	  P	  0.4	  0.0	0.000	0.000	0.000
100	  Y	  0.8	  0.0	0.000	0.000	0.000
101	  M	  0.9	  0.2	0.000	0.000	0.000
102	  E	  1.0	  0.2	0.000	0.000	0.000
103	  Q	  3.7	  0.2	0.000	0.000	0.000
104	  F	  5.3	  0.2	0.000	0.000	0.000
105	  Q	  5.4	  0.0	0.000	0.000	0.000
106	  K	  2.5	  0.0	0.000	0.000	0.000
107	  T	 14.3	  0.0	3.931	0.000	0.000
108	  W	 14.6	  0.0	4.743	0.000	0.000
109	  Q	 14.2	  0.1	5.055	0.000	0.000
110	  E	  0.8	  0.1	5.410	0.000	0.000
111	  E	  2.0	  0.1	5.755	0.000	0.000
112	  V	  3.5	  0.1	6.237	0.000	0.000
113	  E	  3.7	  0.1	6.237	0.000	0.000
114	  R	  2.8	  0.1	6.237	0.000	0.000
115	  Y	  3.1	  0.1	5.978	0.000	0.000
116	  R	  3.1	  0.1	3.180	0.000	0.000
117	  Q	  2.7	  0.1	2.700	0.000	0.000
118	  K	 16.9	  0.1	0.961	0.000	0.000
119	  V	 17.3	  0.0	0.091	0.000	0.000
120	  E	 16.8	  0.0	0.091	0.000	0.000
121	  P	  0.8	  0.0	0.000	0.000	0.000
122	  L	  0.2	  0.0	0.000	0.000	0.000
123	  S	  0.5	  0.1	0.426	0.000	0.000
124	  T	  0.6	  0.1	0.575	0.000	0.000
125	  E	  0.6	  0.1	0.575	0.000	0.000
126	  L	  0.4	  0.2	0.575	0.000	0.000
127	  R	  0.3	  0.5	0.967	0.000	0.000
128	  E	  0.1	  0.7	0.967	0.000	0.000
129	  G	  0.0	  0.7	3.439	0.000	0.000
130	  A	  0.2	  0.6	3.105	0.000	0.000
131	  R	  0.5	  0.3	3.105	0.000	0.000
132	  Q	  0.9	  0.1	3.105	0.000	0.000
133	  K	  1.3	  0.1	3.105	0.000	0.000
134	  L	  1.0	  0.1	2.713	0.000	0.000
135	  Q	  0.8	  0.1	2.433	0.000	0.000
136	  E	  0.5	  0.1	2.061	0.000	0.000
137	  L	  0.5	  0.1	1.794	0.000	0.000
138	  Q	  0.6	  0.1	1.588	0.000	0.000
139	  E	  0.3	  0.1	1.121	0.000	0.000
140	  K	  1.1	  0.1	0.858	0.000	0.000
141	  L	  1.0	  0.1	0.525	0.000	0.000
142	  A	  1.0	  0.4	0.334	0.000	0.000
143	  P	  0.1	  0.4	0.000	0.000	0.000
144	  L	  0.0	  0.5	0.000	0.000	0.000
145	  G	  0.0	  1.0	0.173	0.000	0.000
146	  A	  0.1	  0.7	0.173	0.000	0.000
147	  D	  0.5	  0.7	0.173	0.000	0.000
148	  L	  0.7	  0.7	0.173	0.000	0.000
149	  R	  0.7	  0.3	0.173	0.000	0.000
150	  D	  0.3	  0.3	0.173	0.000	0.000
151	  S	  0.9	  0.3	0.000	0.000	0.000
152	  A	  1.1	  0.1	0.000	0.000	0.000
153	  R	  3.0	  0.1	0.000	0.000	0.000
154	  V	 11.9	  0.0	0.000	0.000	0.000
155	  H	 12.9	  0.0	0.000	0.000	0.000
156	  V	 11.7	  0.0	0.000	0.000	0.000
157	  D	  2.3	  0.1	0.508	0.000	0.000
158	  A	  0.9	  0.1	0.508	0.000	0.000
159	  L	  0.5	  0.2	0.508	0.000	0.000
160	  R	  0.8	  0.2	0.508	0.000	0.000
161	  T	  1.6	  0.1	0.508	0.000	0.000
162	  Q	  1.7	  0.1	0.508	0.000	0.000
163	  L	  1.5	  0.1	0.150	0.000	0.000
164	  A	  0.4	  0.2	0.150	0.000	0.000
165	  P	  0.0	  0.1	0.000	0.000	0.000
166	  Y	  0.7	  0.2	0.000	0.000	0.000
167	  S	  0.7	  0.3	9.565	0.000	0.000
168	  E	  0.7	  0.1	10.700	0.000	0.000
169	  Q	  0.9	  0.1	12.179	0.000	0.000
170	  M	  0.9	  0.1	12.512	0.000	0.000
171	  R	  1.0	  0.1	12.973	0.000	0.000
172	  E	  0.2	  0.1	14.015	0.000	0.000
173	  R	  0.2	  0.1	16.617	0.000	0.000
174	  L	  0.2	  0.1	16.097	0.000	0.000
175	  A	  0.2	  0.1	16.616	0.000	0.000
176	  E	  0.1	  0.1	16.687	0.000	0.000
177	  R	  0.2	  0.1	15.525	0.000	0.000
178	  L	  0.3	  0.1	14.551	0.000	0.000
179	  A	  0.4	  0.0	14.145	0.000	0.000
180	  A	  0.5	  0.0	13.561	0.000	0.000
181	  L	  0.6	  0.1	11.715	0.000	0.000
182	  R	  0.5	  0.1	8.387	0.000	0.000
183	  D	  0.3	  0.1	3.011	0.000	0.000
184	  S	  0.1	  2.4	0.683	0.000	0.000
185	  P	  0.1	  2.3	0.129	0.000	0.000
186	  S	  0.2	  2.3	2.081	0.000	0.000
187	  L	  0.2	  2.5	2.081	0.000	0.000
188	  A	  0.3	  0.2	2.457	0.000	0.000
189	  E	  1.7	  0.2	2.457	0.000	0.000
190	  Y	  4.4	  0.2	2.457	0.000	0.000
191	  Q	  4.5	  0.0	2.328	0.000	0.000
192	  A	  3.1	  0.0	1.823	0.000	0.000
193	  K	  0.5	  0.0	1.654	0.000	0.000
194	  A	  0.3	  0.0	0.787	0.000	0.000
195	  H	  0.6	  0.2	0.529	0.000	0.000
196	  E	  0.5	  0.2	0.000	0.000	0.000
197	  H	  1.2	  0.2	0.000	0.000	0.000
198	  L	  1.0	  0.2	0.000	0.000	0.000
199	  K	  1.2	  0.1	0.000	0.000	0.000
200	  T	  1.9	  0.1	0.183	0.000	0.000
201	  L	  1.8	  0.1	0.183	0.000	0.000
202	  H	  1.9	  0.2	0.183	0.000	0.000
203	  E	  0.5	  0.2	0.183	0.000	0.000
204	  K	  0.8	  0.2	0.183	0.000	0.000
205	  A	  0.5	  0.2	0.183	0.000	0.000
206	  Q	  0.4	  0.0	0.183	0.000	0.000
207	  P	  0.0	  0.0	0.000	0.000	0.000
208	  A	  0.3	  0.0	0.000	0.000	0.000
209	  L	  0.4	  0.2	0.000	0.000	0.000
210	  S	  0.4	  0.4	0.000	0.000	0.000
211	  D	  0.1	  0.8	0.000	0.000	0.000
212	  L	  0.0	  0.9	0.000	0.000	0.000
213	  G	  0.0	  0.9	0.000	0.000	0.000
214	  Q	  0.0	  0.8	0.000	0.000	0.000
215	  G	  0.0	  0.4	0.000	0.000	0.000
216	  V	  0.6	  0.3	0.000	0.000	0.000
217	  L	  0.6	  0.0	0.000	0.000	0.000
218	  P	  0.6	  0.0	0.000	0.000	0.000
219	  V	  1.7	  0.0	0.000	0.000	0.000
220	  L	  1.8	  0.1	0.000	0.000	0.000
221	  E	  1.8	  0.1	0.000	0.000	0.000
222	  S	  0.8	  0.1	0.000	0.000	0.000
223	  L	  1.0	  0.2	0.000	0.000	0.000
224	  K	  1.6	  0.0	0.000	0.000	0.000
225	  A	  1.5	  0.0	0.000	1.511	1.511
226	  T	  2.5	  0.0	0.000	3.308	3.308
227	  L	  2.2	  0.0	0.000	3.736	3.736
228	  V	  1.8	  0.1	0.000	3.736	3.736
229	  G	  0.4	  0.1	0.145	3.736	3.736
230	  A	  0.3	  0.1	0.145	3.736	3.736
231	  I	  0.5	  0.1	0.348	3.104	3.104
232	  E	  0.5	  0.1	1.153	0.000	0.000
233	  E	  0.5	  0.1	1.153	0.000	0.000
234	  A	  0.5	  0.1	1.153	0.000	0.000
235	  S	  0.6	  0.2	1.153	0.000	0.000
236	  K	  0.5	  0.2	1.153	0.000	0.000
237	  K	  0.8	  0.2	1.153	0.000	0.000
238	  L	  1.0	  0.2	0.405	0.000	0.000
239	  S	  1.2	  0.4	0.172	0.000	0.000
240	  S	  0.6	  0.4	0.000	0.000	0.000
241	  Q	  0.3	  0.4	0.000	0.000	0.000
242	  G	  0.0	  0.3	0.000	0.000	0.000
243	  P	  0.0	  0.0	0.000	0.000	0.000
