res	aa	Beta	Turn	Helix	Aggregation	Conc-Stab_Aggregation
01	  D	  0.0	  0.0	0.000	0.000	0.000
02	  E	  0.0	  0.0	0.000	0.000	0.000
03	  P	  0.0	  0.0	0.000	0.000	0.000
04	  Q	  0.0	  0.0	0.000	0.000	0.000
05	  E	  0.0	  0.0	0.000	0.000	0.000
06	  P	  0.0	  0.0	0.000	0.000	0.000
07	  L	  0.0	  0.0	0.000	0.000	0.000
08	  D	  0.0	  0.1	1.391	0.000	0.000
09	  R	  0.7	  0.1	1.391	0.000	0.000
10	  L	  0.9	  0.3	1.391	0.000	0.000
11	  R	  1.0	  0.2	1.391	0.000	0.000
12	  D	  0.3	  0.1	3.422	0.000	0.000
13	  M	  0.6	  0.1	3.422	0.000	0.000
14	  L	  2.8	  0.0	3.080	0.000	0.000
15	  D	  5.2	  0.0	3.240	0.000	0.000
16	  V	  8.3	  0.0	2.968	0.000	0.000
17	  Y	  6.8	  0.0	3.347	0.000	0.000
18	  L	  4.3	  0.1	2.935	0.000	0.000
19	  E	  0.8	  0.1	3.170	0.000	0.000
20	  T	  3.3	  0.1	2.668	0.000	0.000
21	  L	  3.6	  0.1	2.668	0.000	0.000
22	  K	  3.8	  0.0	2.668	0.000	0.000
23	  A	  0.7	  0.1	1.344	0.000	0.000
24	  S	  0.5	  0.2	1.115	0.000	0.000
25	  S	  0.9	  2.0	0.154	0.000	0.000
26	  K	  0.8	  2.0	0.154	0.000	0.000
27	  D	  0.7	  1.9	0.480	0.000	0.000
28	  A	  0.4	  1.8	0.480	0.176	0.176
29	  I	  1.3	  0.0	0.480	0.176	0.176
30	  A	  1.6	  0.0	0.480	0.176	0.176
31	  Q	  8.7	  0.0	0.480	0.176	0.176
32	  F	 10.2	  0.0	0.480	0.176	0.176
33	  E	 10.0	  0.0	0.000	0.000	0.000
34	  A	  2.9	  0.0	0.000	0.000	0.000
35	  S	  0.7	  0.0	0.000	0.000	0.000
36	  A	  0.6	  0.2	0.000	0.000	0.000
37	  V	  0.5	  0.3	0.000	0.000	0.000
38	  G	  0.2	  0.4	0.000	0.000	0.000
39	  K	  0.2	  0.4	0.000	0.000	0.000
40	  Q	  1.0	  0.2	0.000	0.000	0.000
41	  L	  2.1	  0.1	0.000	0.000	0.000
42	  D	  2.2	  0.1	1.005	0.000	0.000
43	  L	  2.9	  0.1	1.005	0.000	0.000
44	  K	  2.1	  0.1	1.005	0.000	0.000
45	  L	  2.0	  0.4	1.005	0.000	0.000
46	  A	  0.4	  0.5	1.005	0.000	0.000
47	  D	  0.0	  0.5	1.005	0.000	0.000
48	  N	  0.3	  1.1	2.987	0.000	0.000
49	  L	  0.5	  0.8	2.672	0.000	0.000
50	  D	  0.5	  0.7	6.916	0.000	0.000
51	  T	  5.4	  0.7	8.889	0.000	0.000
52	  L	  5.8	  0.1	9.111	0.000	0.000
53	  S	  5.8	  0.0	15.662	0.000	0.000
54	  A	  0.8	  0.0	15.292	0.000	0.000
55	  A	  0.2	  0.0	15.165	0.000	0.000
56	  A	  0.1	  0.0	14.674	0.000	0.000
57	  A	  0.4	  0.0	14.068	0.000	0.000
58	  K	  1.0	  0.0	13.187	0.000	0.000
59	  L	  1.0	  0.1	5.879	0.000	0.000
60	  R	  0.8	  0.5	3.449	0.000	0.000
61	  E	  0.1	  0.5	2.026	0.000	0.000
62	  D	  0.1	  0.5	0.917	0.000	0.000
63	  M	  0.1	  0.4	0.271	0.000	0.000
64	  A	  0.1	  0.2	0.000	0.000	0.000
65	  P	  0.1	  0.2	0.000	0.000	0.000
66	  Y	  1.5	  0.2	0.000	0.000	0.000
67	  Y	  2.3	  0.3	0.000	0.000	0.000
68	  K	  2.4	  0.1	0.000	0.000	0.000
69	  E	  1.3	  0.1	0.167	0.000	0.000
70	  M	  0.5	  0.2	0.167	0.000	0.000
71	  R	  0.5	  0.0	0.167	0.000	0.000
72	  E	  0.3	  0.0	0.167	0.000	0.000
73	  M	  0.5	  0.0	0.167	0.000	0.000
74	  W	  1.4	  0.0	0.284	0.000	0.000
75	  Q	  1.3	  0.1	0.284	0.000	0.000
76	  K	  1.3	  0.2	0.756	0.000	0.000
77	  D	  0.4	  0.2	5.882	0.000	0.000
78	  T	  0.4	  0.2	24.045	0.000	0.000
79	  E	  0.2	  0.1	24.547	0.000	0.000
80	  A	  0.3	  0.1	24.547	0.000	0.000
81	  L	  0.5	  0.0	24.547	0.000	0.000
82	  R	  0.6	  0.1	24.547	0.000	0.000
83	  K	  0.5	  0.1	24.207	0.000	0.000
84	  E	  0.6	  0.1	16.870	0.000	0.000
85	  L	  0.7	  0.1	13.000	0.000	0.000
86	  S	  1.0	  1.2	11.315	0.000	0.000
87	  K	  0.8	  1.2	6.677	0.000	0.000
88	  D	  0.7	  1.2	3.514	0.000	0.000
89	  L	  0.3	  1.2	3.051	0.000	0.000
90	  E	  0.2	  0.0	3.302	0.000	0.000
91	  E	 13.8	  0.0	3.201	0.000	0.000
92	  V	 15.3	  0.1	2.953	0.000	0.000
93	  K	 15.5	  0.1	2.953	0.000	0.000
94	  E	  2.0	  0.1	2.001	0.000	0.000
95	  K	  3.0	  0.1	1.814	0.000	0.000
96	  I	  3.2	  0.0	0.747	0.000	0.000
97	  R	  3.2	  0.0	0.747	0.000	0.000
98	  P	  0.5	  0.0	0.000	0.000	0.000
99	  F	  1.0	  0.1	0.000	0.000	0.000
100	  L	  1.1	  0.2	0.000	0.000	0.000
101	  D	  1.1	  0.2	0.000	0.000	0.000
102	  R	  1.3	  0.2	0.000	0.000	0.000
103	  F	  3.6	  0.1	0.000	0.000	0.000
104	  S	  3.8	  0.1	0.000	0.000	0.000
105	  Q	  3.3	  0.1	0.000	0.000	0.000
106	  K	  3.3	  0.1	0.000	0.000	0.000
107	  W	  3.8	  0.0	0.000	0.000	0.000
108	  T	  3.2	  0.1	0.000	0.000	0.000
109	  E	  0.8	  0.1	0.000	0.000	0.000
110	  E	  2.4	  0.1	0.148	0.000	0.000
111	  V	  3.6	  0.1	0.420	0.000	0.000
112	  E	  3.8	  0.1	0.420	0.000	0.000
113	  Q	  3.7	  0.1	0.420	0.000	0.000
114	  Y	  4.8	  0.1	0.420	0.000	0.000
115	  R	  5.1	  0.1	0.420	0.000	0.000
116	  Q	  3.2	  0.1	0.420	0.000	0.000
117	  R	  1.9	  0.1	0.000	0.000	0.000
118	  L	  1.4	  0.1	0.000	0.000	0.000
119	  E	  1.1	  0.0	0.000	0.000	0.000
120	  P	  0.1	  0.0	0.000	0.000	0.000
121	  V	  1.7	  0.0	0.000	0.000	0.000
122	  A	  1.7	  0.0	0.000	0.000	0.000
123	  Q	  2.1	  0.0	0.000	0.000	0.000
124	  E	  3.9	  0.0	0.000	0.000	0.000
125	  F	  4.6	  0.2	0.000	0.000	0.000
126	  K	  4.3	  0.2	0.225	0.000	0.000
127	  E	  1.6	  0.2	0.225	0.000	0.000
128	  L	  1.3	  0.2	0.225	0.000	0.000
129	  T	  2.7	  0.1	2.553	0.000	0.000
130	  K	  2.4	  0.1	2.553	0.000	0.000
131	  Q	  2.2	  0.1	2.553	0.000	0.000
132	  K	  2.4	  0.1	2.328	0.000	0.000
133	  L	  2.8	  0.1	2.328	0.000	0.000
134	  E	  2.5	  0.1	2.328	0.000	0.000
135	  L	  0.9	  0.0	2.044	0.000	0.000
136	  I	  0.3	  0.1	1.677	0.000	0.000
137	  Q	  0.4	  0.1	1.677	0.000	0.000
138	  E	  0.3	  0.1	0.710	0.000	0.000
139	  K	  3.7	  0.1	0.386	0.000	0.000
140	  L	  3.8	  0.1	0.000	0.000	0.000
141	  T	  3.7	  0.0	0.000	0.000	0.000
142	  P	  0.2	  0.0	0.000	0.000	0.000
143	  V	  0.8	  0.0	0.321	0.000	0.000
144	  A	  0.8	  0.1	1.508	0.000	0.000
145	  E	  0.8	  0.1	2.817	0.000	0.000
146	  E	  0.1	  0.1	3.687	0.000	0.000
147	  A	  0.1	  0.3	3.687	0.000	0.000
148	  R	  0.1	  0.2	3.687	0.000	0.000
149	  D	  0.1	  0.3	3.687	0.000	0.000
150	  R	  0.7	  0.3	3.687	0.000	0.000
151	  L	  0.9	  0.3	3.687	0.000	0.000
152	  R	  0.9	  0.2	2.808	0.000	0.000
153	  G	  0.3	  0.2	3.111	0.000	0.000
154	  H	  2.2	  0.2	3.633	0.000	0.000
155	  V	  2.7	  0.0	5.465	0.000	0.000
156	  E	  2.7	  0.1	8.116	0.000	0.000
157	  E	  0.9	  0.1	8.275	0.000	0.000
158	  L	  0.5	  0.1	8.275	0.000	0.000
159	  R	  1.1	  0.3	8.275	0.000	0.000
160	  K	  0.9	  0.2	8.275	0.000	0.000
161	  N	  0.7	  0.2	7.324	0.000	0.000
162	  L	  0.2	  0.2	3.113	0.000	0.000
163	  A	  0.1	  0.1	2.016	0.000	0.000
164	  P	  0.0	  0.1	0.000	0.000	0.000
165	  Y	  0.3	  0.3	0.000	0.000	0.000
166	  S	  0.2	  0.3	12.359	0.000	0.000
167	  D	  0.2	  0.3	19.120	0.000	0.000
168	  E	  0.2	  0.3	20.752	0.000	0.000
169	  L	  0.5	  0.2	20.752	0.000	0.000
170	  R	  0.8	  0.2	20.752	0.000	0.000
171	  Q	  0.8	  0.1	20.752	0.000	0.000
172	  K	  1.0	  0.1	19.208	0.000	0.000
173	  L	  0.9	  0.1	16.528	0.000	0.000
174	  S	  0.8	  0.1	15.533	0.000	0.000
175	  Q	  0.7	  0.1	11.454	0.000	0.000
176	  K	  2.0	  0.1	6.108	0.000	0.000
177	  L	  1.8	  0.1	4.052	0.000	0.000
178	  E	  1.5	  0.1	4.079	0.000	0.000
179	  E	  1.1	  0.0	3.802	0.000	0.000
180	  I	  1.5	  0.1	3.461	0.000	0.000
181	  R	  1.5	  0.2	3.461	0.000	0.000
182	  E	  0.4	  0.5	2.494	0.000	0.000
183	  K	  0.1	  0.5	2.119	0.000	0.000
184	  G	  0.1	  0.5	1.134	0.000	0.000
185	  I	  0.1	  0.3	0.000	0.000	0.000
186	  P	  0.0	  0.0	0.000	0.000	0.000
187	  Q	  0.1	  0.0	0.000	0.000	0.000
188	  A	  0.1	  0.0	0.000	0.000	0.000
189	  A	  0.2	  0.0	0.000	0.000	0.000
190	  E	  1.8	  0.0	0.000	0.000	0.000
191	  Y	  4.5	  0.0	0.000	0.000	0.000
192	  Q	  4.6	  0.0	0.000	0.000	0.000
193	  A	  3.1	  0.0	0.000	0.000	0.000
194	  K	  0.6	  0.0	0.000	0.000	0.000
195	  A	  0.7	  0.0	0.000	0.000	0.000
196	  V	  2.0	  0.1	0.000	0.000	0.000
197	  E	  1.8	  0.1	0.000	0.000	0.000
198	  Q	  2.3	  0.1	0.000	0.000	0.000
199	  L	  0.9	  0.5	0.000	0.000	0.000
200	  S	  0.9	  0.5	0.000	0.000	0.000
201	  N	  2.2	  0.5	0.000	0.000	0.000
202	  F	  2.8	  0.5	0.000	0.000	0.000
203	  R	  2.8	  0.1	0.000	0.000	0.000
204	  E	  0.8	  0.1	0.000	0.000	0.000
205	  K	  9.6	  0.1	0.000	0.000	0.000
206	  V	 10.2	  0.0	0.000	0.000	0.000
207	  T	 10.1	  0.0	0.000	0.000	0.000
208	  P	  0.6	  0.0	0.000	0.000	0.000
209	  L	  0.3	  0.0	0.000	0.000	0.000
210	  V	  1.6	  0.1	0.000	0.000	0.000
211	  Q	  1.7	  0.1	0.000	0.000	0.000
212	  D	  1.6	  0.1	0.852	0.000	0.000
213	  L	  0.4	  0.2	0.852	0.000	0.000
214	  K	  0.5	  0.1	0.852	0.000	0.000
215	  E	  0.3	  0.1	0.852	0.000	0.000
216	  R	  1.6	  0.1	0.852	0.000	0.000
217	  L	  1.5	  0.1	0.852	0.000	0.000
218	  T	  1.5	  0.2	0.822	0.000	0.000
219	  P	  0.2	  0.2	0.406	0.000	0.000
220	  Y	  0.4	  0.2	0.406	0.000	0.000
221	  A	  0.4	  0.4	0.552	0.000	0.000
222	  E	  0.4	  0.3	0.552	0.000	0.000
223	  N	  0.4	  0.3	1.621	0.000	0.000
224	  L	  0.8	  0.4	1.621	0.000	0.000
225	  K	  1.0	  0.1	1.621	0.000	0.000
226	  S	  0.8	  0.1	1.375	0.000	0.000
227	  R	  1.1	  0.1	1.069	0.000	0.000
228	  F	  2.0	  0.2	1.069	9.746	9.746
229	  L	  3.8	  0.2	0.380	9.746	9.746
230	  S	  3.3	  0.2	0.524	9.746	9.746
231	  L	  2.6	  0.2	0.356	9.746	9.746
232	  L	  0.8	  0.2	0.356	9.746	9.746
233	  D	  0.5	  0.2	0.950	0.000	0.000
234	  D	  0.2	  0.2	0.950	0.000	0.000
235	  L	  0.4	  0.2	0.950	0.000	0.000
236	  Q	  0.6	  0.2	0.950	0.000	0.000
237	  K	  1.1	  0.1	0.788	0.000	0.000
238	  S	  1.4	  0.1	0.594	0.000	0.000
239	  V	  1.1	  0.1	0.000	0.000	0.000
240	  A	  0.5	  0.0	0.000	0.000	0.000
