res	aa	Beta	Turn	Helix	Aggregation	Conc-Stab_Aggregation
01	  A	  0.0	  0.4	0.000	0.000	0.000
02	  P	  0.0	  0.4	0.000	0.000	0.000
03	  S	  0.2	  0.5	0.000	0.000	0.000
04	  Q	  0.4	  0.5	0.000	0.000	0.000
05	  L	  0.5	  0.1	0.000	0.000	0.000
06	  A	  0.7	  0.1	0.000	0.000	0.000
07	  H	  1.4	  0.0	0.000	0.000	0.000
08	  L	  1.7	  0.0	0.000	0.000	0.000
09	  R	  1.4	  0.0	0.000	0.000	0.000
10	  A	  0.7	  0.0	0.000	0.000	0.000
11	  A	  0.5	  0.0	0.000	0.000	0.000
12	  V	  9.7	  0.0	0.000	0.000	0.000
13	  D	 11.9	  0.0	0.123	0.000	0.000
14	  V	 15.1	  0.0	0.123	0.175	0.175
15	  Y	  7.6	  0.1	0.123	0.175	0.175
16	  L	  4.9	  0.1	0.123	0.175	0.175
17	  N	  1.6	  0.1	0.123	0.175	0.175
18	  Q	  1.5	  0.1	0.123	0.175	0.175
19	  V	  2.9	  0.1	0.000	0.175	0.175
20	  K	  2.8	  0.2	0.000	0.000	0.000
21	  D	  1.7	  0.3	0.000	0.000	0.000
22	  S	  0.6	  2.2	0.273	0.000	0.000
23	  A	  0.6	  2.1	0.273	0.000	0.000
24	  N	  0.6	  2.0	0.273	0.000	0.000
25	  R	  0.2	  1.9	0.273	0.000	0.000
26	  A	  0.4	  0.0	0.273	0.000	0.000
27	  L	  0.7	  0.1	0.273	0.000	0.000
28	  D	  0.5	  0.1	0.000	0.000	0.000
29	  H	  1.1	  0.4	0.000	0.000	0.000
30	  L	  0.9	  0.5	0.000	0.000	0.000
31	  D	  0.9	  0.6	2.168	0.000	0.000
32	  D	  0.3	  0.6	2.944	0.000	0.000
33	  T	  0.4	  0.3	3.958	0.000	0.000
34	  E	  1.2	  0.1	3.958	0.000	0.000
35	  Y	  1.7	  0.1	3.958	0.000	0.000
36	  R	  1.5	  0.1	3.958	0.000	0.000
37	  E	  2.2	  0.1	3.958	0.000	0.000
38	  L	  1.9	  0.2	3.613	0.000	0.000
39	  K	  1.9	  0.1	3.290	0.000	0.000
40	  A	  0.5	  0.1	2.116	0.000	0.000
41	  G	  0.1	  0.1	1.296	0.000	0.000
42	  L	  0.3	  0.1	0.427	0.000	0.000
43	  S	  1.1	  0.2	0.213	0.000	0.000
44	  Q	  1.4	  0.1	0.000	0.000	0.000
45	  R	  3.5	  0.3	0.000	0.000	0.000
46	  L	  3.0	  0.3	0.000	0.000	0.000
47	  D	  2.7	  0.3	0.000	0.000	0.000
48	  S	  0.8	  0.2	0.326	0.000	0.000
49	  M	  1.0	  0.1	0.326	0.000	0.000
50	  Y	  2.7	  0.0	0.326	0.000	0.000
51	  N	  2.5	  0.0	1.008	0.000	0.000
52	  Q	  3.0	  0.0	1.008	0.000	0.000
53	  V	  3.8	  0.0	1.008	0.000	0.000
54	  K	  3.6	  0.0	1.008	0.000	0.000
55	  A	  2.8	  0.0	0.857	0.000	0.000
56	  M	  0.5	  0.2	0.857	0.000	0.000
57	  Q	  0.3	  0.2	0.327	0.000	0.000
58	  G	  0.1	  0.2	0.000	0.000	0.000
59	  A	  1.2	  0.2	0.000	0.000	0.000
60	  V	  1.6	  0.0	0.000	0.000	0.000
61	  S	  1.6	  0.0	0.166	0.000	0.000
62	  P	  0.4	  0.0	0.166	0.000	0.000
63	  I	  0.5	  0.0	0.166	0.000	0.000
64	  T	  0.6	  0.2	0.166	0.000	0.000
65	  D	  0.7	  0.2	0.166	0.000	0.000
66	  N	  2.1	  0.2	0.166	0.216	0.216
67	  V	  6.2	  0.1	0.000	6.780	6.780
68	  V	  7.2	  0.0	0.000	6.932	6.932
69	  A	  6.0	  0.0	0.000	6.932	6.932
70	  T	 14.7	  0.0	0.000	6.932	6.932
71	  I	 13.7	  0.1	0.000	6.932	6.932
72	  S	 12.9	  0.1	1.670	0.868	0.868
73	  D	  0.1	  0.4	1.977	0.000	0.000
74	  A	  0.2	  0.4	1.977	0.000	0.000
75	  T	  0.5	  0.7	2.537	0.000	0.000
76	  A	  0.5	  0.7	2.537	0.000	0.000
77	  D	  0.7	  0.4	2.740	0.000	0.000
78	  L	  0.9	  0.4	2.061	0.000	0.000
79	  R	  1.0	  0.0	1.917	0.000	0.000
80	  A	  1.1	  0.0	1.427	0.000	0.000
81	  S	  0.9	  0.0	0.963	0.000	0.000
82	  I	  2.6	  0.0	0.202	0.000	0.000
83	  M	  2.5	  0.0	0.202	0.000	0.000
84	  T	  2.4	  0.0	8.916	0.000	0.000
85	  D	  2.2	  0.0	12.792	0.000	0.000
86	  I	  2.8	  0.1	13.723	0.000	0.000
87	  E	  2.5	  0.0	14.069	0.000	0.000
88	  A	  1.2	  0.0	14.069	0.000	0.000
89	  L	  0.3	  0.1	14.069	0.000	0.000
90	  K	  0.4	  0.3	12.702	0.000	0.000
91	  R	  0.3	  0.3	9.406	0.000	0.000
92	  D	  0.8	  0.3	4.817	0.000	0.000
93	  L	  0.8	  0.3	2.341	0.000	0.000
94	  E	  0.7	  0.0	2.828	0.000	0.000
95	  P	  0.1	  0.1	0.863	0.000	0.000
96	  K	  0.3	  0.1	0.863	0.000	0.000
97	  R	  0.4	  0.1	0.863	0.000	0.000
98	  A	  0.8	  0.1	0.863	0.000	0.000
99	  H	  1.4	  0.0	0.863	0.000	0.000
100	  L	  1.4	  0.1	0.308	0.000	0.000
101	  R	  1.3	  0.1	0.131	0.000	0.000
102	  D	  2.5	  0.1	0.000	0.000	0.000
103	  V	  8.3	  0.1	0.000	0.000	0.000
104	  I	  8.5	  0.0	0.000	0.000	0.000
105	  N	  6.5	  0.1	0.000	0.000	0.000
106	  K	  1.1	  0.1	0.000	0.000	0.000
107	  H	  5.8	  0.1	0.000	0.000	0.000
108	  I	  6.4	  0.1	0.000	0.000	0.000
109	  E	  6.0	  0.1	0.000	0.000	0.000
110	  Q	  3.0	  0.1	0.000	0.000	0.000
111	  Y	  2.9	  0.2	0.000	0.000	0.000
112	  R	  3.1	  0.1	0.000	0.000	0.000
113	  T	  1.9	  0.1	0.000	0.000	0.000
114	  L	  1.6	  0.1	0.000	0.000	0.000
115	  M	  1.3	  0.0	0.000	0.000	0.000
116	  E	  0.4	  0.0	0.000	0.000	0.000
117	  P	  0.1	  0.0	0.000	0.000	0.000
118	  I	  1.2	  0.0	0.000	0.000	0.000
119	  I	  1.3	  0.1	0.000	0.000	0.000
120	  N	  1.4	  0.1	0.300	0.000	0.000
121	  D	  0.5	  0.1	0.300	0.000	0.000
122	  H	  2.2	  0.1	0.300	0.000	0.000
123	  Y	  2.8	  0.1	0.300	0.000	0.000
124	  A	  2.7	  0.0	0.300	0.000	0.000
125	  R	  1.7	  0.0	0.300	0.000	0.000
126	  H	  1.8	  0.1	0.449	0.000	0.000
127	  T	  1.9	  0.1	2.849	0.000	0.000
128	  A	  1.3	  0.0	3.479	0.000	0.000
129	  E	  1.4	  0.0	4.860	0.000	0.000
130	  M	  1.3	  0.0	5.994	0.000	0.000
131	  D	  1.2	  0.1	7.703	0.000	0.000
132	  A	  0.6	  0.1	7.836	0.000	0.000
133	  L	  0.6	  0.2	7.836	0.000	0.000
134	  R	  0.9	  0.2	7.633	0.000	0.000
135	  Q	  1.0	  0.1	7.151	0.000	0.000
136	  K	  4.4	  0.1	4.647	0.000	0.000
137	  L	  4.2	  0.1	2.058	0.000	0.000
138	  E	  3.9	  0.0	1.688	0.000	0.000
139	  P	  0.1	  0.0	0.138	0.000	0.000
140	  V	  4.2	  0.0	0.443	0.000	0.000
141	  V	  5.5	  0.0	1.187	0.000	0.000
142	  E	  5.6	  0.0	1.336	0.000	0.000
143	  Q	  2.3	  0.0	1.336	0.000	0.000
144	  L	  1.2	  0.1	1.336	0.000	0.000
145	  R	  1.6	  0.1	1.336	0.000	0.000
146	  Q	  1.1	  0.1	1.336	0.000	0.000
147	  Q	  1.0	  0.1	0.671	0.000	0.000
148	  V	  1.7	  0.0	0.136	0.000	0.000
149	  A	  1.5	  0.1	0.136	0.000	0.000
150	  T	  2.1	  0.1	0.136	0.000	0.000
151	  N	  5.5	  0.1	0.136	0.000	0.000
152	  V	  6.0	  0.1	0.000	0.000	0.000
153	  E	  5.3	  0.1	0.181	0.000	0.000
154	  E	  1.2	  0.1	0.181	0.000	0.000
155	  T	  1.1	  0.1	0.346	0.000	0.000
156	  K	  1.3	  0.1	0.346	0.000	0.000
157	  A	  0.9	  0.0	0.346	0.000	0.000
158	  A	  0.9	  0.0	0.346	0.000	0.000
159	  L	  0.8	  0.0	0.346	0.000	0.000
160	  I	  0.7	  0.0	0.165	0.000	0.000
161	  P	  0.1	  0.0	0.000	0.000	0.000
162	  I	  3.1	  0.0	0.000	0.000	0.000
163	  V	  4.7	  0.1	0.000	0.000	0.000
164	  E	  4.7	  0.1	0.000	0.000	0.000
165	  S	  5.5	  0.1	0.239	0.000	0.000
166	  V	  4.7	  0.3	0.239	0.000	0.000
167	  R	  4.7	  0.3	0.239	0.000	0.000
168	  G	  0.9	  0.3	0.239	0.000	0.000
169	  K	  0.6	  0.3	0.239	0.000	0.000
170	  L	  0.6	  0.1	0.239	0.000	0.000
171	  S	  0.7	  0.2	0.417	0.000	0.000
172	  E	  0.2	  0.2	0.417	0.000	0.000
173	  R	  0.6	  0.2	0.178	0.000	0.000
174	  L	  0.7	  0.2	0.178	0.000	0.000
175	  E	  0.6	  0.2	0.178	0.000	0.000
176	  S	  0.8	  0.1	0.178	0.000	0.000
177	  L	  0.7	  0.2	0.000	0.000	0.000
178	  K	  0.8	  0.1	0.000	0.000	0.000
179	  E	  0.3	  0.0	0.000	0.000	0.000
180	  M	  0.4	  0.0	0.000	0.000	0.000
181	  A	  0.3	  0.0	0.000	0.000	0.000
182	  T	  0.2	  0.0	0.000	0.000	0.000
183	  P	  0.1	  0.0	0.000	0.000	0.000
184	  Y	  2.3	  0.0	0.000	0.000	0.000
185	  V	  2.9	  0.1	0.134	0.000	0.000
186	  E	  2.9	  0.1	0.444	0.000	0.000
187	  E	  4.1	  0.1	0.754	0.000	0.000
188	  Y	  4.2	  0.1	0.754	0.000	0.000
189	  K	  4.2	  0.1	0.984	0.000	0.000
190	  E	  0.9	  0.1	0.984	0.000	0.000
191	  Q	  1.1	  0.1	0.984	0.000	0.000
192	  L	  1.2	  0.1	0.984	0.000	0.000
193	  K	  1.3	  0.1	0.984	0.000	0.000
194	  Q	  1.6	  0.0	0.542	0.000	0.000
195	  V	  5.6	  0.0	0.000	0.000	0.000
196	  Y	  7.1	  0.0	0.000	0.000	0.000
197	  N	  5.9	  0.1	0.000	0.000	0.000
198	  Q	  2.0	  0.1	0.000	0.000	0.000
199	  A	  0.3	  0.2	0.000	0.000	0.000
200	  Q	  0.5	  0.2	0.000	0.000	0.000
201	  N	  2.1	  0.4	0.000	0.000	0.000
202	  I	  4.3	  0.4	0.000	0.000	0.000
203	  N	  4.3	  0.3	4.697	0.000	0.000
204	  T	  2.5	  0.4	5.230	0.000	0.000
205	  E	  0.3	  0.1	5.230	0.000	0.000
206	  E	  0.7	  0.1	5.230	0.000	0.000
207	  L	  1.5	  0.1	5.230	0.000	0.000
208	  T	  2.0	  0.0	5.575	0.000	0.000
209	  A	  1.6	  0.0	5.575	0.000	0.000
210	  L	  0.8	  0.0	5.279	0.000	0.000
211	  R	  0.4	  0.1	4.282	0.000	0.000
212	  E	  0.1	  0.1	2.251	0.000	0.000
213	  K	  9.2	  0.1	1.527	0.000	0.000
214	  I	 10.0	  0.0	0.179	0.000	0.000
215	  T	 10.0	  0.1	0.179	0.000	0.000
216	  P	  0.9	  0.1	0.000	0.000	0.000
217	  L	  0.0	  0.1	0.000	0.000	0.000
218	  A	  0.0	  0.3	0.195	0.000	0.000
219	  E	  0.0	  0.2	0.394	0.000	0.000
220	  D	  1.2	  0.2	4.909	0.000	0.000
221	  V	 15.8	  0.2	4.909	0.000	0.000
222	  K	 19.4	  0.0	4.909	0.000	0.000
223	  V	 24.3	  0.0	4.909	0.000	0.000
224	  K	 11.2	  0.0	4.909	0.000	0.000
225	  L	  6.9	  0.0	4.909	2.276	2.276
226	  Q	  0.9	  0.0	4.691	2.276	2.276
227	  A	  0.6	  0.0	2.534	2.276	2.276
228	  I	  1.3	  0.0	2.050	2.276	2.276
229	  F	  3.7	  0.1	2.050	2.276	2.276
230	  E	  3.4	  0.1	1.302	0.000	0.000
231	  A	  2.8	  0.1	1.028	0.952	0.952
232	  I	  1.4	  0.1	0.705	2.122	2.122
233	  A	  1.4	  0.1	0.705	2.122	2.122
234	  S	  1.7	  0.1	0.446	2.122	2.122
235	  T	 11.8	  0.1	0.000	2.122	2.122
236	  V	 13.6	  0.1	0.000	2.122	2.122
237	  T	 16.4	  0.0	0.000	0.415	0.415
238	  K	  5.3	  0.0	0.000	0.000	0.000
239	  S	  3.3	  0.0	0.000	0.000	0.000
