res	aa	Beta	Turn	Helix	Aggregation	Conc-Stab_Aggregation
01	  D	  0.0	  0.0	0.000	0.000	0.000
02	  E	  0.0	  0.0	0.000	0.000	0.000
03	  P	  0.0	  0.1	0.000	0.000	0.000
04	  Q	  0.1	  0.1	0.000	0.000	0.000
05	  T	  1.6	  0.1	0.000	0.000	0.000
06	  S	  1.9	  0.1	0.000	0.000	0.000
07	  S	  7.5	  0.4	0.000	0.000	0.000
08	  W	  6.7	  0.5	0.000	0.000	0.000
09	  D	  6.4	  0.5	0.470	0.000	0.000
10	  Q	  1.9	  0.5	0.470	0.000	0.000
11	  M	  1.4	  0.3	0.470	0.000	0.000
12	  K	  1.4	  0.2	0.470	0.000	0.000
13	  D	  0.5	  0.2	0.990	0.000	0.000
14	  L	  0.9	  0.2	0.990	19.088	19.088
15	  I	  9.1	  0.0	0.990	19.629	19.629
16	  N	 11.2	  0.0	0.990	19.629	19.629
17	  I	 11.8	  0.0	0.721	19.629	19.629
18	  Y	  4.6	  0.1	0.721	19.629	19.629
19	  L	  2.2	  0.1	0.222	16.484	16.484
20	  D	  1.5	  0.1	0.222	0.000	0.000
21	  T	 16.9	  0.1	0.113	0.000	0.000
22	  V	 18.1	  0.1	0.113	0.000	0.000
23	  K	 17.7	  0.3	0.113	0.000	0.000
24	  D	  1.7	  1.1	0.000	0.000	0.000
25	  S	  0.1	  1.3	0.000	0.000	0.000
26	  G	  0.1	  1.6	0.000	0.000	0.000
27	  K	  0.2	  1.4	0.000	0.000	0.000
28	  D	  0.2	  0.6	0.000	0.000	0.000
29	  Y	  1.1	  0.4	0.000	0.000	0.000
30	  A	  1.3	  0.1	0.000	0.000	0.000
31	  S	  1.4	  0.1	0.569	0.000	0.000
32	  Q	  2.0	  0.1	0.569	0.000	0.000
33	  L	  2.0	  0.1	0.719	0.000	0.000
34	  E	  2.0	  0.1	1.046	0.000	0.000
35	  A	  0.6	  0.0	1.046	0.000	0.000
36	  S	  0.5	  0.3	1.785	0.000	0.000
37	  A	  0.4	  0.4	1.457	0.000	0.000
38	  L	  0.2	  0.5	1.457	0.000	0.000
39	  G	  0.1	  0.5	1.457	0.000	0.000
40	  K	  0.2	  0.3	1.066	0.000	0.000
41	  Q	  1.1	  0.2	0.739	0.000	0.000
42	  L	  2.8	  0.1	0.480	0.000	0.000
43	  N	  3.0	  0.0	1.438	0.000	0.000
44	  L	  3.6	  0.0	1.274	0.000	0.000
45	  K	  2.2	  0.0	1.126	0.000	0.000
46	  L	  2.2	  0.0	0.959	0.000	0.000
47	  L	  0.8	  0.2	0.959	0.000	0.000
48	  D	  0.5	  0.2	0.959	0.000	0.000
49	  N	  0.4	  1.0	0.492	0.000	0.000
50	  L	  0.6	  1.1	0.134	0.000	0.000
51	  D	  0.6	  1.1	0.134	0.000	0.000
52	  S	  5.6	  1.2	0.000	0.000	0.000
53	  L	  5.4	  0.4	0.000	0.000	0.000
54	  S	  7.4	  0.5	0.000	0.000	0.000
55	  T	  3.1	  0.4	0.000	0.000	0.000
56	  S	 13.3	  0.3	0.000	0.000	0.000
57	  V	 12.3	  0.3	0.000	0.000	0.000
58	  S	 11.6	  0.2	0.000	0.000	0.000
59	  K	  1.8	  0.2	0.162	0.000	0.000
60	  L	  0.8	  0.1	0.162	0.000	0.000
61	  Q	  0.7	  0.1	0.162	0.000	0.000
62	  E	  0.2	  0.1	0.162	0.000	0.000
63	  Q	  0.2	  0.1	0.162	0.000	0.000
64	  L	  0.2	  0.1	0.162	0.000	0.000
65	  G	  0.2	  0.1	0.162	0.000	0.000
66	  L	  0.6	  0.0	0.000	0.000	0.000
67	  L	  0.8	  0.1	0.000	0.000	0.000
68	  S	  1.1	  0.1	0.151	0.000	0.000
69	  Q	  1.0	  0.1	0.151	0.000	0.000
70	  Q	  1.8	  0.1	0.151	0.000	0.000
71	  L	  2.0	  0.1	0.151	0.000	0.000
72	  W	  2.2	  0.2	0.151	0.000	0.000
73	  S	  1.3	  0.2	0.151	0.000	0.000
74	  T	  2.0	  0.2	0.000	0.000	0.000
75	  L	  1.4	  0.2	0.000	0.000	0.000
76	  E	  1.3	  0.2	0.000	0.000	0.000
77	  E	  0.1	  0.2	0.000	0.000	0.000
78	  D	  0.3	  0.5	0.195	0.000	0.000
79	  T	  1.5	  0.5	3.796	0.000	0.000
80	  S	  1.6	  0.5	4.687	0.000	0.000
81	  Q	  2.3	  0.4	4.687	0.000	0.000
82	  L	  1.4	  0.1	4.687	0.000	0.000
83	  R	  2.0	  0.1	4.687	0.000	0.000
84	  Q	  1.8	  0.0	4.687	0.000	0.000
85	  M	  2.1	  0.0	3.694	0.000	0.000
86	  L	  1.5	  0.0	3.218	0.000	0.000
87	  N	  0.9	  0.7	4.509	0.000	0.000
88	  Q	  0.4	  0.7	4.007	0.000	0.000
89	  D	  0.5	  0.7	8.486	0.000	0.000
90	  L	  0.4	  0.7	10.222	0.000	0.000
91	  E	  0.3	  0.1	12.456	0.000	0.000
92	  E	  1.4	  0.0	12.764	0.000	0.000
93	  M	  1.5	  0.1	12.764	0.000	0.000
94	  K	  1.6	  0.1	12.764	0.000	0.000
95	  K	  0.4	  0.1	12.255	0.000	0.000
96	  K	  3.3	  0.1	11.215	0.000	0.000
97	  V	  3.6	  0.0	4.637	0.000	0.000
98	  Q	  3.4	  0.1	4.451	0.000	0.000
99	  P	  0.4	  0.1	0.000	0.000	0.000
100	  H	  0.7	  0.3	0.000	0.000	0.000
101	  L	  0.7	  0.4	0.000	0.000	0.000
102	  D	  0.7	  0.3	9.159	0.000	0.000
103	  E	  1.5	  0.2	10.138	0.000	0.000
104	  F	  3.3	  0.1	10.138	0.000	0.000
105	  Q	  3.5	  0.0	10.138	0.000	0.000
106	  K	  2.1	  0.0	10.138	0.000	0.000
107	  K	  0.9	  0.0	10.138	0.000	0.000
108	  W	  1.3	  0.0	9.157	0.000	0.000
109	  Q	  1.3	  0.1	8.661	0.000	0.000
110	  E	  0.7	  0.1	6.544	0.000	0.000
111	  E	  2.2	  0.1	5.742	0.000	0.000
112	  V	  6.6	  0.1	5.115	0.000	0.000
113	  E	  6.7	  0.0	5.115	0.000	0.000
114	  L	  4.8	  0.0	4.751	0.000	0.000
115	  Y	  2.5	  0.1	4.464	0.000	0.000
116	  R	  2.5	  0.1	2.942	0.000	0.000
117	  Q	  3.0	  0.1	2.393	0.000	0.000
118	  K	  6.1	  0.1	0.811	0.000	0.000
119	  V	  6.3	  0.0	0.161	0.000	0.000
120	  A	  5.7	  0.4	0.161	0.000	0.000
121	  P	  0.5	  0.5	0.000	0.000	0.000
122	  L	  0.0	  0.6	0.000	0.000	0.000
123	  G	  0.0	  0.6	0.000	0.000	0.000
124	  Q	  0.1	  0.3	0.000	0.000	0.000
125	  E	  0.5	  0.1	0.000	0.000	0.000
126	  L	  0.6	  0.2	0.000	0.000	0.000
127	  Q	  0.5	  0.2	0.000	0.000	0.000
128	  G	  0.1	  0.1	0.000	0.000	0.000
129	  L	  0.1	  0.2	0.000	0.000	0.000
130	  Q	  0.2	  0.1	0.000	0.000	0.000
131	  E	  0.3	  0.1	0.000	0.000	0.000
132	  K	  1.3	  0.1	0.000	0.000	0.000
133	  L	  1.3	  0.1	0.000	0.000	0.000
134	  V	  1.3	  0.2	0.000	0.000	0.000
135	  P	  0.2	  0.2	0.000	0.000	0.000
136	  L	  0.1	  0.4	0.000	0.000	0.000
137	  G	  0.0	  0.7	0.207	0.000	0.000
138	  E	  0.0	  0.5	0.207	0.000	0.000
139	  G	  0.0	  0.5	0.207	0.000	0.000
140	  L	  0.3	  0.5	0.207	0.000	0.000
141	  R	  0.3	  0.3	0.207	0.000	0.000
142	  D	  0.3	  0.2	0.207	0.000	0.000
143	  H	  0.4	  0.4	0.207	0.000	0.000
144	  A	  0.4	  0.4	0.000	0.000	0.000
145	  R	  0.5	  0.4	0.000	0.000	0.000
146	  N	  0.5	  0.4	0.576	0.000	0.000
147	  L	  1.1	  0.2	0.576	0.000	0.000
148	  V	  1.3	  0.0	0.576	0.000	0.000
149	  D	  0.9	  0.1	0.576	0.000	0.000
150	  K	  2.0	  0.1	0.576	0.000	0.000
151	  L	  1.8	  0.1	0.576	0.000	0.000
152	  R	  1.8	  0.5	0.422	0.000	0.000
153	  P	  0.2	  0.4	0.000	0.000	0.000
154	  Y	  0.1	  0.6	0.000	0.000	0.000
155	  G	  0.1	  0.6	9.038	0.000	0.000
156	  E	  0.1	  0.2	10.991	0.000	0.000
157	  E	  1.7	  0.2	12.776	0.000	0.000
158	  V	  4.1	  0.1	12.776	0.000	0.000
159	  R	  4.5	  0.1	12.776	0.000	0.000
160	  Q	  3.1	  0.1	12.776	0.000	0.000
161	  R	  0.9	  0.1	12.352	0.000	0.000
162	  L	  0.5	  0.1	11.770	0.000	0.000
163	  A	  0.4	  0.1	10.806	0.000	0.000
164	  S	  0.4	  0.1	9.784	0.000	0.000
165	  R	  0.6	  0.1	5.087	0.000	0.000
166	  L	  0.5	  0.1	3.168	0.000	0.000
167	  E	  0.4	  0.1	2.933	0.000	0.000
168	  E	  1.4	  0.1	2.619	0.000	0.000
169	  L	  1.6	  0.1	2.342	0.000	0.000
170	  K	  1.8	  0.1	1.921	0.000	0.000
171	  T	  1.9	  0.2	0.000	0.000	0.000
172	  S	  1.8	  0.3	0.262	0.000	0.000
173	  S	  1.7	  0.2	0.262	0.000	0.000
174	  L	  0.3	  0.4	0.262	0.000	0.000
175	  A	  0.8	  0.2	0.262	0.000	0.000
176	  Q	  0.9	  0.2	0.262	0.000	0.000
177	  Y	  0.8	  0.2	0.262	0.000	0.000
178	  P	  0.2	  0.0	0.341	0.000	0.000
179	  A	  0.1	  0.0	0.341	0.000	0.000
180	  K	  0.3	  0.0	0.341	0.000	0.000
181	  A	  0.3	  0.1	0.341	0.000	0.000
182	  R	  0.3	  0.1	0.341	0.000	0.000
183	  E	  0.2	  0.1	0.341	0.000	0.000
184	  H	  0.9	  0.1	0.165	0.000	0.000
185	  L	  1.0	  0.1	0.000	0.000	0.000
186	  S	  1.5	  0.0	0.000	0.000	0.000
187	  T	 14.6	  0.0	0.289	0.000	0.000
188	  I	 14.6	  0.1	0.289	0.000	0.000
189	  S	 14.2	  0.1	0.289	0.000	0.000
190	  E	  0.4	  0.1	0.289	0.000	0.000
191	  K	  0.7	  0.1	0.289	0.000	0.000
192	  A	  0.7	  0.1	0.289	0.000	0.000
193	  K	  0.6	  0.0	0.289	0.000	0.000
194	  P	  0.0	  0.0	0.000	0.000	0.000
195	  A	  0.1	  0.0	0.000	0.000	0.000
196	  L	  0.2	  0.6	0.000	0.000	0.000
197	  E	  0.2	  0.6	0.000	0.000	0.000
198	  D	  1.4	  0.6	0.000	0.000	0.000
199	  F	  3.8	  0.7	0.000	0.000	0.000
200	  R	  4.0	  0.1	0.000	0.000	0.000
201	  Q	  3.0	  0.2	0.000	0.000	0.000
202	  S	  2.1	  0.2	0.000	0.000	0.000
203	  L	  1.9	  0.1	0.000	0.000	0.000
204	  Q	  1.6	  0.0	0.000	0.000	0.000
205	  P	  0.1	  0.0	0.000	0.000	0.000
206	  M	  0.0	  0.0	0.000	0.000	0.000
207	  A	  0.1	  0.1	0.000	0.000	0.000
208	  E	  0.7	  0.1	0.000	0.000	0.000
209	  H	  2.9	  0.1	0.000	0.000	0.000
210	  F	  3.4	  0.3	0.000	0.000	0.000
211	  K	  3.3	  0.2	0.000	0.000	0.000
212	  N	  1.2	  0.2	0.000	0.000	0.000
213	  T	  3.6	  0.2	0.000	3.874	3.874
214	  L	  3.5	  0.0	0.000	4.815	4.815
215	  T	  4.4	  0.0	0.000	4.815	4.815
216	  T	  2.5	  0.0	0.000	4.815	4.815
217	  L	  2.5	  0.0	0.000	4.815	4.815
218	  F	  1.8	  0.1	0.000	4.137	4.137
219	  D	  0.7	  0.1	2.340	0.000	0.000
220	  E	  3.5	  0.1	2.340	0.000	0.000
221	  V	  4.2	  0.1	2.340	0.000	0.000
222	  S	  4.3	  0.1	2.340	0.000	0.000
223	  K	  1.2	  0.1	2.340	0.000	0.000
224	  K	  0.9	  0.3	2.340	0.000	0.000
225	  L	  1.0	  0.3	1.296	0.000	0.000
226	  D	  1.0	  0.2	0.876	0.000	0.000
227	  A	  0.3	  0.2	0.450	0.000	0.000
228	  Q	  0.0	  0.0	0.183	0.000	0.000
