res	aa	Beta	Turn	Helix	Aggregation	Conc-Stab_Aggregation
01	  D	  0.0	  0.0	0.000	0.000	0.000
02	  E	  0.0	  0.0	0.000	0.000	0.000
03	  P	  0.0	  0.0	0.000	0.000	0.000
04	  Q	  0.0	  0.0	0.000	0.000	0.000
05	  S	  0.0	  0.3	0.172	0.000	0.000
06	  P	  0.0	  0.3	0.172	0.000	0.000
07	  W	  0.2	  0.3	0.172	0.000	0.000
08	  D	  0.3	  0.3	0.357	0.000	0.000
09	  R	  1.9	  0.1	0.357	0.000	0.000
10	  V	  3.1	  0.3	0.357	0.512	0.512
11	  K	  3.2	  0.3	0.357	0.512	0.512
12	  D	  1.9	  0.3	0.185	0.512	0.512
13	  F	  2.1	  0.3	0.185	40.250	40.250
14	  V	 14.7	  0.1	0.000	40.749	40.749
15	  N	 18.2	  0.1	0.000	40.623	40.623
16	  V	 19.6	  0.1	0.000	40.623	40.623
17	  Y	  8.4	  0.0	0.000	40.623	40.623
18	  L	  3.5	  0.0	0.000	34.132	34.132
19	  E	  0.7	  0.0	0.000	0.343	0.343
20	  T	 16.2	  0.0	0.000	0.343	0.343
21	  V	 17.7	  0.1	0.000	0.343	0.343
22	  K	 17.6	  0.4	0.000	0.343	0.343
23	  E	  1.7	  0.8	0.000	0.000	0.000
24	  G	  0.0	  0.9	0.000	0.000	0.000
25	  S	  0.6	  2.6	0.000	0.000	0.000
26	  K	  0.7	  2.2	0.000	0.000	0.000
27	  D	  1.1	  1.9	0.000	0.000	0.000
28	  Y	  1.5	  1.8	0.000	0.240	0.240
29	  V	  5.3	  0.0	0.000	0.240	0.240
30	  T	  6.0	  0.0	0.000	0.240	0.240
31	  Q	  6.5	  0.0	0.000	0.240	0.240
32	  L	  2.7	  0.1	0.000	0.240	0.240
33	  E	  1.7	  0.1	0.173	0.000	0.000
34	  T	  0.6	  0.1	0.553	0.000	0.000
35	  S	  0.7	  0.4	1.293	0.000	0.000
36	  A	  0.7	  0.4	1.293	0.000	0.000
37	  L	  0.2	  0.5	1.293	0.000	0.000
38	  G	  0.1	  0.5	1.293	0.000	0.000
39	  K	  0.2	  0.3	1.293	0.000	0.000
40	  Q	  1.1	  0.2	0.740	0.000	0.000
41	  L	  2.8	  0.1	0.479	0.000	0.000
42	  N	  3.0	  0.0	1.014	0.000	0.000
43	  L	  3.9	  0.0	0.849	0.000	0.000
44	  K	  2.9	  0.0	0.702	0.000	0.000
45	  I	  3.1	  0.1	0.535	0.000	0.000
46	  L	  1.3	  0.4	0.535	0.000	0.000
47	  D	  0.7	  0.4	0.535	0.000	0.000
48	  N	  0.8	  0.8	0.314	0.000	0.000
49	  W	  1.1	  0.9	0.000	0.000	0.000
50	  D	  1.0	  0.6	0.000	0.000	0.000
51	  T	  3.5	  0.6	0.000	0.000	0.000
52	  L	  3.4	  0.1	0.000	0.152	0.152
53	  T	  6.5	  0.1	0.000	0.152	0.152
54	  T	  4.0	  0.1	0.000	0.152	0.152
55	  S	  5.4	  0.1	0.000	0.152	0.152
56	  L	  2.9	  0.1	0.000	0.152	0.152
57	  T	  3.3	  0.1	0.000	0.000	0.000
58	  K	  2.1	  0.0	0.000	0.000	0.000
59	  L	  1.7	  0.1	0.000	0.000	0.000
60	  Q	  0.8	  0.1	0.000	0.000	0.000
61	  E	  0.2	  0.1	0.000	0.000	0.000
62	  Q	  2.8	  0.1	0.000	0.000	0.000
63	  I	  3.4	  0.0	0.000	0.000	0.000
64	  V	  3.5	  0.0	0.000	0.000	0.000
65	  P	  0.8	  0.0	0.000	0.000	0.000
66	  V	  4.1	  0.0	0.000	0.000	0.000
67	  T	  4.5	  0.1	0.000	0.000	0.000
68	  Q	  4.9	  0.1	0.000	0.000	0.000
69	  E	  1.4	  0.1	0.000	0.000	0.000
70	  F	  2.6	  0.1	0.000	0.000	0.000
71	  W	  2.8	  0.5	0.000	0.000	0.000
72	  E	  2.4	  0.5	0.000	0.000	0.000
73	  N	  5.3	  0.5	0.000	0.000	0.000
74	  V	  5.9	  0.5	0.000	0.000	0.000
75	  E	  5.9	  0.0	0.000	0.000	0.000
76	  K	  1.6	  0.1	0.000	0.000	0.000
77	  E	  0.4	  0.1	0.000	0.000	0.000
78	  T	  0.4	  0.3	1.632	0.000	0.000
79	  A	  0.2	  0.3	1.632	0.000	0.000
80	  G	  0.2	  0.2	2.112	0.000	0.000
81	  L	  0.1	  0.3	2.112	0.000	0.000
82	  R	  0.1	  0.1	2.112	0.000	0.000
83	  E	  0.1	  0.1	2.112	0.000	0.000
84	  A	  0.4	  0.1	2.112	0.000	0.000
85	  V	  0.8	  0.0	1.750	0.000	0.000
86	  N	  0.8	  1.0	2.030	0.000	0.000
87	  K	  0.5	  1.0	1.082	0.000	0.000
88	  D	  0.3	  1.0	5.009	0.000	0.000
89	  L	  0.3	  1.1	5.073	0.000	0.000
90	  E	  0.3	  0.1	5.346	0.000	0.000
91	  E	  1.5	  0.0	5.346	0.000	0.000
92	  V	  2.6	  0.1	5.210	0.000	0.000
93	  R	  2.9	  0.0	5.210	0.000	0.000
94	  R	  2.1	  0.0	4.591	0.000	0.000
95	  T	 19.6	  0.0	3.597	0.000	0.000
96	  V	 19.6	  0.0	3.323	0.000	0.000
97	  Q	 19.0	  0.0	3.186	0.000	0.000
98	  P	  0.4	  0.0	0.000	0.000	0.000
99	  Y	  1.2	  0.0	0.000	0.000	0.000
100	  V	  1.4	  0.1	0.000	0.000	0.000
101	  D	  1.4	  0.1	3.528	0.000	0.000
102	  E	  1.7	  0.1	4.480	0.000	0.000
103	  F	  3.5	  0.1	4.480	0.000	0.000
104	  Q	  3.6	  0.0	4.480	0.000	0.000
105	  K	  2.2	  0.0	4.480	0.000	0.000
106	  K	  2.8	  0.0	4.480	0.000	0.000
107	  W	  3.0	  0.0	3.971	0.000	0.000
108	  E	  2.9	  0.1	3.748	0.000	0.000
109	  E	  0.4	  0.1	3.077	0.000	0.000
110	  E	  2.2	  0.1	2.423	0.000	0.000
111	  V	  6.8	  0.1	2.228	0.000	0.000
112	  E	  7.0	  0.1	2.228	0.000	0.000
113	  L	  5.0	  0.1	2.058	0.000	0.000
114	  Y	  2.6	  0.1	2.058	0.000	0.000
115	  R	  2.6	  0.1	1.516	0.000	0.000
116	  Q	  3.1	  0.1	1.332	0.000	0.000
117	  K	  6.2	  0.1	0.302	0.000	0.000
118	  V	  6.4	  0.0	0.000	0.000	0.000
119	  A	  5.8	  0.0	0.000	0.000	0.000
120	  P	  0.5	  0.0	0.000	0.000	0.000
121	  L	  0.1	  0.0	0.000	0.000	0.000
122	  K	  0.3	  0.1	0.000	0.000	0.000
123	  E	  0.3	  0.1	0.000	0.000	0.000
124	  E	  1.8	  0.1	0.000	0.000	0.000
125	  F	  4.2	  0.1	0.000	0.000	0.000
126	  S	  5.8	  0.7	0.000	0.000	0.000
127	  Q	  4.4	  0.7	0.000	0.000	0.000
128	  S	  2.4	  0.7	0.000	0.000	0.000
129	  A	  0.7	  0.6	0.000	0.000	0.000
130	  H	  1.0	  0.1	0.000	0.000	0.000
131	  Q	  0.9	  0.1	0.000	0.000	0.000
132	  K	  1.4	  0.1	0.000	0.000	0.000
133	  L	  1.3	  0.1	0.000	0.000	0.000
134	  V	  6.0	  0.0	0.000	0.000	0.000
135	  E	  5.7	  0.0	0.000	0.000	0.000
136	  L	  5.5	  0.1	0.000	0.000	0.000
137	  Q	  0.6	  0.1	0.000	0.000	0.000
138	  E	  0.3	  0.1	0.000	0.000	0.000
139	  K	  9.8	  0.1	0.000	0.000	0.000
140	  V	 10.3	  0.0	0.000	0.000	0.000
141	  T	 10.2	  0.1	0.765	0.000	0.000
142	  P	  0.6	  0.1	0.765	0.000	0.000
143	  L	  0.1	  0.1	0.765	0.000	0.000
144	  A	  0.1	  0.5	0.926	0.000	0.000
145	  A	  0.2	  0.4	0.926	0.000	0.000
146	  D	  0.5	  0.4	2.519	0.000	0.000
147	  L	  0.7	  0.5	2.175	0.000	0.000
148	  R	  0.7	  0.2	2.175	0.000	0.000
149	  D	  0.2	  0.3	2.013	0.000	0.000
150	  R	  0.7	  0.3	2.013	0.000	0.000
151	  L	  0.8	  0.2	2.013	0.000	0.000
152	  R	  1.2	  0.1	1.610	0.000	0.000
153	  T	  2.5	  0.1	0.252	0.000	0.000
154	  H	  3.8	  0.1	0.252	0.000	0.000
155	  V	  4.4	  0.1	0.000	0.000	0.000
156	  D	  2.5	  0.1	0.152	0.000	0.000
157	  T	  3.5	  0.1	0.152	0.000	0.000
158	  L	  2.8	  0.1	0.152	0.000	0.000
159	  R	  3.0	  0.1	0.152	0.000	0.000
160	  T	  1.4	  0.1	0.152	0.000	0.000
161	  Q	  1.8	  0.1	0.152	0.000	0.000
162	  V	  2.0	  0.0	0.000	0.000	0.000
163	  A	  1.1	  0.1	0.000	0.000	0.000
164	  P	  0.5	  0.1	0.000	0.000	0.000
165	  Y	  0.7	  0.3	0.000	0.000	0.000
166	  S	  0.7	  0.6	3.421	0.000	0.000
167	  E	  0.7	  0.5	3.421	0.000	0.000
168	  G	  0.0	  0.5	5.262	0.000	0.000
169	  L	  0.4	  0.4	5.262	0.000	0.000
170	  R	  0.9	  0.1	5.262	0.000	0.000
171	  Q	  1.1	  0.1	5.262	0.000	0.000
172	  R	  0.9	  0.1	5.262	0.000	0.000
173	  L	  0.5	  0.1	3.945	0.000	0.000
174	  A	  0.7	  0.0	3.152	0.000	0.000
175	  T	  3.8	  0.0	1.795	0.000	0.000
176	  H	  7.2	  0.0	1.795	0.000	0.000
177	  F	  9.3	  0.1	0.739	0.000	0.000
178	  Q	  6.3	  0.0	0.000	0.000	0.000
179	  A	  3.0	  0.0	0.000	0.000	0.000
180	  L	  0.6	  0.2	0.000	0.000	0.000
181	  K	  0.4	  0.3	0.000	0.000	0.000
182	  D	  0.2	  0.3	0.000	0.000	0.000
183	  S	  0.4	  0.3	0.162	0.000	0.000
184	  A	  1.0	  0.1	0.162	0.000	0.000
185	  I	  2.5	  0.0	0.162	0.000	0.000
186	  L	  2.2	  0.1	0.162	0.000	0.000
187	  S	  1.6	  0.1	0.162	0.000	0.000
188	  E	  4.0	  0.1	0.162	0.000	0.000
189	  Y	  4.8	  0.1	0.000	0.000	0.000
190	  H	  5.8	  0.0	0.000	0.000	0.000
191	  T	  2.5	  0.1	0.134	0.000	0.000
192	  K	  2.2	  0.1	0.134	0.000	0.000
193	  A	  1.2	  0.1	0.134	0.000	0.000
194	  T	  0.8	  0.1	0.134	0.000	0.000
195	  E	  0.2	  0.1	0.134	0.000	0.000
196	  H	  0.7	  0.1	0.134	0.000	0.000
197	  L	  0.8	  0.1	0.000	0.216	0.216
198	  T	  3.9	  0.0	0.000	0.216	0.216
199	  T	 33.6	  0.0	0.198	0.216	0.216
200	  F	 33.8	  0.1	0.198	0.216	0.216
201	  S	 31.0	  0.1	0.198	0.216	0.216
202	  E	  0.9	  0.1	0.198	0.000	0.000
203	  K	  0.6	  0.1	0.198	0.000	0.000
204	  A	  0.6	  0.1	0.198	0.000	0.000
205	  K	  0.5	  0.0	0.198	0.000	0.000
206	  P	  0.0	  0.0	0.000	0.000	0.000
207	  A	  0.1	  0.0	0.000	0.000	0.000
208	  L	  0.2	  0.6	0.000	0.000	0.000
209	  E	  0.2	  0.6	0.000	0.000	0.000
210	  D	  1.5	  0.6	0.000	0.000	0.000
211	  F	  3.9	  0.8	0.000	0.000	0.000
212	  R	  3.9	  0.3	0.000	0.000	0.000
213	  Q	  2.6	  0.3	0.000	0.000	0.000
214	  G	  0.1	  0.3	0.000	0.000	0.000
215	  L	  0.2	  0.1	0.000	0.000	0.000
216	  I	  0.2	  0.0	0.000	0.000	0.000
217	  P	  0.2	  0.0	1.946	0.000	0.000
218	  V	  1.9	  0.0	2.311	0.000	0.000
219	  M	  2.1	  0.0	2.847	0.000	0.000
220	  E	  2.1	  0.0	3.504	0.000	0.000
221	  A	  0.5	  0.0	3.504	0.000	0.000
222	  L	  0.6	  0.0	3.504	0.000	0.000
223	  K	  0.8	  0.2	3.334	0.000	0.000
224	  A	  1.2	  0.2	2.569	0.000	0.000
225	  S	  4.3	  0.2	1.976	0.000	0.000
226	  F	  4.6	  0.2	0.393	0.000	0.000
227	  Q	  4.0	  0.1	0.000	0.000	0.000
228	  T	  1.5	  0.1	0.578	0.000	0.000
229	  A	  1.3	  0.1	0.578	0.000	0.000
230	  V	  1.9	  0.0	0.747	0.000	0.000
231	  E	  1.0	  0.1	1.498	0.000	0.000
232	  E	  0.9	  0.1	1.643	0.000	0.000
233	  A	  0.5	  0.1	1.643	0.000	0.000
234	  S	  0.6	  0.2	1.643	0.000	0.000
235	  K	  0.5	  0.2	1.470	0.000	0.000
236	  K	  0.9	  0.2	1.287	0.000	0.000
237	  L	  1.1	  0.1	0.560	0.000	0.000
238	  Q	  1.1	  0.0	0.386	0.000	0.000
239	  S	  0.4	  0.0	0.000	0.000	0.000
