res	aa	Beta	Turn	Helix	Aggregation	Conc-Stab_Aggregation
01	  D	  0.0	  0.0	0.000	0.000	0.000
02	  E	  0.0	  0.0	0.000	0.000	0.000
03	  P	  0.0	  0.0	0.000	0.000	0.000
04	  Q	  0.0	  0.0	0.000	0.000	0.000
05	  S	  0.0	  0.3	0.173	0.000	0.000
06	  P	  0.0	  0.3	0.173	0.000	0.000
07	  W	  0.2	  0.3	0.173	0.000	0.000
08	  D	  0.3	  0.3	0.173	0.000	0.000
09	  R	  1.9	  0.1	0.173	0.000	0.000
10	  V	  3.3	  0.2	0.173	0.409	0.409
11	  K	  3.3	  0.1	0.173	0.497	0.497
12	  D	  1.7	  0.1	2.102	0.497	0.497
13	  L	  0.1	  0.1	2.102	42.959	42.959
14	  A	  0.7	  0.0	2.102	44.296	44.296
15	  T	  6.3	  0.0	2.102	44.740	44.740
16	  V	 11.6	  0.0	2.102	45.501	45.501
17	  Y	 12.2	  0.1	2.102	45.501	45.501
18	  V	 14.7	  0.1	0.498	42.422	42.422
19	  D	 10.2	  0.1	0.498	5.926	5.926
20	  V	 11.5	  0.1	0.250	5.926	5.926
21	  V	  5.3	  0.3	0.250	5.926	5.926
22	  K	  4.1	  0.4	0.250	5.926	5.926
23	  D	  1.5	  2.3	0.000	0.000	0.000
24	  G	  0.0	  2.5	0.000	0.000	0.000
25	  G	  0.0	  2.4	0.000	0.000	0.000
26	  R	  0.3	  2.3	0.000	0.000	0.000
27	  D	  0.7	  0.5	0.000	0.000	0.000
28	  Y	  3.3	  0.3	0.000	0.779	0.779
29	  V	  4.6	  0.0	0.000	0.779	0.779
30	  A	  4.5	  0.0	0.000	0.779	0.779
31	  Q	  9.0	  0.0	0.000	0.779	0.779
32	  F	  9.8	  0.0	0.134	0.779	0.779
33	  E	  9.6	  0.0	0.382	0.000	0.000
34	  A	  2.8	  0.1	0.382	0.000	0.000
35	  S	  0.5	  0.3	1.069	0.000	0.000
36	  A	  0.4	  0.4	1.069	0.000	0.000
37	  L	  0.2	  0.5	1.069	0.000	0.000
38	  G	  0.1	  0.5	1.069	0.000	0.000
39	  K	  0.2	  0.3	0.935	0.000	0.000
40	  Q	  1.1	  0.2	0.686	0.000	0.000
41	  L	  2.8	  0.1	0.446	0.000	0.000
42	  N	  3.0	  0.0	1.267	0.000	0.000
43	  L	  3.6	  0.0	1.114	0.000	0.000
44	  K	  2.2	  0.0	0.977	0.000	0.000
45	  L	  2.2	  0.0	0.821	0.000	0.000
46	  L	  0.8	  0.3	0.821	0.000	0.000
47	  D	  0.6	  0.3	0.821	0.000	0.000
48	  N	  0.8	  0.9	0.357	0.000	0.000
49	  W	  1.2	  1.0	0.000	0.000	0.000
50	  D	  1.2	  0.9	0.000	0.000	0.000
51	  S	  5.9	  1.1	0.000	0.000	0.000
52	  L	  5.6	  0.6	0.000	0.000	0.000
53	  S	  5.9	  0.5	0.000	0.000	0.000
54	  S	  1.1	  0.4	0.647	0.000	0.000
55	  T	 11.6	  0.1	0.647	0.000	0.000
56	  V	 13.1	  0.1	0.647	0.000	0.000
57	  T	 13.6	  0.0	1.056	0.000	0.000
58	  K	  3.6	  0.0	1.056	0.000	0.000
59	  L	  1.7	  0.1	1.056	0.000	0.000
60	  R	  0.8	  0.1	0.853	0.000	0.000
61	  E	  0.1	  0.1	0.726	0.000	0.000
62	  Q	  0.2	  0.1	0.600	0.000	0.000
63	  I	  0.1	  0.1	0.121	0.000	0.000
64	  G	  0.1	  0.0	0.121	0.000	0.000
65	  P	  0.0	  0.0	0.000	0.000	0.000
66	  V	  4.1	  0.0	0.000	0.000	0.000
67	  T	  4.6	  0.1	0.000	0.000	0.000
68	  Q	  5.0	  0.1	0.000	0.000	0.000
69	  E	  1.4	  0.1	0.000	0.000	0.000
70	  F	  2.1	  0.1	0.000	0.000	0.000
71	  W	  2.0	  0.4	0.000	0.000	0.000
72	  D	  1.5	  0.5	0.156	0.000	0.000
73	  N	  0.8	  0.5	0.405	0.000	0.000
74	  L	  0.6	  0.4	0.405	0.000	0.000
75	  E	  0.8	  0.1	0.564	0.000	0.000
76	  K	  0.5	  0.1	1.190	0.000	0.000
77	  E	  0.4	  0.1	1.462	0.000	0.000
78	  T	  0.3	  0.1	9.327	0.000	0.000
79	  E	  0.1	  0.1	9.458	0.000	0.000
80	  A	  0.4	  0.0	9.458	0.000	0.000
81	  L	  0.6	  0.1	9.458	0.000	0.000
82	  R	  0.9	  0.1	9.458	0.000	0.000
83	  Q	  0.7	  0.1	9.264	0.000	0.000
84	  E	  0.8	  0.1	3.635	0.000	0.000
85	  M	  0.9	  0.1	1.909	0.000	0.000
86	  S	  1.3	  1.4	1.489	0.000	0.000
87	  K	  0.9	  1.4	0.974	0.000	0.000
88	  D	  0.8	  1.4	4.845	0.000	0.000
89	  L	  0.3	  1.4	4.979	0.000	0.000
90	  E	  0.3	  0.1	5.276	0.000	0.000
91	  E	 13.4	  0.0	5.421	0.000	0.000
92	  V	 15.3	  0.1	5.292	0.000	0.000
93	  K	 15.5	  0.0	5.292	0.000	0.000
94	  Q	  3.0	  0.0	4.227	0.000	0.000
95	  K	  3.6	  0.0	3.389	0.000	0.000
96	  V	  3.7	  0.0	1.363	0.000	0.000
97	  Q	  3.2	  0.0	1.363	0.000	0.000
98	  P	  0.4	  0.0	0.000	0.000	0.000
99	  Y	  1.0	  0.1	0.000	0.000	0.000
100	  L	  1.0	  0.2	0.000	0.000	0.000
101	  D	  1.0	  0.2	4.957	0.000	0.000
102	  E	  1.6	  0.2	5.116	0.000	0.000
103	  F	  3.6	  0.1	5.116	0.000	0.000
104	  Q	  3.7	  0.0	5.116	0.000	0.000
105	  K	  2.3	  0.0	5.116	0.000	0.000
106	  K	  0.7	  0.0	5.116	0.000	0.000
107	  W	  1.2	  0.0	3.988	0.000	0.000
108	  H	  1.2	  0.1	3.404	0.000	0.000
109	  E	  0.8	  0.1	2.095	0.000	0.000
110	  E	  2.4	  0.1	1.876	0.000	0.000
111	  V	  6.9	  0.2	1.930	0.000	0.000
112	  E	  7.1	  0.1	1.930	0.000	0.000
113	  L	  5.0	  0.1	1.741	0.000	0.000
114	  Y	  2.6	  0.1	1.741	0.000	0.000
115	  R	  2.6	  0.1	1.310	0.000	0.000
116	  Q	  3.1	  0.1	1.132	0.000	0.000
117	  K	  6.2	  0.1	0.287	0.000	0.000
118	  V	  6.4	  0.0	0.000	0.000	0.000
119	  A	  5.8	  0.4	0.000	0.000	0.000
120	  P	  0.5	  0.4	0.000	0.000	0.000
121	  L	  0.0	  0.5	0.000	0.000	0.000
122	  G	  0.0	  0.5	1.004	0.000	0.000
123	  A	  0.1	  0.1	1.004	0.000	0.000
124	  E	  0.4	  0.1	1.004	0.000	0.000
125	  L	  0.4	  0.2	1.004	0.000	0.000
126	  R	  0.3	  0.5	1.396	0.000	0.000
127	  E	  0.1	  0.7	1.396	0.000	0.000
128	  G	  0.0	  0.7	3.515	0.000	0.000
129	  A	  0.2	  0.6	3.204	0.000	0.000
130	  R	  0.5	  0.3	3.058	0.000	0.000
131	  Q	  0.9	  0.1	2.915	0.000	0.000
132	  K	  1.3	  0.1	2.915	0.000	0.000
133	  L	  1.0	  0.1	2.523	0.000	0.000
134	  Q	  0.8	  0.1	2.244	0.000	0.000
135	  E	  0.5	  0.1	1.872	0.000	0.000
136	  L	  0.5	  0.1	1.607	0.000	0.000
137	  Q	  0.6	  0.1	1.401	0.000	0.000
138	  E	  0.3	  0.1	0.948	0.000	0.000
139	  K	  3.8	  0.1	0.692	0.000	0.000
140	  L	  3.8	  0.1	0.369	0.000	0.000
141	  T	  3.7	  0.4	0.184	0.000	0.000
142	  P	  0.2	  0.4	0.000	0.000	0.000
143	  L	  0.0	  0.5	0.000	0.000	0.000
144	  G	  0.0	  0.6	2.949	0.000	0.000
145	  E	  0.0	  0.2	3.204	0.000	0.000
146	  E	  0.3	  0.2	3.622	0.000	0.000
147	  L	  0.5	  0.3	3.622	0.000	0.000
148	  R	  0.5	  0.2	3.622	0.000	0.000
149	  D	  0.2	  0.3	3.622	0.000	0.000
150	  R	  0.2	  0.3	3.171	0.000	0.000
151	  A	  0.2	  0.1	2.827	0.000	0.000
152	  R	  0.6	  0.1	2.084	0.000	0.000
153	  T	  2.3	  0.1	0.399	0.000	0.000
154	  H	  3.7	  0.1	0.537	0.000	0.000
155	  V	  4.0	  0.0	0.730	0.000	0.000
156	  D	  2.1	  0.1	5.010	0.000	0.000
157	  A	  0.9	  0.1	5.010	0.000	0.000
158	  L	  0.8	  0.2	5.010	0.000	0.000
159	  R	  0.9	  0.2	5.010	0.000	0.000
160	  A	  0.9	  0.0	5.010	0.000	0.000
161	  Q	  0.8	  0.0	5.010	0.000	0.000
162	  L	  0.7	  0.0	1.760	0.000	0.000
163	  A	  0.4	  0.2	1.251	0.000	0.000
164	  P	  0.0	  0.1	0.000	0.000	0.000
165	  Y	  0.3	  0.3	0.000	0.000	0.000
166	  S	  0.3	  0.4	7.874	0.000	0.000
167	  D	  0.3	  0.3	13.184	0.000	0.000
168	  Q	  0.8	  0.3	14.227	0.000	0.000
169	  L	  0.9	  0.2	14.367	0.000	0.000
170	  R	  0.9	  0.2	14.546	0.000	0.000
171	  E	  0.2	  0.1	14.546	0.000	0.000
172	  R	  0.2	  0.1	13.792	0.000	0.000
173	  L	  0.3	  0.1	12.693	0.000	0.000
174	  A	  0.4	  0.1	12.135	0.000	0.000
175	  S	  0.4	  0.1	10.720	0.000	0.000
176	  R	  0.7	  0.1	7.083	0.000	0.000
177	  L	  0.9	  0.1	5.422	0.000	0.000
178	  Q	  1.0	  0.1	5.029	0.000	0.000
179	  A	  0.8	  0.0	3.709	0.000	0.000
180	  L	  0.5	  0.1	3.278	0.000	0.000
181	  K	  0.3	  0.3	2.714	0.000	0.000
182	  E	  0.1	  0.6	1.226	0.000	0.000
183	  G	  0.0	  0.9	0.662	0.000	0.000
184	  G	  0.1	  0.8	0.127	0.000	0.000
185	  S	  3.6	  1.5	0.306	0.000	0.000
186	  A	  4.1	  1.2	0.306	0.000	0.000
187	  S	  4.1	  1.0	1.082	0.000	0.000
188	  L	  0.7	  1.1	1.082	0.000	0.000
189	  A	  0.3	  0.2	1.082	0.000	0.000
190	  E	  4.1	  0.1	1.082	0.000	0.000
191	  Y	  5.9	  0.2	0.951	0.000	0.000
192	  H	  6.1	  0.2	0.776	0.000	0.000
193	  A	  2.3	  0.2	0.483	0.000	0.000
194	  K	  0.5	  0.2	0.483	0.000	0.000
195	  A	  0.3	  0.2	0.169	0.000	0.000
196	  S	  0.3	  0.2	0.169	0.000	0.000
197	  E	  0.2	  0.2	0.000	0.000	0.000
198	  H	  1.0	  0.2	0.000	0.000	0.000
199	  L	  1.7	  0.1	0.000	0.000	0.000
200	  S	  1.8	  0.0	0.193	0.000	0.000
201	  A	  1.2	  0.0	0.193	0.000	0.000
202	  L	  0.5	  0.1	0.193	0.000	0.000
203	  S	  0.4	  0.2	0.193	0.000	0.000
204	  E	  0.2	  0.2	0.193	0.000	0.000
205	  K	  0.8	  0.2	0.193	0.000	0.000
206	  A	  0.8	  0.1	0.000	0.000	0.000
207	  K	  0.7	  0.0	0.000	0.000	0.000
208	  P	  0.0	  0.0	0.000	0.000	0.000
209	  A	  0.1	  0.0	0.000	0.000	0.000
210	  L	  0.2	  0.3	0.000	0.000	0.000
211	  E	  0.2	  0.3	0.000	0.000	0.000
212	  D	  0.5	  0.3	0.000	0.000	0.000
213	  L	  0.8	  0.4	0.000	0.000	0.000
214	  R	  0.8	  0.3	0.000	0.000	0.000
215	  Q	  0.4	  0.3	0.000	0.000	0.000
216	  G	  0.1	  0.3	0.000	0.000	0.000
217	  L	  0.1	  0.1	0.000	0.000	0.000
218	  L	  0.1	  0.0	0.000	0.000	0.000
219	  P	  0.1	  0.0	0.000	0.000	0.000
220	  V	  1.6	  0.0	0.000	0.623	0.623
221	  L	  1.7	  0.3	0.000	0.623	0.623
222	  E	  1.9	  0.3	0.000	0.623	0.623
223	  S	  2.0	  0.3	0.000	0.623	0.623
224	  F	  4.6	  0.3	0.000	0.623	0.623
225	  K	  5.7	  0.0	0.000	0.623	0.623
226	  V	  8.9	  0.0	0.000	15.491	15.491
227	  S	  6.4	  0.0	0.661	16.758	16.758
228	  L	  5.4	  0.0	0.661	18.224	18.224
229	  L	  0.6	  0.0	0.661	18.224	18.224
230	  A	  0.5	  0.0	0.661	18.019	18.019
231	  A	  0.5	  0.0	0.661	17.269	17.269
232	  V	  0.6	  0.0	1.159	14.520	14.520
233	  D	  0.5	  0.1	14.445	0.000	0.000
234	  E	  0.2	  0.1	15.128	0.000	0.000
235	  A	  0.1	  0.1	15.128	0.000	0.000
236	  A	  0.2	  0.1	15.128	0.000	0.000
237	  K	  0.2	  0.1	15.128	0.000	0.000
238	  K	  0.9	  0.1	14.840	0.000	0.000
239	  L	  1.2	  0.1	9.535	0.000	0.000
240	  N	  1.1	  0.0	6.150	0.000	0.000
241	  A	  0.4	  0.0	3.588	0.000	0.000
242	  Q	  0.0	  0.0	0.847	0.000	0.000
