res	aa	Beta	Turn	Helix	Aggregation	Conc-Stab_Aggregation
01	  D	  0.0	  0.8	0.000	0.000	0.000
02	  D	  0.1	  1.0	0.000	0.000	0.000
03	  S	  1.9	  1.5	0.000	0.000	0.000
04	  Q	  2.2	  1.6	0.000	0.000	0.000
05	  S	  2.3	  0.8	0.000	0.000	0.000
06	  Q	  1.3	  0.6	0.000	0.000	0.000
07	  L	  1.1	  0.1	0.000	0.000	0.000
08	  D	  1.1	  0.1	0.365	0.000	0.000
09	  Q	  1.4	  0.0	0.365	0.000	0.000
10	  V	  2.8	  0.2	0.365	0.101	0.101
11	  K	  2.8	  0.1	0.365	0.101	0.101
12	  D	  1.8	  0.1	1.279	0.101	0.101
13	  L	  1.2	  0.1	1.279	54.850	54.850
14	  V	  5.1	  0.0	1.279	56.552	56.552
15	  A	  5.1	  0.0	1.279	56.552	56.552
16	  M	  5.0	  0.0	1.279	56.552	56.552
17	  Y	  2.6	  0.0	1.137	56.552	56.552
18	  V	  3.3	  0.1	0.469	52.116	52.116
19	  D	  2.4	  0.1	0.648	0.154	0.154
20	  T	  4.3	  0.1	0.452	0.154	0.154
21	  L	  3.4	  0.2	0.452	0.154	0.154
22	  K	  3.4	  0.4	0.452	0.154	0.154
23	  E	  0.1	  1.7	0.178	0.000	0.000
24	  G	  0.0	  1.8	0.178	0.000	0.000
25	  G	  0.0	  1.7	0.000	0.000	0.000
26	  R	  0.2	  1.5	0.000	0.000	0.000
27	  E	  0.3	  0.2	0.000	0.000	0.000
28	  Y	  1.6	  0.1	0.000	0.865	0.865
29	  M	  1.8	  0.0	0.000	0.865	0.865
30	  V	  6.0	  0.0	0.000	0.865	0.865
31	  Q	  7.4	  0.0	0.000	0.865	0.865
32	  I	  8.0	  0.0	0.000	0.865	0.865
33	  E	  4.1	  0.0	0.518	0.000	0.000
34	  A	  1.1	  0.2	0.518	0.000	0.000
35	  S	  0.2	  0.3	5.169	0.000	0.000
36	  D	  0.0	  0.3	9.127	0.000	0.000
37	  L	  0.1	  0.3	9.127	0.000	0.000
38	  A	  0.1	  0.1	9.127	0.000	0.000
39	  K	  0.2	  0.0	9.127	0.000	0.000
40	  K	  1.0	  0.0	8.913	0.000	0.000
41	  M	  2.9	  0.1	6.911	0.000	0.000
42	  N	  3.1	  0.0	6.238	0.000	0.000
43	  L	  3.6	  0.0	4.842	0.000	0.000
44	  K	  2.0	  0.0	4.126	0.000	0.000
45	  L	  2.1	  0.0	1.768	0.000	0.000
46	  L	  0.8	  0.1	1.443	0.000	0.000
47	  D	  0.5	  0.2	1.293	0.000	0.000
48	  K	  0.8	  0.3	0.639	0.000	0.000
49	  L	  0.9	  0.3	0.145	0.000	0.000
50	  D	  0.9	  0.3	0.145	0.000	0.000
51	  T	  5.9	  0.2	0.000	0.000	0.000
52	  L	  5.9	  0.1	0.000	0.000	0.000
53	  S	  6.2	  0.1	0.000	0.000	0.000
54	  T	  1.5	  0.1	0.000	0.000	0.000
55	  K	  6.6	  0.1	0.000	0.000	0.000
56	  I	  8.9	  0.0	0.000	0.000	0.000
57	  T	  8.6	  0.1	0.000	0.000	0.000
58	  S	  5.2	  0.1	0.546	0.000	0.000
59	  L	  2.6	  0.1	0.546	0.000	0.000
60	  R	  2.1	  0.1	0.546	0.000	0.000
61	  E	  0.1	  0.1	0.546	0.000	0.000
62	  Q	  1.5	  0.1	0.546	0.000	0.000
63	  L	  1.6	  0.1	0.546	0.000	0.000
64	  S	  1.6	  0.0	0.545	0.000	0.000
65	  P	  0.1	  0.0	0.175	0.000	0.000
66	  V	  4.1	  0.0	0.175	0.000	0.000
67	  T	  4.6	  0.1	0.389	0.000	0.000
68	  Q	  4.7	  0.1	0.389	0.000	0.000
69	  E	  0.8	  0.1	0.389	0.000	0.000
70	  L	  0.5	  0.0	0.214	0.000	0.000
71	  W	  1.1	  0.2	0.214	0.000	0.000
72	  D	  0.9	  0.3	0.455	0.000	0.000
73	  S	  1.9	  0.3	0.242	0.000	0.000
74	  L	  1.4	  0.3	0.242	0.000	0.000
75	  E	  1.5	  0.2	0.242	0.000	0.000
76	  K	  0.5	  0.1	0.242	0.000	0.000
77	  E	  0.4	  0.1	0.242	0.000	0.000
78	  T	  1.3	  0.1	0.000	0.984	0.984
79	  A	  2.0	  0.1	0.000	0.984	0.984
80	  V	  3.8	  0.0	0.000	0.984	0.984
81	  L	  3.2	  0.0	0.000	0.984	0.984
82	  T	  2.8	  0.1	0.000	0.984	0.984
83	  Q	  1.0	  0.1	0.000	0.000	0.000
84	  E	  1.7	  0.1	0.000	0.000	0.000
85	  M	  1.4	  0.1	0.000	0.000	0.000
86	  N	  1.3	  1.0	1.695	0.000	0.000
87	  K	  0.3	  1.1	1.835	0.000	0.000
88	  D	  0.3	  1.1	5.759	0.000	0.000
89	  L	  1.0	  1.1	5.922	0.000	0.000
90	  E	  1.0	  0.1	6.166	0.000	0.000
91	  L	  1.0	  0.0	6.483	0.000	0.000
92	  L	  0.4	  0.1	6.325	0.000	0.000
93	  K	  0.6	  0.1	6.325	0.000	0.000
94	  E	  0.4	  0.1	4.658	0.000	0.000
95	  K	  3.0	  0.1	3.457	0.000	0.000
96	  M	  2.8	  0.0	1.943	0.000	0.000
97	  K	  2.7	  0.0	0.997	0.000	0.000
98	  P	  0.1	  0.0	0.000	0.000	0.000
99	  Y	  1.0	  0.1	0.000	0.000	0.000
100	  L	  1.1	  0.2	0.000	0.000	0.000
101	  D	  1.1	  0.3	0.776	0.000	0.000
102	  D	  2.1	  0.3	1.396	0.000	0.000
103	  V	  4.5	  0.1	1.396	0.000	0.000
104	  R	  4.8	  0.1	1.396	0.000	0.000
105	  Q	  3.3	  0.1	1.396	0.000	0.000
106	  K	  5.3	  0.1	1.396	0.000	0.000
107	  M	  5.1	  0.0	1.057	0.000	0.000
108	  E	  4.7	  0.2	0.466	0.000	0.000
109	  P	  0.1	  0.4	0.000	0.000	0.000
110	  L	  0.0	  0.4	0.000	0.000	0.000
111	  G	  0.0	  0.5	0.000	0.000	0.000
112	  Q	  0.1	  0.3	0.000	0.000	0.000
113	  E	  1.4	  0.1	0.000	0.000	0.000
114	  L	  1.4	  0.1	0.000	0.000	0.000
115	  H	  1.4	  0.8	0.283	0.000	0.000
116	  E	  0.1	  0.9	0.709	0.000	0.000
117	  G	  0.0	  0.9	10.402	0.000	0.000
118	  A	  0.0	  0.9	11.408	0.000	0.000
119	  Q	  0.1	  0.2	11.952	0.000	0.000
120	  E	  0.2	  0.1	12.769	0.000	0.000
121	  R	  0.6	  0.1	12.769	0.000	0.000
122	  L	  0.6	  0.1	12.769	0.000	0.000
123	  Q	  0.9	  0.1	12.489	0.000	0.000
124	  R	  0.7	  0.1	12.128	0.000	0.000
125	  L	  0.7	  0.1	11.561	0.000	0.000
126	  K	  0.7	  0.1	10.701	0.000	0.000
127	  E	  0.4	  0.2	8.091	0.000	0.000
128	  K	  0.5	  0.2	6.654	0.000	0.000
129	  L	  0.2	  0.2	4.262	0.000	0.000
130	  G	  0.1	  0.6	3.702	0.000	0.000
131	  P	  0.0	  0.6	0.000	0.000	0.000
132	  L	  0.0	  0.6	0.000	0.000	0.000
133	  G	  0.0	  0.7	0.878	0.000	0.000
134	  E	  0.0	  0.1	0.878	0.000	0.000
135	  Q	  0.6	  0.1	0.878	0.000	0.000
136	  V	  1.5	  0.2	0.878	0.000	0.000
137	  R	  1.5	  0.1	0.878	0.000	0.000
138	  D	  1.0	  0.2	0.878	0.000	0.000
139	  R	  0.2	  0.2	0.724	0.000	0.000
140	  A	  0.2	  0.1	0.500	0.000	0.000
141	  R	  0.6	  0.1	0.338	0.000	0.000
142	  T	  2.4	  0.1	0.284	0.000	0.000
143	  H	  4.6	  0.1	0.536	0.000	0.000
144	  V	  6.0	  0.0	0.924	0.000	0.000
145	  E	  4.1	  0.0	0.924	0.000	0.000
146	  A	  2.1	  0.0	0.924	0.000	0.000
147	  L	  0.6	  0.0	0.924	0.000	0.000
148	  R	  1.2	  0.0	0.924	0.000	0.000
149	  Q	  1.5	  0.0	0.924	0.000	0.000
150	  V	  5.1	  0.0	0.000	0.000	0.000
151	  L	  4.5	  0.0	0.000	0.000	0.000
152	  E	  3.9	  0.0	0.000	0.000	0.000
153	  P	  0.1	  0.0	0.000	0.000	0.000
154	  Y	  0.3	  0.2	0.000	0.000	0.000
155	  S	  0.2	  0.3	8.078	0.000	0.000
156	  D	  0.3	  0.3	15.625	0.000	0.000
157	  K	  1.6	  0.3	16.766	0.000	0.000
158	  V	  2.0	  0.1	17.403	0.000	0.000
159	  R	  2.0	  0.1	17.546	0.000	0.000
160	  E	  0.5	  0.1	18.788	0.000	0.000
161	  R	  0.2	  0.1	21.525	0.000	0.000
162	  L	  0.2	  0.1	21.464	0.000	0.000
163	  A	  0.2	  0.1	21.302	0.000	0.000
164	  E	  0.1	  0.1	21.803	0.000	0.000
165	  R	  0.5	  0.1	20.679	0.000	0.000
166	  L	  0.8	  0.1	19.644	0.000	0.000
167	  Q	  0.9	  0.0	19.132	0.000	0.000
168	  A	  0.7	  0.0	17.039	0.000	0.000
169	  L	  0.6	  0.1	16.249	0.000	0.000
170	  R	  0.4	  0.2	14.872	0.000	0.000
171	  D	  0.2	  0.5	11.611	0.000	0.000
172	  R	  0.0	  1.4	6.114	0.000	0.000
173	  G	  0.0	  1.3	3.077	0.000	0.000
174	  G	  0.0	  1.2	0.968	0.000	0.000
175	  V	  0.3	  1.0	0.000	0.000	0.000
176	  G	  0.4	  0.1	0.240	0.000	0.000
177	  L	  0.4	  0.1	0.240	0.000	0.000
178	  S	  0.1	  0.2	0.606	0.000	0.000
179	  E	  0.3	  0.1	0.606	0.000	0.000
180	  L	  0.5	  0.3	0.606	0.000	0.000
181	  R	  0.5	  0.3	0.606	0.000	0.000
182	  D	  0.2	  0.4	0.365	0.000	0.000
183	  K	  0.1	  0.7	0.365	0.000	0.000
184	  A	  0.1	  0.7	0.178	0.000	0.000
185	  G	  0.1	  0.6	1.649	0.000	0.000
186	  A	  0.3	  0.4	1.470	0.000	0.000
187	  R	  1.0	  0.2	1.620	0.000	0.000
188	  L	  1.0	  0.1	1.620	0.000	0.000
189	  R	  0.8	  0.1	1.620	0.000	0.000
190	  E	  0.4	  0.1	1.620	0.000	0.000
191	  L	  0.4	  0.1	1.311	0.000	0.000
192	  R	  0.4	  0.1	1.097	0.000	0.000
193	  E	  0.1	  0.1	0.823	0.000	0.000
194	  Q	  0.6	  0.1	0.640	0.000	0.000
195	  A	  0.6	  0.1	0.204	0.000	0.000
196	  Q	  0.6	  0.0	0.204	0.000	0.000
197	  P	  0.0	  0.0	0.000	0.000	0.000
198	  V	  1.6	  0.0	0.000	0.000	0.000
199	  L	  1.7	  0.3	0.000	0.000	0.000
200	  E	  1.7	  0.3	0.000	0.000	0.000
201	  D	  0.5	  0.3	0.161	0.000	0.000
202	  L	  1.1	  0.5	0.161	0.000	0.000
203	  R	  1.2	  0.3	0.161	0.000	0.000
204	  S	  0.8	  0.4	0.161	0.000	0.000
205	  G	  0.2	  0.4	0.161	0.000	0.000
206	  L	  0.2	  0.2	0.161	0.000	0.000
207	  Q	  0.2	  0.1	0.161	0.000	0.000
208	  P	  0.1	  0.0	0.000	0.000	0.000
209	  L	  0.1	  0.0	0.000	0.489	0.489
210	  W	  1.0	  0.3	0.421	0.489	0.489
211	  E	  1.0	  0.3	0.421	0.489	0.489
212	  S	  1.5	  0.3	0.421	0.489	0.489
213	  L	  2.6	  0.3	0.421	0.489	0.489
214	  K	  3.1	  0.0	0.421	0.489	0.489
215	  V	  2.6	  0.0	0.421	12.728	12.728
216	  G	  0.7	  0.0	0.421	13.208	13.208
217	  F	  1.1	  0.0	0.000	27.341	27.341
218	  L	  1.0	  0.0	0.000	27.341	27.341
219	  L	  1.1	  0.0	0.000	27.341	27.341
220	  G	  0.2	  0.3	0.000	21.763	21.763
221	  V	  0.2	  0.3	0.000	21.284	21.284
222	  G	  0.2	  0.4	0.000	2.170	2.170
223	  Q	  1.0	  0.3	0.000	0.518	0.518
224	  L	  0.9	  0.1	0.000	0.518	0.518
225	  S	  1.0	  0.1	0.000	0.000	0.000
226	  E	  0.1	  0.0	0.000	0.000	0.000
227	  E	  0.1	  0.2	0.000	0.000	0.000
228	  P	  0.0	  0.3	0.000	0.000	0.000
229	  T	  0.5	  0.3	0.000	0.000	0.000
230	  D	  0.5	  0.3	0.000	0.000	0.000
231	  Q	  0.5	  0.1	0.000	0.000	0.000
