res	aa	Beta	Turn	Helix	Aggregation	Conc-Stab_Aggregation
01	  D	  0.0	  0.0	0.000	0.000	0.000
02	  E	  0.0	  0.0	0.000	0.000	0.000
03	  P	  0.0	  0.1	0.000	0.000	0.000
04	  Q	  0.1	  0.1	0.000	0.000	0.000
05	  S	  0.4	  0.1	0.000	0.000	0.000
06	  S	  6.2	  0.6	0.000	0.000	0.000
07	  W	  6.2	  0.5	0.000	0.000	0.000
08	  D	  6.0	  0.5	0.000	0.000	0.000
09	  R	  1.9	  0.5	0.000	0.000	0.000
10	  V	  3.1	  0.2	0.000	0.433	0.433
11	  K	  3.2	  0.1	0.000	0.525	0.525
12	  D	  1.6	  0.1	2.466	0.525	0.525
13	  L	  0.1	  0.1	2.466	41.047	41.047
14	  A	  0.8	  0.0	2.466	42.298	42.298
15	  T	  6.9	  0.0	2.466	42.298	42.298
16	  V	 12.8	  0.0	2.466	42.298	42.298
17	  Y	 13.4	  0.0	2.466	42.298	42.298
18	  V	  8.2	  0.1	0.717	39.035	39.035
19	  D	  2.1	  0.1	0.854	0.363	0.363
20	  A	  1.4	  0.1	0.578	0.363	0.363
21	  V	  2.4	  0.1	0.578	0.363	0.363
22	  K	  2.4	  0.3	0.578	0.363	0.363
23	  D	  1.7	  1.1	0.137	0.000	0.000
24	  S	  0.2	  1.3	0.137	0.000	0.000
25	  G	  0.1	  1.3	0.000	0.000	0.000
26	  R	  0.3	  1.1	0.000	0.000	0.000
27	  E	  0.3	  0.3	0.000	0.000	0.000
28	  Y	  3.0	  0.1	0.000	0.791	0.791
29	  V	  4.3	  0.0	0.000	0.791	0.791
30	  A	  4.5	  0.0	0.000	0.791	0.791
31	  Q	  9.0	  0.0	0.000	0.791	0.791
32	  F	  9.8	  0.0	0.134	0.791	0.791
33	  E	  9.6	  0.0	0.382	0.000	0.000
34	  A	  2.8	  0.1	0.382	0.000	0.000
35	  S	  0.5	  0.3	1.069	0.000	0.000
36	  A	  0.4	  0.4	1.069	0.000	0.000
37	  L	  0.2	  0.5	1.069	0.000	0.000
38	  G	  0.1	  0.5	1.069	0.000	0.000
39	  K	  0.2	  0.3	0.935	0.000	0.000
40	  Q	  1.1	  0.2	0.686	0.000	0.000
41	  L	  2.8	  0.1	0.446	0.000	0.000
42	  N	  3.0	  0.0	1.266	0.000	0.000
43	  L	  3.6	  0.0	1.113	0.000	0.000
44	  K	  2.2	  0.0	0.976	0.000	0.000
45	  L	  2.2	  0.0	0.821	0.000	0.000
46	  L	  0.8	  0.3	0.821	0.000	0.000
47	  D	  0.6	  0.3	0.821	0.000	0.000
48	  N	  0.8	  0.9	0.357	0.000	0.000
49	  W	  1.3	  1.1	0.000	0.000	0.000
50	  D	  1.2	  1.2	0.000	0.000	0.000
51	  S	  0.8	  1.2	1.463	0.000	0.000
52	  L	  0.2	  0.8	1.463	0.000	0.000
53	  G	  0.2	  0.6	1.463	0.000	0.000
54	  T	  1.0	  0.3	1.463	0.000	0.000
55	  T	  1.2	  0.5	2.275	0.000	0.000
56	  L	  1.1	  0.3	2.275	0.000	0.000
57	  G	  0.2	  0.4	2.709	0.000	0.000
58	  K	  0.8	  0.3	1.717	0.000	0.000
59	  L	  0.9	  0.2	1.246	0.000	0.000
60	  R	  0.9	  0.1	1.246	0.000	0.000
61	  E	  0.1	  0.2	1.246	0.000	0.000
62	  Q	  0.1	  0.2	1.050	0.000	0.000
63	  L	  0.1	  0.1	0.496	0.000	0.000
64	  G	  0.1	  0.1	0.496	0.000	0.000
65	  P	  0.0	  0.0	0.000	0.000	0.000
66	  V	  4.1	  0.0	0.000	0.000	0.000
67	  T	  4.7	  0.2	0.000	0.000	0.000
68	  Q	  5.3	  0.2	0.000	0.000	0.000
69	  D	  2.1	  0.2	0.000	0.000	0.000
70	  F	  2.7	  0.3	0.000	0.000	0.000
71	  W	  2.4	  0.2	0.000	0.000	0.000
72	  D	  1.5	  0.3	0.208	0.000	0.000
73	  K	  2.1	  0.3	0.208	0.000	0.000
74	  L	  1.9	  0.2	0.208	0.000	0.000
75	  E	  2.2	  0.3	0.208	0.000	0.000
76	  K	  0.7	  0.2	0.208	0.000	0.000
77	  D	  0.7	  0.3	0.728	0.000	0.000
78	  T	  0.4	  0.5	4.847	0.000	0.000
79	  E	  0.2	  0.4	4.847	0.000	0.000
80	  G	  0.0	  0.4	5.260	0.000	0.000
81	  L	  0.4	  0.3	5.260	0.000	0.000
82	  R	  0.6	  0.1	5.260	0.000	0.000
83	  Q	  0.7	  0.1	5.260	0.000	0.000
84	  E	  1.3	  0.1	5.260	0.000	0.000
85	  L	  1.2	  0.1	4.314	0.000	0.000
86	  N	  1.1	  1.0	4.956	0.000	0.000
87	  K	  0.2	  1.0	3.567	0.000	0.000
88	  D	  0.3	  1.0	3.733	0.000	0.000
89	  L	  1.0	  1.0	3.663	0.000	0.000
90	  E	  1.0	  0.0	3.796	0.000	0.000
91	  L	  1.4	  0.0	3.796	0.000	0.000
92	  V	  2.9	  0.1	3.645	0.000	0.000
93	  K	  3.1	  0.1	3.645	0.000	0.000
94	  Q	  3.2	  0.1	2.389	0.000	0.000
95	  K	  4.3	  0.1	1.370	0.000	0.000
96	  V	  4.3	  0.0	0.210	0.000	0.000
97	  Q	  3.7	  0.0	0.210	0.000	0.000
98	  P	  0.4	  0.0	0.000	0.000	0.000
99	  Y	  0.9	  0.1	0.000	0.000	0.000
100	  L	  1.0	  0.4	0.000	0.000	0.000
101	  D	  1.0	  0.4	3.753	0.000	0.000
102	  D	  0.7	  0.4	12.527	0.000	0.000
103	  F	  2.5	  0.4	12.527	0.000	0.000
104	  Q	  2.5	  0.0	12.527	0.000	0.000
105	  K	  2.0	  0.0	12.527	0.000	0.000
106	  K	  0.9	  0.0	12.527	0.000	0.000
107	  W	  1.2	  0.0	11.895	0.000	0.000
108	  Q	  1.2	  0.1	10.743	0.000	0.000
109	  E	  0.6	  0.1	6.866	0.000	0.000
110	  E	  1.9	  0.1	5.130	0.000	0.000
111	  V	 19.3	  0.0	3.574	0.000	0.000
112	  E	 20.8	  0.0	3.574	0.000	0.000
113	  V	 21.0	  0.0	2.911	0.000	0.000
114	  Y	  5.9	  0.0	2.911	0.000	0.000
115	  R	  4.0	  0.1	1.605	0.000	0.000
116	  Q	  2.6	  0.1	1.445	0.000	0.000
117	  K	  6.0	  0.1	0.336	0.000	0.000
118	  V	  6.2	  0.0	0.000	0.000	0.000
119	  A	  5.6	  0.0	0.000	0.000	0.000
120	  P	  0.5	  0.0	0.000	0.000	0.000
121	  L	  0.1	  0.2	0.000	0.000	0.000
122	  S	  0.1	  0.3	0.331	0.000	0.000
123	  D	  0.1	  0.3	0.476	0.000	0.000
124	  E	  0.9	  0.3	0.476	0.000	0.000
125	  F	  1.5	  0.2	0.476	0.000	0.000
126	  R	  1.5	  0.5	0.773	0.000	0.000
127	  E	  0.7	  0.7	0.773	0.000	0.000
128	  G	  0.0	  0.7	1.230	0.000	0.000
129	  A	  0.2	  0.6	0.936	0.000	0.000
130	  R	  0.6	  0.3	0.936	0.000	0.000
131	  Q	  1.2	  0.0	0.936	0.000	0.000
132	  K	  1.7	  0.0	0.936	0.000	0.000
133	  W	  2.1	  0.1	0.638	0.000	0.000
134	  Q	  1.6	  0.1	0.370	0.000	0.000
135	  E	  2.2	  0.1	0.153	0.000	0.000
136	  L	  1.5	  0.1	0.153	0.000	0.000
137	  H	  1.7	  0.2	0.153	0.000	0.000
138	  E	  0.4	  0.2	0.000	0.000	0.000
139	  K	  3.9	  0.2	0.000	0.000	0.000
140	  L	  3.8	  0.1	0.000	0.000	0.000
141	  T	  3.7	  0.2	0.376	0.000	0.000
142	  P	  0.2	  0.2	0.511	0.000	0.000
143	  L	  0.0	  0.2	0.719	0.000	0.000
144	  A	  0.0	  0.2	1.298	0.000	0.000
145	  E	  0.0	  0.1	1.868	0.000	0.000
146	  E	  0.3	  0.1	2.422	0.000	0.000
147	  M	  0.6	  0.2	2.256	0.000	0.000
148	  R	  0.6	  0.2	2.256	0.000	0.000
149	  D	  0.3	  0.3	2.256	0.000	0.000
150	  R	  0.7	  0.3	2.256	0.000	0.000
151	  L	  0.8	  0.2	2.256	0.000	0.000
152	  R	  1.2	  0.1	1.725	0.000	0.000
153	  T	  2.5	  0.1	0.000	0.000	0.000
154	  H	  4.4	  0.1	0.000	0.000	0.000
155	  V	  5.5	  0.1	0.000	0.000	0.000
156	  E	  3.7	  0.1	0.000	0.000	0.000
157	  S	  3.4	  0.1	0.142	0.000	0.000
158	  L	  4.2	  0.1	0.142	0.000	0.000
159	  R	 11.0	  0.0	0.142	0.000	0.000
160	  V	 12.7	  0.0	0.142	0.000	0.000
161	  N	 10.6	  0.0	0.142	0.000	0.000
162	  L	  3.8	  0.0	0.142	0.000	0.000
163	  A	  0.1	  0.0	0.142	0.000	0.000
164	  P	  0.0	  0.0	0.000	0.000	0.000
165	  F	  0.5	  0.0	0.813	0.000	0.000
166	  S	  0.5	  0.1	33.430	0.000	0.000
167	  E	  0.5	  0.1	36.486	0.000	0.000
168	  E	  0.2	  0.1	39.832	0.000	0.000
169	  L	  0.4	  0.1	39.832	0.000	0.000
170	  R	  0.7	  0.1	39.832	0.000	0.000
171	  Q	  0.7	  0.1	39.832	0.000	0.000
172	  R	  0.6	  0.1	37.543	0.000	0.000
173	  L	  0.4	  0.0	36.043	0.000	0.000
174	  A	  0.3	  0.0	34.350	0.000	0.000
175	  S	  0.3	  0.1	30.731	0.000	0.000
176	  R	  0.5	  0.1	21.016	0.000	0.000
177	  L	  0.7	  0.1	16.435	0.000	0.000
178	  Q	  0.7	  0.0	15.264	0.000	0.000
179	  A	  0.6	  0.0	11.813	0.000	0.000
180	  L	  0.5	  0.5	10.604	0.000	0.000
181	  K	  0.3	  0.7	9.029	0.000	0.000
182	  D	  0.2	  0.9	5.495	0.000	0.000
183	  G	  0.0	  1.0	1.772	0.000	0.000
184	  G	  0.0	  0.6	0.591	0.000	0.000
185	  G	  0.0	  0.7	0.112	0.000	0.000
186	  A	  0.5	  0.5	0.000	0.000	0.000
187	  S	  0.7	  0.4	0.311	0.000	0.000
188	  L	  0.7	  0.4	0.311	0.000	0.000
189	  A	  0.3	  0.2	0.311	0.000	0.000
190	  E	  4.1	  0.2	0.311	0.000	0.000
191	  Y	  4.8	  0.2	0.311	0.000	0.000
192	  H	  4.8	  0.1	0.311	0.000	0.000
193	  S	  0.9	  0.2	0.143	0.000	0.000
194	  K	  0.4	  0.2	0.143	0.000	0.000
195	  A	  0.3	  0.2	0.143	0.000	0.000
196	  S	  0.3	  0.2	0.758	0.000	0.000
197	  E	  0.2	  0.2	0.758	0.000	0.000
198	  H	  0.9	  0.2	0.758	0.000	0.000
199	  L	  1.2	  0.2	0.615	0.000	0.000
200	  K	  1.2	  0.0	0.615	0.000	0.000
201	  A	  0.8	  0.0	0.615	0.000	0.000
202	  L	  0.4	  0.1	0.405	0.000	0.000
203	  S	  0.4	  0.2	0.192	0.000	0.000
204	  E	  0.2	  0.2	0.000	0.000	0.000
205	  K	  0.5	  0.2	0.000	0.000	0.000
206	  A	  0.5	  0.1	0.000	0.000	0.000
207	  H	  0.4	  0.2	0.000	0.000	0.000
208	  P	  0.0	  0.2	0.000	0.000	0.000
209	  A	  0.1	  0.2	0.156	0.000	0.000
210	  L	  0.2	  0.5	0.156	0.000	0.000
211	  E	  0.2	  0.3	0.156	0.000	0.000
212	  D	  0.5	  0.3	0.156	0.000	0.000
213	  L	  0.8	  0.4	0.156	0.000	0.000
214	  R	  0.8	  0.3	0.156	0.000	0.000
215	  Q	  0.4	  0.3	0.156	0.000	0.000
216	  G	  0.1	  0.3	0.000	0.000	0.000
217	  L	  0.1	  0.1	0.000	0.000	0.000
218	  L	  0.1	  0.0	0.000	0.000	0.000
219	  P	  0.1	  0.0	0.000	0.000	0.000
220	  V	  1.7	  0.0	0.000	0.000	0.000
221	  L	  1.8	  0.1	0.000	0.000	0.000
222	  E	  1.8	  0.1	0.257	0.000	0.000
223	  S	  0.8	  0.1	0.466	0.000	0.000
224	  L	  1.0	  0.2	0.466	0.000	0.000
225	  K	  1.2	  0.2	0.466	0.000	0.000
226	  A	  1.3	  0.2	0.466	2.776	2.776
227	  S	  1.5	  0.2	0.466	6.075	6.075
228	  F	  2.1	  0.1	0.210	9.828	9.828
229	  L	  1.5	  0.0	0.000	9.828	9.828
230	  A	  1.1	  0.0	0.000	9.828	9.828
231	  A	  0.6	  0.0	0.000	9.828	9.828
232	  I	  0.7	  0.0	0.000	8.664	8.664
233	  D	  0.5	  0.1	2.256	0.000	0.000
234	  E	  0.4	  0.1	2.256	0.000	0.000
235	  A	  0.4	  0.1	2.256	0.000	0.000
236	  S	  0.7	  0.2	2.256	0.000	0.000
237	  K	  0.7	  0.2	2.256	0.000	0.000
238	  Q	  2.2	  0.2	2.256	0.000	0.000
239	  L	  2.1	  0.1	0.579	0.000	0.000
240	  T	  1.9	  0.0	0.000	0.000	0.000
241	  P	  0.2	  0.0	0.000	0.000	0.000
242	  Q	  0.0	  0.0	0.000	0.000	0.000
