res	aa	Beta	Turn	Helix	Aggregation	Conc-Stab_Aggregation
01	  D	  0.0	  0.1	0.148	0.000	0.000
02	  E	  0.5	  0.1	0.148	0.000	0.000
03	  A	  0.7	  0.2	0.148	0.000	0.000
04	  K	  1.1	  0.2	0.148	0.000	0.000
05	  S	  1.7	  0.1	0.459	0.000	0.000
06	  Y	  2.8	  0.2	0.459	0.000	0.000
07	  W	  3.0	  0.1	0.311	0.000	0.000
08	  D	  2.2	  0.1	0.465	0.000	0.000
09	  Q	  2.9	  0.1	0.465	0.000	0.000
10	  I	  2.5	  0.2	0.465	0.000	0.000
11	  K	  2.3	  0.1	0.465	0.000	0.000
12	  D	  0.3	  0.1	1.879	0.000	0.000
13	  M	  0.3	  0.1	1.879	43.039	43.039
14	  L	  3.8	  0.0	1.557	49.638	49.638
15	  T	  9.8	  0.0	1.557	49.638	49.638
16	  V	 15.3	  0.0	1.557	49.638	49.638
17	  Y	 13.2	  0.0	1.557	49.638	49.638
18	  V	  8.3	  0.1	0.590	46.141	46.141
19	  D	  2.3	  0.1	0.590	0.000	0.000
20	  T	  2.2	  0.1	0.202	0.000	0.000
21	  A	  1.4	  0.3	0.202	0.000	0.000
22	  K	  1.4	  0.5	0.202	0.000	0.000
23	  D	  0.1	  1.4	0.000	0.000	0.000
24	  S	  0.1	  1.7	0.000	0.000	0.000
25	  G	  0.1	  1.8	0.000	0.000	0.000
26	  K	  0.2	  1.6	0.000	0.000	0.000
27	  D	  0.2	  0.7	0.000	0.000	0.000
28	  Y	  0.7	  0.4	0.000	0.364	0.364
29	  L	  1.2	  0.0	0.000	0.364	0.364
30	  T	  1.7	  0.1	0.000	0.364	0.364
31	  S	  3.8	  0.6	0.000	0.364	0.364
32	  L	  3.5	  0.7	0.000	0.364	0.364
33	  D	  3.0	  1.1	0.708	0.000	0.000
34	  T	  0.9	  1.0	0.984	0.000	0.000
35	  S	  0.8	  0.7	0.984	0.000	0.000
36	  A	  0.7	  0.8	0.984	0.000	0.000
37	  L	  0.2	  0.4	0.984	0.000	0.000
38	  G	  0.1	  0.5	1.127	0.000	0.000
39	  Q	  0.4	  0.3	0.920	0.000	0.000
40	  Q	  1.4	  0.1	0.143	0.000	0.000
41	  L	  3.0	  0.1	0.143	0.000	0.000
42	  N	  3.0	  0.0	0.670	0.000	0.000
43	  L	  3.6	  0.0	0.670	0.000	0.000
44	  K	  2.3	  0.0	0.670	0.000	0.000
45	  L	  2.0	  0.4	0.527	0.000	0.000
46	  A	  0.4	  0.5	0.527	0.000	0.000
47	  D	  0.1	  0.5	0.527	0.000	0.000
48	  N	  0.6	  0.9	0.326	0.000	0.000
49	  W	  0.9	  0.6	0.155	0.000	0.000
50	  D	  1.4	  0.5	0.155	0.000	0.000
51	  T	 19.0	  0.5	0.320	0.295	0.295
52	  V	 19.9	  0.1	0.320	0.800	0.800
53	  S	 19.5	  0.1	1.454	0.800	0.800
54	  S	  1.8	  0.1	1.943	0.800	0.800
55	  A	  0.5	  0.1	1.943	0.800	0.800
56	  L	  0.7	  0.0	1.943	0.800	0.800
57	  L	  0.9	  0.0	1.943	0.800	0.800
58	  K	  0.8	  0.0	1.943	0.000	0.000
59	  A	  0.7	  0.0	1.014	0.000	0.000
60	  H	  0.4	  0.2	0.412	0.000	0.000
61	  E	  0.3	  0.2	0.000	0.000	0.000
62	  Q	  2.7	  0.2	0.000	0.000	0.000
63	  M	  2.6	  0.1	0.000	0.000	0.000
64	  K	  2.6	  0.0	0.000	0.000	0.000
65	  P	  0.2	  0.0	0.000	0.000	0.000
66	  I	  3.1	  0.0	0.000	0.000	0.000
67	  A	  3.2	  0.0	0.000	0.000	0.000
68	  M	  4.3	  0.0	0.000	0.000	0.000
69	  E	  1.6	  0.0	0.000	0.000	0.000
70	  F	  2.2	  0.0	0.000	0.000	0.000
71	  W	  1.3	  1.5	0.000	0.000	0.000
72	  G	  0.8	  1.6	0.000	0.000	0.000
73	  N	  0.5	  1.6	0.000	0.000	0.000
74	  L	  0.7	  1.6	0.000	0.000	0.000
75	  E	  0.9	  0.2	0.000	0.000	0.000
76	  K	  0.7	  0.2	0.000	0.000	0.000
77	  D	  0.7	  0.4	0.000	0.000	0.000
78	  T	  0.5	  0.5	0.552	0.000	0.000
79	  E	  0.2	  0.4	0.552	0.000	0.000
80	  G	  0.0	  0.4	0.552	0.000	0.000
81	  L	  0.3	  0.3	0.552	0.000	0.000
82	  R	  0.6	  0.1	0.552	0.000	0.000
83	  Q	  0.9	  0.1	0.552	0.000	0.000
84	  T	 18.7	  0.1	0.552	0.000	0.000
85	  V	 19.2	  0.1	0.552	0.000	0.000
86	  S	 19.4	  1.4	0.729	0.000	0.000
87	  K	  1.6	  1.4	0.305	0.000	0.000
88	  D	  0.8	  1.4	1.357	0.000	0.000
89	  L	  1.0	  1.4	1.357	0.148	0.148
90	  E	  1.0	  0.0	1.357	0.148	0.148
91	  L	  1.4	  0.0	1.357	0.148	0.148
92	  V	  2.5	  0.1	1.357	0.148	0.148
93	  K	  2.7	  0.1	1.357	0.148	0.148
94	  E	  2.2	  0.1	0.705	0.000	0.000
95	  K	  3.8	  0.1	0.541	0.000	0.000
96	  V	  3.9	  0.0	0.166	0.000	0.000
97	  Q	  3.8	  0.0	0.166	0.000	0.000
98	  P	  0.4	  0.0	0.000	0.000	0.000
99	  Y	  1.0	  0.1	0.000	0.000	0.000
100	  L	  1.3	  0.3	0.000	0.000	0.000
101	  D	  1.9	  0.3	0.177	0.000	0.000
102	  S	  4.1	  0.3	2.637	0.000	0.000
103	  F	  5.7	  0.2	2.637	0.000	0.000
104	  Q	  5.2	  0.1	2.637	0.000	0.000
105	  K	  2.3	  0.1	2.637	0.000	0.000
106	  K	  7.6	  0.1	2.637	0.000	0.000
107	  V	  8.0	  0.1	2.461	0.000	0.000
108	  E	  7.8	  0.1	2.461	0.000	0.000
109	  E	  0.6	  0.1	2.443	0.000	0.000
110	  E	  0.2	  0.1	2.777	0.000	0.000
111	  L	  0.9	  0.1	2.831	0.000	0.000
112	  E	  1.1	  0.1	2.831	0.000	0.000
113	  L	  1.1	  0.1	2.687	0.000	0.000
114	  Y	  2.6	  0.1	2.556	0.000	0.000
115	  R	  2.8	  0.1	2.161	0.000	0.000
116	  Q	  3.3	  0.1	1.788	0.000	0.000
117	  K	  6.2	  0.1	0.502	0.000	0.000
118	  V	  6.3	  0.0	0.000	0.000	0.000
119	  A	  5.7	  0.0	0.000	0.000	0.000
120	  P	  0.5	  0.0	0.000	0.000	0.000
121	  L	  0.7	  0.0	0.000	0.000	0.000
122	  S	  1.1	  0.0	1.793	0.000	0.000
123	  A	  1.2	  0.0	1.793	0.000	0.000
124	  E	  1.1	  0.0	1.793	0.000	0.000
125	  W	  1.1	  0.0	2.114	0.000	0.000
126	  R	  1.0	  0.1	2.114	0.000	0.000
127	  E	  0.5	  0.1	2.114	0.000	0.000
128	  Q	  0.3	  0.1	1.745	0.000	0.000
129	  A	  0.5	  0.1	1.214	0.000	0.000
130	  S	  0.7	  0.1	2.353	0.000	0.000
131	  Q	  0.6	  0.1	1.877	0.000	0.000
132	  K	  0.5	  0.1	1.441	0.000	0.000
133	  A	  0.3	  0.1	1.295	0.000	0.000
134	  Q	  0.3	  0.1	1.295	0.000	0.000
135	  E	  0.5	  0.1	1.295	0.000	0.000
136	  L	  0.7	  0.1	1.295	0.000	0.000
137	  Q	  0.9	  0.1	1.114	0.000	0.000
138	  Q	  0.6	  0.1	0.787	0.000	0.000
139	  K	  0.5	  0.4	0.349	0.000	0.000
140	  A	  0.2	  0.5	0.000	0.000	0.000
141	  G	  0.1	  0.6	0.000	0.000	0.000
142	  E	  0.0	  0.6	0.000	0.000	0.000
143	  L	  0.0	  0.4	0.000	0.000	0.000
144	  G	  0.0	  0.4	1.581	0.000	0.000
145	  E	  0.0	  0.2	1.581	0.000	0.000
146	  Q	  0.9	  0.2	1.581	0.000	0.000
147	  L	  1.1	  0.3	1.581	0.000	0.000
148	  R	  1.1	  0.2	1.581	0.000	0.000
149	  D	  0.3	  0.2	1.581	0.000	0.000
150	  R	  1.8	  0.2	0.927	0.000	0.000
151	  V	  2.6	  0.1	0.510	0.000	0.000
152	  R	  2.9	  0.0	0.510	0.000	0.000
153	  T	  3.1	  0.0	0.000	0.000	0.000
154	  H	  3.9	  0.0	0.000	0.000	0.000
155	  V	  4.2	  0.0	0.000	0.000	0.000
156	  D	  2.2	  0.2	0.142	0.000	0.000
157	  A	  1.0	  0.2	0.142	0.000	0.000
158	  L	  0.5	  0.2	0.142	0.000	0.000
159	  R	  1.0	  0.3	0.142	0.000	0.000
160	  T	  0.9	  0.2	0.142	0.000	0.000
161	  D	  0.7	  0.2	0.142	0.000	0.000
162	  L	  0.2	  0.2	0.000	0.000	0.000
163	  A	  0.1	  0.3	0.000	0.000	0.000
164	  P	  0.0	  0.2	0.302	0.000	0.000
165	  Y	  0.1	  0.3	1.073	0.000	0.000
166	  G	  0.1	  0.4	41.815	0.000	0.000
167	  E	  0.1	  0.2	47.958	0.000	0.000
168	  E	  0.0	  0.2	51.121	0.000	0.000
169	  A	  0.1	  0.1	51.420	0.000	0.000
170	  R	  0.3	  0.0	51.420	0.000	0.000
171	  K	  0.4	  0.0	51.420	0.000	0.000
172	  L	  0.8	  0.0	50.599	0.000	0.000
173	  L	  0.7	  0.0	50.098	0.000	0.000
174	  L	  0.6	  0.0	48.844	0.000	0.000
175	  Q	  0.3	  0.0	46.842	0.000	0.000
176	  R	  0.5	  0.0	39.803	0.000	0.000
177	  L	  0.5	  0.1	36.539	0.000	0.000
178	  Q	  0.5	  0.1	35.652	0.000	0.000
179	  D	  0.9	  0.1	32.239	0.000	0.000
180	  I	  1.8	  0.1	27.267	0.000	0.000
181	  K	  1.8	  0.0	27.154	0.000	0.000
182	  A	  1.2	  0.2	19.353	0.000	0.000
183	  K	  0.3	  0.3	16.585	0.000	0.000
184	  S	  0.2	  1.7	4.666	0.000	0.000
185	  G	  0.1	  1.7	1.564	0.000	0.000
186	  D	  0.1	  1.5	0.476	0.000	0.000
187	  L	  0.0	  1.5	0.349	0.000	0.000
188	  A	  0.2	  0.2	0.349	0.000	0.000
189	  E	  1.7	  0.2	0.349	0.000	0.000
190	  Y	  2.2	  0.2	0.349	0.000	0.000
191	  Q	  2.4	  0.1	0.349	0.000	0.000
192	  T	  1.8	  0.1	0.000	0.000	0.000
193	  K	  1.8	  0.1	0.000	0.000	0.000
194	  L	  1.6	  0.1	0.000	0.000	0.000
195	  S	  0.6	  0.2	0.857	0.000	0.000
196	  E	  0.2	  0.2	0.857	0.000	0.000
197	  H	  0.8	  0.2	0.857	0.000	0.000
198	  L	  1.2	  0.4	0.857	0.000	0.000
199	  K	  1.6	  0.3	0.857	0.000	0.000
200	  S	  1.8	  0.5	1.221	0.000	0.000
201	  F	  1.5	  0.7	0.672	0.000	0.000
202	  G	  1.0	  0.6	0.363	0.000	0.000
203	  E	  0.3	  0.6	0.363	0.000	0.000
204	  K	  0.5	  0.3	0.363	0.000	0.000
205	  A	  0.5	  0.1	0.363	0.000	0.000
206	  Q	  0.4	  0.2	0.363	0.000	0.000
207	  P	  0.0	  0.2	0.000	0.000	0.000
208	  T	  3.2	  0.2	0.447	0.000	0.000
209	  L	  3.4	  0.4	0.447	0.000	0.000
210	  Q	  3.5	  0.2	0.447	0.000	0.000
211	  D	  0.8	  0.2	0.447	0.000	0.000
212	  L	  1.5	  0.3	0.447	0.000	0.000
213	  R	  1.5	  0.4	0.447	0.000	0.000
214	  H	  1.2	  0.4	0.229	0.000	0.000
215	  G	  0.4	  0.4	0.000	0.000	0.000
216	  L	  0.3	  0.3	0.000	0.000	0.000
217	  E	  0.2	  0.0	0.000	0.000	0.000
218	  P	  0.1	  0.0	0.000	0.000	0.000
219	  L	  0.1	  0.0	0.000	0.000	0.000
220	  W	  0.2	  0.5	0.334	0.000	0.000
221	  E	  0.2	  0.6	0.334	0.000	0.000
222	  G	  0.2	  0.6	0.334	0.000	0.000
223	  I	  1.9	  0.6	0.334	0.000	0.000
224	  K	  1.9	  0.4	0.334	0.000	0.000
225	  A	  1.8	  0.5	0.334	0.000	0.000
226	  G	  0.1	  0.5	0.476	0.000	0.000
227	  A	  0.3	  0.4	0.142	0.000	0.000
228	  M	  2.8	  0.2	0.142	0.000	0.000
229	  S	  3.1	  0.0	3.028	0.000	0.000
230	  M	  2.9	  0.0	3.251	0.000	0.000
231	  L	  0.4	  0.1	3.251	0.000	0.000
232	  E	  0.1	  0.1	3.436	0.000	0.000
233	  E	  0.0	  0.1	3.583	0.000	0.000
234	  L	  0.0	  0.2	3.583	0.000	0.000
235	  G	  0.0	  0.2	3.407	0.000	0.000
236	  K	  0.1	  0.2	2.493	0.000	0.000
237	  K	  0.8	  0.4	0.895	0.000	0.000
238	  L	  1.1	  0.3	0.147	0.000	0.000
239	  D	  1.2	  0.3	0.147	0.000	0.000
240	  S	  0.4	  0.2	0.000	0.000	0.000
241	  Q	  0.1	  0.1	0.000	0.000	0.000
