res	aa	Beta	Turn	Helix	Aggregation	Conc-Stab_Aggregation
01	  D	  0.0	  0.0	0.000	0.000	0.000
02	  Q	  0.0	  0.0	0.000	0.000	0.000
03	  P	  0.0	  0.4	0.000	0.000	0.000
04	  P	  0.0	  0.5	0.000	0.000	0.000
05	  S	  0.2	  0.6	0.000	0.000	0.000
06	  Q	  1.0	  0.6	0.000	0.000	0.000
07	  L	  1.1	  0.3	0.000	0.000	0.000
08	  D	  0.9	  0.3	0.000	0.000	0.000
09	  D	  0.3	  0.2	0.528	0.000	0.000
10	  L	  0.4	  0.3	0.528	0.000	0.000
11	  K	  0.6	  0.2	0.528	0.000	0.000
12	  T	  0.9	  0.1	0.528	1.174	1.174
13	  S	  1.0	  0.1	0.845	3.186	3.186
14	  L	  1.2	  0.1	0.845	41.296	41.296
15	  I	 16.6	  0.0	0.543	41.668	41.668
16	  T	 18.5	  0.0	0.543	41.668	41.668
17	  Y	 19.4	  0.0	0.543	41.668	41.668
18	  I	  5.2	  0.0	0.317	41.383	41.383
19	  N	  3.0	  0.0	0.471	2.256	2.256
20	  Q	  2.5	  0.0	0.332	0.653	0.653
21	  V	  2.3	  0.0	0.154	0.653	0.653
22	  Q	  2.4	  0.0	0.154	0.000	0.000
23	  A	  1.7	  0.1	0.154	0.000	0.000
24	  S	  0.7	  0.1	0.154	0.000	0.000
25	  T	  1.5	  0.1	0.000	0.000	0.000
26	  K	  2.9	  0.1	0.000	0.000	0.000
27	  I	  5.2	  0.0	0.000	0.000	0.000
28	  A	  4.6	  0.0	0.000	0.000	0.000
29	  I	  3.3	  0.0	0.000	0.000	0.000
30	  D	  0.7	  0.0	0.152	0.000	0.000
31	  K	  2.0	  0.0	0.152	0.000	0.000
32	  I	  1.9	  0.0	0.152	0.000	0.000
33	  N	  1.8	  0.1	3.506	0.000	0.000
34	  N	  0.3	  0.8	4.673	0.000	0.000
35	  Q	  0.3	  0.9	4.806	0.000	0.000
36	  D	  0.3	  0.8	6.809	0.000	0.000
37	  L	  0.2	  0.8	6.809	0.000	0.000
38	  A	  0.2	  0.1	6.809	0.000	0.000
39	  K	  0.3	  0.1	6.655	0.000	0.000
40	  Q	  1.2	  0.1	5.369	0.000	0.000
41	  L	  4.3	  0.1	4.277	0.000	0.000
42	  N	  4.2	  0.0	3.601	0.000	0.000
43	  L	  3.3	  0.0	1.812	0.000	0.000
44	  P	  0.1	  0.0	0.000	0.000	0.000
45	  I	  0.8	  0.0	0.000	0.000	0.000
46	  T	  0.8	  0.2	0.146	0.000	0.000
47	  E	  0.8	  0.3	0.146	0.000	0.000
48	  G	  0.0	  0.3	1.824	0.000	0.000
49	  L	  0.1	  0.3	1.824	0.000	0.000
50	  E	  0.1	  0.1	2.031	0.000	0.000
51	  Q	  1.0	  0.1	2.031	0.000	0.000
52	  L	  1.1	  0.1	2.031	0.000	0.000
53	  N	  1.3	  0.0	2.031	0.000	0.000
54	  K	  0.9	  0.0	1.777	0.000	0.000
55	  Y	  2.3	  0.0	1.099	0.000	0.000
56	  V	  7.0	  0.0	0.259	0.000	0.000
57	  Q	  6.5	  0.0	0.259	0.000	0.000
58	  L	  5.0	  0.2	0.000	0.000	0.000
59	  G	  0.1	  0.4	0.000	0.000	0.000
60	  A	  0.5	  0.4	0.000	0.000	0.000
61	  S	  0.7	  0.4	0.000	0.000	0.000
62	  H	  2.1	  0.3	0.000	0.000	0.000
63	  L	  1.8	  0.1	0.000	0.000	0.000
64	  E	  1.6	  0.0	0.000	0.000	0.000
65	  P	  0.1	  0.0	0.000	0.000	0.000
66	  Y	  0.3	  0.3	0.000	0.000	0.000
67	  A	  0.3	  0.3	0.000	0.000	0.000
68	  D	  0.4	  0.3	0.000	0.000	0.000
69	  T	  0.4	  0.7	0.000	0.000	0.000
70	  A	  0.4	  0.5	0.000	0.000	0.000
71	  N	  0.4	  0.5	0.000	0.000	0.000
72	  K	  0.1	  0.4	0.000	0.000	0.000
73	  H	  0.8	  0.1	0.000	0.000	0.000
74	  L	  0.9	  0.2	0.000	0.000	0.000
75	  Q	  0.8	  0.6	0.000	0.000	0.000
76	  E	  0.1	  0.7	0.000	0.000	0.000
77	  G	  0.0	  0.8	0.000	0.000	0.000
78	  K	  0.1	  0.7	0.000	0.000	0.000
79	  K	  0.4	  0.2	0.000	0.000	0.000
80	  L	  1.4	  0.1	0.000	0.000	0.000
81	  L	  1.6	  0.0	0.000	0.000	0.000
82	  V	  2.0	  0.0	0.000	0.000	0.000
83	  E	  1.1	  0.0	0.000	0.000	0.000
84	  T	  3.4	  0.1	0.000	0.000	0.000
85	  Q	  3.0	  0.2	0.000	0.000	0.000
86	  S	  3.0	  0.2	0.000	0.000	0.000
87	  K	  1.4	  0.2	0.000	0.000	0.000
88	  L	  1.1	  0.1	0.000	0.000	0.000
89	  A	  0.9	  0.1	0.000	0.000	0.000
90	  P	  0.1	  0.0	0.000	0.000	0.000
91	  I	  4.7	  0.0	0.000	0.000	0.000
92	  T	  5.2	  0.0	2.323	0.000	0.000
93	  Q	  5.3	  0.0	2.323	0.000	0.000
94	  E	  1.0	  0.0	2.323	0.000	0.000
95	  M	  0.5	  0.1	2.323	0.000	0.000
96	  R	  0.4	  0.1	2.323	0.000	0.000
97	  E	  0.2	  0.1	2.323	0.000	0.000
98	  K	  0.7	  0.1	2.166	0.000	0.000
99	  I	  1.1	  0.1	1.243	0.000	0.000
100	  Q	  1.4	  0.0	1.243	0.000	0.000
101	  Q	  1.0	  0.0	0.691	0.000	0.000
102	  Q	  1.7	  0.0	0.351	0.000	0.000
103	  I	  1.5	  0.1	0.000	0.000	0.000
104	  D	  1.4	  0.2	0.978	0.000	0.000
105	  E	  1.0	  0.2	1.265	0.000	0.000
106	  Y	  1.4	  0.3	1.265	0.000	0.000
107	  R	  1.6	  0.2	1.265	0.000	0.000
108	  T	  1.8	  0.1	1.265	0.000	0.000
109	  K	  2.2	  0.1	1.265	0.000	0.000
110	  L	  2.1	  0.1	1.034	0.000	0.000
111	  S	  1.1	  0.3	0.531	0.000	0.000
112	  P	  0.1	  0.2	0.000	0.000	0.000
113	  L	  0.0	  0.6	0.000	0.000	0.000
114	  A	  0.0	  0.7	0.000	0.000	0.000
115	  D	  0.0	  0.6	1.777	0.000	0.000
116	  D	  0.2	  0.6	4.923	0.000	0.000
117	  L	  0.3	  0.3	4.923	0.000	0.000
118	  K	  0.6	  0.2	5.088	0.000	0.000
119	  E	  0.5	  0.1	5.289	0.000	0.000
120	  K	  0.7	  0.1	5.289	0.000	0.000
121	  A	  0.4	  0.1	4.634	0.000	0.000
122	  K	  0.4	  0.2	3.837	0.000	0.000
123	  E	  0.2	  0.2	2.145	0.000	0.000
124	  N	  0.6	  0.3	3.432	0.000	0.000
125	  T	  1.0	  0.2	4.490	0.000	0.000
126	  Q	  1.2	  0.1	4.490	0.000	0.000
127	  A	  1.4	  0.1	4.350	0.000	0.000
128	  V	  1.8	  0.1	4.350	0.000	0.000
129	  R	  1.5	  0.1	4.350	0.000	0.000
130	  D	  0.9	  0.2	4.350	0.000	0.000
131	  K	  1.3	  0.2	3.774	0.000	0.000
132	  L	  1.4	  0.1	2.956	0.000	0.000
133	  Q	  1.4	  0.1	2.629	0.000	0.000
134	  P	  0.1	  0.0	0.406	0.000	0.000
135	  Y	  0.6	  0.0	0.903	0.000	0.000
136	  A	  0.7	  0.1	1.946	0.000	0.000
137	  K	  0.8	  0.1	1.946	0.000	0.000
138	  E	  0.2	  0.1	2.135	0.000	0.000
139	  L	  0.2	  0.1	2.518	0.000	0.000
140	  L	  0.2	  0.1	2.691	0.000	0.000
141	  E	  0.2	  0.1	3.022	0.000	0.000
142	  Q	  1.0	  0.1	3.022	0.000	0.000
143	  L	  1.1	  0.1	2.861	0.000	0.000
144	  N	  1.1	  0.8	2.861	0.000	0.000
145	  K	  0.5	  0.7	2.696	0.000	0.000
146	  N	  4.8	  0.7	4.284	0.000	0.000
147	  V	  5.4	  0.8	2.392	0.000	0.000
148	  E	  5.1	  0.1	2.392	0.000	0.000
149	  E	  0.9	  0.1	2.392	0.000	0.000
150	  L	  0.5	  0.1	2.392	0.000	0.000
151	  R	  0.7	  0.1	2.392	0.000	0.000
152	  T	  1.6	  0.1	1.583	0.000	0.000
153	  Q	  1.7	  0.1	1.583	0.000	0.000
154	  L	  1.5	  0.1	0.889	0.000	0.000
155	  A	  0.4	  0.0	0.495	0.000	0.000
156	  P	  0.1	  0.0	0.000	0.000	0.000
157	  L	  0.5	  0.0	0.000	0.000	0.000
158	  T	  1.3	  0.1	2.793	0.000	0.000
159	  K	  1.4	  0.1	2.793	0.000	0.000
160	  E	  1.2	  0.1	2.942	0.000	0.000
161	  M	  0.7	  0.1	2.942	0.000	0.000
162	  R	  0.8	  0.1	2.942	0.000	0.000
163	  R	  0.6	  0.1	2.942	0.000	0.000
164	  K	  0.5	  0.1	2.568	0.000	0.000
165	  A	  0.5	  0.1	1.274	0.000	0.000
166	  S	  0.7	  0.1	1.175	0.000	0.000
167	  Q	  0.9	  0.1	0.625	0.000	0.000
168	  Q	  1.7	  0.1	0.332	0.000	0.000
169	  L	  1.5	  0.1	0.174	0.000	0.000
170	  K	  2.1	  0.1	0.174	0.000	0.000
171	  T	  9.2	  0.0	0.174	0.000	0.000
172	  V	  9.8	  0.1	0.174	0.000	0.000
173	  R	  9.5	  0.2	0.174	0.000	0.000
174	  K	  1.9	  0.2	0.000	0.000	0.000
175	  N	  1.2	  0.2	0.000	0.000	0.000
176	  T	  0.8	  0.2	0.000	0.000	0.000
177	  A	  0.4	  0.0	0.000	0.000	0.000
178	  P	  0.2	  0.0	0.000	0.000	0.000
179	  Y	  1.7	  0.1	0.000	0.000	0.000
180	  T	  1.8	  0.1	0.180	0.000	0.000
181	  D	  1.8	  0.1	4.735	0.000	0.000
182	  E	  5.4	  0.1	4.735	0.000	0.000
183	  V	  7.2	  0.0	4.735	0.000	0.000
184	  T	  8.2	  0.1	4.735	0.000	0.000
185	  K	  3.2	  0.0	4.735	0.000	0.000
186	  K	  2.5	  0.0	4.735	0.000	0.000
187	  V	  1.9	  0.1	1.573	0.000	0.000
188	  S	  1.7	  0.1	1.785	0.000	0.000
189	  E	  0.5	  0.1	0.884	0.000	0.000
190	  A	  0.4	  0.1	0.783	0.000	0.000
191	  V	  1.0	  0.1	0.667	0.000	0.000
192	  E	  1.0	  0.0	1.344	0.000	0.000
193	  E	  3.6	  0.0	1.344	0.000	0.000
194	  V	  3.7	  0.0	1.344	0.000	0.000
195	  Q	  3.9	  0.0	1.344	0.000	0.000
196	  K	  1.2	  0.1	1.344	0.000	0.000
197	  K	  3.8	  0.1	1.344	0.000	0.000
198	  I	  4.0	  0.0	0.222	0.000	0.000
199	  A	  3.8	  0.4	0.222	0.000	0.000
200	  P	  0.4	  0.6	0.000	0.000	0.000
201	  L	  0.0	  0.6	0.000	0.000	0.000
202	  G	  0.0	  0.9	0.000	0.000	0.000
203	  Q	  0.3	  0.5	0.000	0.000	0.000
204	  N	  0.8	  0.3	0.562	0.000	0.000
205	  L	  0.7	  0.3	0.562	0.000	0.000
206	  E	  0.7	  0.1	0.562	0.000	0.000
207	  E	  0.3	  0.1	0.562	0.000	0.000
208	  K	  1.2	  0.1	0.562	0.000	0.000
209	  L	  1.2	  0.1	0.562	0.000	0.000
210	  S	  1.1	  0.2	0.618	0.000	0.000
211	  P	  0.1	  0.2	0.224	0.000	0.000
212	  Y	  1.1	  0.2	0.224	0.000	0.000
213	  I	  1.4	  0.2	0.366	0.000	0.000
214	  E	  1.4	  0.0	0.366	0.000	0.000
215	  E	  5.2	  0.0	0.366	0.000	0.000
216	  I	  5.3	  0.0	0.366	0.000	0.000
217	  K	  5.4	  0.1	0.366	0.000	0.000
218	  K	  1.0	  0.1	0.272	0.000	0.000
219	  T	 30.4	  0.1	0.000	0.000	0.000
220	  F	 33.2	  0.1	0.000	0.000	0.000
221	  S	 32.9	  0.2	0.000	0.000	0.000
222	  A	  4.9	  0.5	0.000	0.000	0.000
223	  K	  0.3	  0.5	0.000	0.000	0.000
224	  G	  0.0	  0.5	0.000	0.000	0.000
225	  V	  2.8	  0.2	0.000	1.737	1.737
226	  L	  4.3	  0.0	0.000	1.737	1.737
227	  Q	  4.7	  0.0	0.000	1.737	1.737
228	  W	  2.5	  0.0	0.000	1.737	1.737
229	  A	  0.9	  0.0	0.000	1.737	1.737
230	  A	  0.6	  0.0	0.000	0.794	0.794
231	  E	  0.9	  0.0	0.000	0.000	0.000
232	  L	  1.0	  0.0	0.000	0.000	0.000
233	  S	  0.9	  2.0	0.186	0.000	0.000
234	  P	  0.1	  2.0	0.186	0.000	0.000
235	  S	  0.4	  2.0	0.186	0.000	0.000
236	  R	 22.8	  2.0	0.186	0.000	0.000
237	  I	 23.1	  0.0	0.186	0.000	0.000
238	  N	 22.7	  0.5	0.186	0.000	0.000
239	  P	  0.3	  0.6	0.000	0.000	0.000
240	  G	  0.0	  0.6	0.242	2.293	2.293
241	  L	  0.5	  0.6	0.242	28.534	28.534
242	  I	  1.2	  0.0	0.242	33.676	33.676
243	  T	  1.4	  0.0	0.242	34.132	34.132
244	  N	  1.2	  0.0	0.242	34.578	34.578
245	  L	  2.6	  0.0	0.242	46.642	46.642
246	  V	  5.5	  0.0	0.132	46.465	46.465
247	  L	  7.1	  0.0	0.132	43.885	43.885
248	  S	 11.0	  0.0	0.000	30.610	30.610
249	  I	  8.0	  0.0	0.000	29.997	29.997
250	  S	  6.2	  0.0	0.000	0.000	0.000
