res	aa	Beta	Turn	Helix	Aggregation	Conc-Stab_Aggregation
01	  P	  0.0	  0.0	0.000	0.000	0.000
02	  Q	  0.3	  0.0	0.000	0.000	0.000
03	  A	  1.1	  0.0	0.000	0.000	0.000
04	  V	  2.9	  0.0	0.000	0.000	0.000
05	  K	  2.8	  0.1	0.000	0.000	0.000
06	  E	  2.0	  0.1	0.000	0.000	0.000
07	  T	  4.6	  0.1	0.385	7.051	7.051
08	  V	  5.7	  0.1	0.385	7.051	7.051
09	  A	  5.8	  0.0	0.385	7.051	7.051
10	  A	  3.5	  0.0	0.385	7.051	7.051
11	  V	  2.7	  0.0	0.385	7.051	7.051
12	  M	  2.5	  0.0	0.385	0.000	0.000
13	  P	  0.6	  0.0	0.000	0.000	0.000
14	  Y	  0.8	  0.0	0.000	0.000	0.000
15	  L	  0.9	  0.0	0.000	0.000	0.000
16	  E	  1.0	  0.1	0.000	0.000	0.000
17	  K	  0.9	  0.3	0.000	0.000	0.000
18	  L	  0.8	  0.4	0.000	0.000	0.000
19	  D	  0.8	  0.3	2.442	0.000	0.000
20	  D	  0.2	  0.8	10.812	0.000	0.000
21	  V	  0.1	  0.7	10.812	0.000	0.000
22	  G	  0.1	  0.6	12.110	0.000	0.000
23	  K	  0.1	  0.7	12.110	0.000	0.000
24	  K	  0.4	  0.2	12.110	0.000	0.000
25	  L	  0.7	  0.1	11.756	0.000	0.000
26	  L	  0.7	  0.1	11.756	0.000	0.000
27	  D	  0.4	  0.1	10.863	0.000	0.000
28	  E	  0.2	  0.1	9.433	0.000	0.000
29	  L	  0.3	  0.2	7.281	0.000	0.000
30	  E	  0.7	  0.2	6.491	0.000	0.000
31	  K	  0.7	  0.2	3.492	0.000	0.000
32	  T	  1.0	  0.2	0.465	0.000	0.000
33	  D	  0.6	  0.8	0.710	0.000	0.000
34	  F	  0.6	  1.0	0.412	0.000	0.000
35	  G	  0.2	  1.0	0.245	0.000	0.000
36	  K	  0.2	  1.0	0.245	0.000	0.000
37	  K	  0.2	  0.4	0.245	0.000	0.000
38	  H	  0.5	  0.2	0.245	0.000	0.000
39	  N	  0.8	  0.1	0.245	0.000	0.000
40	  L	  2.2	  0.1	0.000	0.000	0.000
41	  K	  2.8	  0.1	0.000	0.000	0.000
42	  L	  2.5	  0.1	0.000	0.000	0.000
43	  N	  0.9	  0.1	0.000	0.000	0.000
44	  E	  0.2	  0.1	0.000	0.000	0.000
45	  K	  1.8	  0.1	0.000	0.000	0.000
46	  V	  2.4	  0.1	0.000	0.000	0.000
47	  D	  2.4	  0.0	1.927	0.000	0.000
48	  A	  1.2	  0.0	1.927	0.000	0.000
49	  I	  1.2	  0.1	1.927	0.000	0.000
50	  S	  1.5	  0.1	2.083	0.000	0.000
51	  K	  1.7	  0.1	2.083	0.000	0.000
52	  Y	  1.6	  0.1	2.083	0.000	0.000
53	  A	  1.4	  0.0	1.322	0.000	0.000
54	  Q	  0.8	  0.1	1.156	0.000	0.000
55	  Q	  0.3	  0.1	0.677	0.000	0.000
56	  A	  0.2	  0.1	0.180	0.000	0.000
57	  A	  0.1	  0.0	0.180	0.000	0.000
58	  E	  0.1	  0.0	0.330	0.000	0.000
59	  A	  0.2	  0.0	0.330	0.288	0.288
60	  M	  0.6	  0.0	0.330	0.288	0.288
61	  A	  1.3	  0.0	0.149	0.288	0.288
62	  V	  6.1	  0.0	0.149	0.288	0.288
63	  Y	  6.3	  0.0	0.149	0.288	0.288
64	  S	  5.7	  0.1	0.546	0.000	0.000
65	  E	  0.8	  0.1	0.546	0.000	0.000
66	  Q	  1.4	  0.1	0.546	0.000	0.000
67	  I	  2.2	  0.1	0.546	2.295	2.295
68	  Y	  2.8	  0.1	0.546	2.775	2.775
69	  A	  1.6	  0.1	0.546	2.775	2.775
70	  Q	  1.9	  0.1	0.546	2.775	2.775
71	  V	  4.3	  0.1	0.167	2.775	2.775
72	  F	  5.9	  0.1	0.167	2.499	2.499
73	  T	  4.8	  0.1	3.318	0.921	0.921
74	  D	  1.9	  0.3	4.454	0.000	0.000
75	  A	  0.2	  0.3	4.454	0.000	0.000
76	  E	  0.2	  0.3	4.454	0.000	0.000
77	  K	  2.1	  0.3	4.608	0.000	0.000
78	  L	  2.1	  0.1	4.608	0.000	0.000
79	  T	  2.1	  0.1	7.235	0.000	0.000
80	  E	  0.1	  0.1	7.235	0.000	0.000
81	  E	  1.4	  0.1	7.400	0.000	0.000
82	  L	  1.7	  0.1	6.837	0.000	0.000
83	  K	  2.0	  0.0	6.837	0.000	0.000
84	  A	  0.8	  0.1	5.422	0.000	0.000
85	  E	  1.2	  0.1	4.355	0.000	0.000
86	  L	  1.0	  0.3	3.054	0.000	0.000
87	  D	  0.9	  0.3	4.098	0.000	0.000
88	  D	  0.3	  0.3	4.933	0.000	0.000
89	  L	  0.2	  0.3	4.153	0.000	0.000
90	  K	  0.6	  0.2	4.153	0.000	0.000
91	  E	  0.5	  0.1	3.116	0.000	0.000
92	  K	  3.8	  0.1	2.941	0.000	0.000
93	  V	  3.9	  0.0	2.079	0.000	0.000
94	  H	  3.8	  0.2	2.079	0.000	0.000
95	  P	  0.4	  0.2	0.000	0.000	0.000
96	  Y	  0.2	  0.2	0.000	0.000	0.000
97	  I	  0.2	  0.2	0.000	0.000	0.000
98	  P	  0.2	  0.0	0.000	0.000	0.000
99	  T	 11.0	  0.0	0.854	0.000	0.000
100	  V	 12.2	  0.0	0.854	0.000	0.000
101	  Q	 12.4	  0.0	0.854	0.000	0.000
102	  A	  2.0	  0.0	0.854	0.000	0.000
103	  K	  1.1	  0.0	0.854	0.000	0.000
104	  I	  1.1	  0.0	0.854	0.000	0.000
105	  Q	  0.9	  0.1	0.854	0.000	0.000
106	  K	  1.1	  0.1	0.440	0.000	0.000
107	  H	  6.2	  0.1	0.136	0.000	0.000
108	  I	  6.7	  0.1	0.000	0.000	0.000
109	  E	  6.2	  0.1	0.238	0.000	0.000
110	  Q	  3.0	  0.1	0.238	0.000	0.000
111	  Y	  3.6	  0.1	0.238	0.000	0.000
112	  K	  3.8	  0.0	0.238	0.000	0.000
113	  A	  1.9	  0.1	0.238	0.000	0.000
114	  K	  1.7	  0.1	0.238	0.000	0.000
115	  L	  1.5	  0.0	0.000	0.000	0.000
116	  I	  1.2	  0.0	0.000	0.000	0.000
117	  P	  0.1	  0.0	0.000	0.000	0.000
118	  M	  0.6	  0.0	0.000	0.000	0.000
119	  I	  5.3	  0.0	0.000	0.000	0.000
120	  T	  6.2	  0.0	0.000	0.000	0.000
121	  Q	  5.7	  0.0	0.000	0.000	0.000
122	  V	  1.1	  0.9	0.000	0.000	0.000
123	  G	  0.1	  0.9	0.139	0.000	0.000
124	  D	  0.1	  1.0	0.668	0.000	0.000
125	  K	  0.1	  1.0	0.668	0.000	0.000
126	  A	  0.4	  0.2	0.668	0.000	0.000
127	  M	  0.6	  0.2	0.668	0.000	0.000
128	  N	  0.4	  0.2	0.668	0.000	0.000
129	  N	  0.6	  0.2	0.919	0.000	0.000
130	  M	  0.6	  0.3	0.677	0.000	0.000
131	  K	  0.7	  0.3	0.251	0.000	0.000
132	  D	  0.4	  0.3	0.776	0.000	0.000
133	  L	  0.3	  0.3	0.776	0.000	0.000
134	  K	  0.8	  0.1	0.776	0.000	0.000
135	  E	  1.3	  0.0	0.524	0.000	0.000
136	  V	 11.4	  0.0	0.524	0.000	0.000
137	  V	 11.7	  0.0	0.524	0.000	0.000
138	  E	 11.1	  0.0	0.524	0.000	0.000
139	  P	  0.9	  0.0	0.000	0.000	0.000
140	  H	  0.2	  0.5	0.000	0.000	0.000
141	  A	  0.2	  0.6	0.000	0.000	0.000
142	  E	  0.2	  0.7	0.000	0.000	0.000
143	  G	  0.0	  0.7	0.195	0.000	0.000
144	  L	  0.2	  0.3	0.195	0.000	0.000
145	  R	  0.4	  0.1	0.195	0.000	0.000
146	  T	  1.3	  0.1	0.195	1.525	1.525
147	  A	  2.3	  0.1	0.195	2.837	2.837
148	  V	  6.6	  0.0	0.195	6.604	6.604
149	  I	  6.3	  0.0	0.195	6.604	6.604
150	  T	  5.9	  0.0	0.195	6.604	6.604
151	  N	  4.0	  0.0	0.195	5.843	5.843
152	  V	  4.9	  0.1	0.000	5.843	5.843
153	  K	  4.2	  0.1	0.000	0.000	0.000
154	  D	  1.8	  0.1	0.000	0.000	0.000
155	  M	  0.3	  0.2	0.000	0.000	0.000
156	  Q	  0.3	  0.1	0.000	0.000	0.000
157	  E	  0.2	  0.1	0.000	0.000	0.000
158	  H	  1.0	  0.1	0.000	0.000	0.000
159	  L	  0.9	  0.1	0.000	0.000	0.000
160	  A	  0.9	  0.0	0.000	0.000	0.000
161	  P	  0.1	  0.0	0.000	0.000	0.000
162	  L	  0.0	  0.2	0.000	0.000	0.000
163	  A	  0.1	  0.3	0.000	0.000	0.000
164	  D	  0.1	  0.3	0.167	0.000	0.000
165	  T	  4.0	  0.3	0.571	0.000	0.000
166	  M	  4.2	  0.1	0.571	0.000	0.000
167	  K	  5.0	  0.1	0.571	0.000	0.000
168	  T	  1.6	  0.1	0.571	0.000	0.000
169	  K	  1.5	  0.3	0.571	0.000	0.000
170	  A	  0.7	  0.4	0.405	0.000	0.000
171	  S	  0.2	  0.5	0.362	0.000	0.000
172	  D	  0.0	  0.5	0.360	0.000	0.000
173	  Q	  1.2	  0.4	0.360	0.000	0.000
174	  L	  1.5	  0.2	0.360	0.000	0.000
175	  Q	  1.7	  0.2	0.360	0.000	0.000
176	  S	  2.7	  0.1	0.360	0.000	0.000
177	  L	  2.7	  0.1	0.360	0.000	0.000
178	  R	  3.1	  0.2	0.360	0.000	0.000
179	  K	  1.4	  0.2	0.360	0.000	0.000
180	  N	  1.1	  0.5	0.000	0.000	0.000
181	  T	  0.6	  1.1	0.000	0.000	0.000
182	  G	  0.2	  1.0	0.149	0.000	0.000
183	  S	  2.1	  0.9	1.021	0.000	0.000
184	  M	  2.0	  0.7	1.021	0.000	0.000
185	  T	  2.0	  0.3	4.534	0.000	0.000
186	  E	  0.1	  0.3	4.703	0.000	0.000
187	  D	  1.8	  0.3	9.452	0.000	0.000
188	  V	  2.5	  0.3	9.452	0.000	0.000
189	  R	  2.5	  0.0	9.452	0.000	0.000
190	  K	  1.0	  0.1	9.452	0.000	0.000
191	  K	  5.5	  0.1	8.790	0.000	0.000
192	  V	  6.9	  0.0	6.354	0.000	0.000
193	  T	  7.1	  0.0	6.725	0.000	0.000
194	  D	  1.9	  0.0	7.344	0.000	0.000
195	  W	  0.9	  0.0	7.180	0.000	0.000
196	  L	  0.7	  0.1	6.574	0.000	0.000
197	  S	  0.9	  0.1	6.400	0.000	0.000
198	  R	  1.6	  0.1	5.752	0.000	0.000
199	  F	  3.5	  0.1	5.261	0.000	0.000
200	  Q	  3.5	  0.1	3.835	0.000	0.000
201	  K	  2.9	  0.3	1.381	0.000	0.000
202	  S	  1.0	  0.5	0.211	0.000	0.000
203	  T	  0.9	  0.5	0.000	0.000	0.000
204	  G	  0.2	  0.4	0.000	0.000	0.000
205	  Q	  0.9	  0.2	0.000	0.000	0.000
206	  V	  5.2	  0.0	0.000	0.000	0.000
207	  V	  6.3	  0.1	0.000	0.000	0.000
208	  Q	  5.7	  0.1	0.000	0.000	0.000
209	  D	  1.5	  0.5	0.815	0.000	0.000
210	  L	  0.5	  0.6	0.815	0.000	0.000
211	  S	  0.8	  0.5	0.815	0.000	0.000
212	  T	  1.7	  0.5	0.815	0.000	0.000
213	  K	  1.8	  0.1	0.815	0.000	0.000
214	  M	  1.4	  0.2	0.815	0.000	0.000
215	  G	  0.3	  0.4	0.526	0.000	0.000
216	  P	  0.0	  0.4	0.179	0.000	0.000
217	  Y	  2.2	  0.4	0.560	0.000	0.000
218	  V	  3.5	  0.2	1.161	0.000	0.000
219	  E	  3.6	  0.0	1.831	0.000	0.000
220	  Q	  3.3	  0.0	1.986	0.000	0.000
221	  I	  3.6	  0.0	1.986	0.000	0.000
222	  K	  3.9	  0.0	1.986	0.000	0.000
223	  A	  2.1	  0.0	1.986	0.000	0.000
224	  K	  0.5	  0.0	1.986	0.000	0.000
225	  A	  0.3	  0.1	0.805	0.000	0.000
226	  Q	  0.4	  0.1	0.805	0.000	0.000
227	  S	  0.6	  0.1	0.000	0.000	0.000
228	  I	  2.5	  0.1	0.000	0.000	0.000
229	  Y	  2.6	  0.0	0.000	0.000	0.000
230	  A	  2.2	  0.0	0.000	0.000	0.000
231	  P	  0.2	  0.0	0.000	0.000	0.000
232	  A	  0.1	  0.0	0.000	0.000	0.000
233	  A	  0.1	  0.0	0.000	0.000	0.000
234	  A	  0.1	  0.0	0.000	0.000	0.000
235	  A	  0.0	  0.0	0.000	0.000	0.000
