res	aa	Beta	Turn	Helix	Aggregation	Conc-Stab_Aggregation
01	  D	  0.0	  0.0	0.000	0.000	0.000
02	  A	  0.0	  0.3	0.000	0.000	0.000
03	  P	  0.0	  0.4	0.000	0.000	0.000
04	  S	  0.2	  0.5	0.147	0.000	0.000
05	  Q	  1.7	  0.5	0.147	0.000	0.000
06	  L	  2.1	  0.2	0.147	0.000	0.000
07	  E	  2.0	  0.1	0.147	0.000	0.000
08	  H	  7.0	  0.0	0.147	0.000	0.000
09	  I	  8.3	  0.1	0.147	0.000	0.000
10	  K	  8.3	  0.0	0.147	0.000	0.000
11	  A	  1.9	  0.0	0.000	1.350	1.350
12	  A	  0.3	  0.0	0.000	2.953	2.953
13	  A	  0.9	  0.0	0.000	6.504	6.504
14	  T	  7.2	  0.0	0.000	8.059	8.059
15	  V	 10.7	  0.0	0.000	8.059	8.059
16	  Y	 10.5	  0.0	0.000	8.059	8.059
17	  L	  4.5	  0.0	0.000	7.374	7.374
18	  T	  1.7	  0.0	0.000	3.701	3.701
19	  R	  2.8	  0.0	0.000	0.000	0.000
20	  V	  4.4	  0.0	0.000	0.000	0.000
21	  K	  3.7	  0.1	0.000	0.000	0.000
22	  E	  2.1	  0.1	0.000	0.000	0.000
23	  T	  0.7	  0.1	0.140	0.000	0.000
24	  A	  0.5	  0.1	0.140	0.000	0.000
25	  E	  0.8	  0.1	0.140	0.000	0.000
26	  K	  0.7	  0.1	0.140	0.000	0.000
27	  T	  1.9	  0.1	0.140	0.000	0.000
28	  L	  1.9	  0.1	0.140	0.000	0.000
29	  E	  1.7	  0.1	0.140	0.000	0.000
30	  H	  1.2	  0.8	0.000	0.000	0.000
31	  L	  0.9	  1.0	0.000	0.000	0.000
32	  D	  0.8	  1.0	0.000	0.000	0.000
33	  G	  0.1	  1.0	0.261	0.000	0.000
34	  T	  2.6	  0.3	1.886	0.000	0.000
35	  Q	  3.1	  0.1	1.886	0.000	0.000
36	  Y	  3.4	  0.0	1.886	0.000	0.000
37	  A	  1.0	  0.0	1.886	0.000	0.000
38	  E	  3.8	  0.0	2.057	0.000	0.000
39	  Y	  4.9	  0.0	2.057	0.000	0.000
40	  K	  5.9	  0.0	1.884	0.000	0.000
41	  L	  4.1	  0.1	1.326	0.000	0.000
42	  K	  3.1	  0.1	1.121	0.000	0.000
43	  L	  2.0	  0.1	0.844	0.000	0.000
44	  S	  0.7	  1.0	0.623	0.000	0.000
45	  E	  0.4	  0.9	0.000	0.000	0.000
46	  S	  8.4	  1.2	0.144	0.000	0.000
47	  F	  8.6	  1.2	0.144	0.000	0.000
48	  D	  8.4	  0.4	0.385	0.000	0.000
49	  R	  0.8	  0.4	0.385	0.000	0.000
50	  L	  0.5	  0.2	0.385	0.000	0.000
51	  H	  1.2	  0.1	0.385	0.000	0.000
52	  E	  3.3	  0.0	0.241	0.000	0.000
53	  Y	  7.5	  0.0	0.241	0.000	0.000
54	  T	  7.8	  0.1	0.000	0.000	0.000
55	  Q	  5.2	  0.1	0.000	0.000	0.000
56	  T	  3.8	  0.2	0.000	0.000	0.000
57	  A	  3.1	  0.2	0.000	0.000	0.000
58	  S	  3.4	  0.3	0.000	0.000	0.000
59	  Q	  0.8	  0.3	0.000	0.000	0.000
60	  T	  5.5	  0.1	0.000	0.000	0.000
61	  L	  5.3	  0.1	0.000	0.000	0.000
62	  T	  5.2	  0.5	0.000	0.000	0.000
63	  P	  0.2	  0.5	0.000	0.000	0.000
64	  Y	  0.1	  2.1	0.000	0.000	0.000
65	  G	  0.1	  2.1	0.000	0.000	0.000
66	  D	  0.2	  1.6	1.331	0.000	0.000
67	  A	  0.5	  1.6	1.331	0.000	0.000
68	  F	  6.3	  0.0	1.331	0.000	0.000
69	  T	  7.4	  0.0	1.721	0.000	0.000
70	  A	  7.3	  0.0	1.721	0.000	0.000
71	  Q	  2.8	  0.0	1.721	0.000	0.000
72	  F	  2.2	  0.0	0.990	0.000	0.000
73	  L	  2.1	  0.0	1.024	0.000	0.000
74	  E	  1.2	  0.0	0.815	0.000	0.000
75	  A	  0.8	  0.0	0.815	0.000	0.000
76	  T	  2.2	  0.1	1.451	0.000	0.000
77	  K	  2.1	  0.1	1.451	0.000	0.000
78	  Q	  2.0	  0.1	1.300	0.000	0.000
79	  A	  0.4	  0.1	0.637	0.000	0.000
80	  R	  0.2	  0.1	0.637	0.000	0.000
81	  E	  0.2	  0.1	0.637	0.000	0.000
82	  K	  1.2	  0.1	0.392	0.000	0.000
83	  V	  2.6	  0.0	0.000	0.000	0.000
84	  M	  2.6	  0.2	0.000	0.000	0.000
85	  A	  1.6	  0.2	0.000	0.000	0.000
86	  D	  2.5	  0.2	1.236	0.000	0.000
87	  V	  3.4	  0.4	1.236	0.000	0.000
88	  E	  3.3	  0.1	1.236	0.000	0.000
89	  D	  1.3	  0.1	9.081	0.000	0.000
90	  L	  0.6	  0.2	9.081	0.000	0.000
91	  R	  0.8	  0.1	9.081	0.000	0.000
92	  T	  0.8	  0.1	8.820	0.000	0.000
93	  R	  1.6	  0.1	8.820	0.000	0.000
94	  L	  1.5	  0.0	8.685	0.000	0.000
95	  E	  1.1	  0.0	6.352	0.000	0.000
96	  P	  0.1	  0.0	0.760	0.000	0.000
97	  K	  0.4	  0.1	1.623	0.000	0.000
98	  R	  0.4	  0.1	2.614	0.000	0.000
99	  E	  0.4	  0.2	3.216	0.000	0.000
100	  E	  0.3	  0.1	4.518	0.000	0.000
101	  L	  0.6	  0.1	4.518	0.000	0.000
102	  R	  1.2	  0.1	4.518	0.000	0.000
103	  Q	  1.5	  0.0	4.518	0.000	0.000
104	  V	  3.6	  0.0	4.013	0.000	0.000
105	  L	  3.2	  0.0	4.013	0.000	0.000
106	  Q	  2.8	  0.1	4.013	0.000	0.000
107	  K	  1.0	  0.1	3.001	0.000	0.000
108	  H	  6.3	  0.1	0.164	0.000	0.000
109	  I	  6.3	  0.1	0.000	0.000	0.000
110	  D	  5.7	  0.2	0.998	0.000	0.000
111	  E	  1.0	  0.2	1.193	0.000	0.000
112	  Y	  1.4	  0.2	1.193	0.000	0.000
113	  R	  1.4	  0.2	1.193	0.000	0.000
114	  E	  0.8	  0.1	1.193	0.000	0.000
115	  K	  1.4	  0.1	1.193	0.000	0.000
116	  L	  1.5	  0.1	0.918	0.000	0.000
117	  D	  1.4	  0.0	0.842	0.000	0.000
118	  P	  0.1	  0.0	0.182	0.000	0.000
119	  V	  2.7	  0.0	0.321	0.000	0.000
120	  L	  2.7	  0.1	0.321	0.000	0.000
121	  Q	  3.1	  0.1	0.321	0.000	0.000
122	  E	  0.5	  0.1	0.321	0.000	0.000
123	  Y	  1.5	  0.1	0.139	0.000	0.000
124	  I	  1.8	  0.0	0.139	0.000	0.000
125	  S	  2.4	  1.1	0.139	0.000	0.000
126	  K	  1.5	  1.1	0.139	0.000	0.000
127	  N	  0.8	  1.6	4.552	0.000	0.000
128	  Q	  0.1	  2.3	4.413	0.000	0.000
129	  G	  0.0	  1.2	6.130	0.000	0.000
130	  D	  0.3	  1.2	12.542	0.000	0.000
131	  M	  0.5	  0.8	13.495	0.000	0.000
132	  E	  0.5	  0.0	14.224	0.000	0.000
133	  A	  0.5	  0.0	14.412	0.000	0.000
134	  L	  2.2	  0.0	14.412	0.000	0.000
135	  R	  3.5	  0.0	13.940	0.000	0.000
136	  V	  9.9	  0.0	12.279	0.000	0.000
137	  K	  9.0	  0.0	11.889	0.000	0.000
138	  L	  7.7	  0.0	8.163	0.000	0.000
139	  Q	  1.4	  0.0	7.536	0.000	0.000
140	  P	  0.1	  0.0	0.277	0.000	0.000
141	  L	  0.2	  0.0	0.771	0.000	0.000
142	  V	  0.9	  0.0	2.232	0.000	0.000
143	  E	  0.9	  0.0	3.531	0.000	0.000
144	  E	  1.0	  0.0	3.892	0.000	0.000
145	  M	  0.9	  0.0	3.892	0.000	0.000
146	  R	  0.9	  0.0	3.892	0.000	0.000
147	  A	  0.9	  0.0	3.892	0.000	0.000
148	  K	  1.8	  0.0	3.892	0.000	0.000
149	  V	  5.5	  0.0	1.531	0.000	0.000
150	  Q	  5.7	  0.0	1.531	0.000	0.000
151	  V	 16.9	  0.0	0.000	0.000	0.000
152	  N	 16.8	  0.0	0.000	0.000	0.000
153	  V	 16.8	  0.0	0.000	0.000	0.000
154	  E	  5.3	  0.1	0.000	0.000	0.000
155	  E	  1.0	  0.1	0.000	0.000	0.000
156	  T	  4.0	  0.2	0.161	0.000	0.000
157	  K	  4.6	  0.2	0.161	0.000	0.000
158	  S	  4.3	  0.2	0.161	0.000	0.000
159	  K	  1.5	  0.2	0.161	0.000	0.000
160	  L	  0.9	  0.1	0.161	0.000	0.000
161	  L	  0.7	  0.1	0.161	0.000	0.000
162	  P	  0.1	  0.0	0.000	0.000	0.000
163	  I	  2.9	  0.0	0.000	0.179	0.179
164	  V	 21.7	  0.0	0.000	0.179	0.179
165	  E	 22.2	  0.0	0.000	0.179	0.179
166	  V	 22.1	  0.0	0.000	0.179	0.179
167	  V	  3.9	  0.0	0.000	0.179	0.179
168	  R	  3.2	  0.0	0.000	0.179	0.179
169	  T	  1.8	  0.1	0.000	0.000	0.000
170	  K	  3.2	  0.1	0.000	0.000	0.000
171	  L	  3.1	  0.1	0.000	0.000	0.000
172	  T	  2.1	  0.3	0.000	0.000	0.000
173	  E	  0.1	  0.3	0.000	0.000	0.000
174	  N	  0.5	  0.3	5.406	0.000	0.000
175	  L	  0.5	  0.3	6.390	0.000	0.000
176	  E	  0.5	  0.1	6.545	0.000	0.000
177	  E	  1.4	  0.1	6.545	0.000	0.000
178	  L	  1.6	  0.2	6.545	0.000	0.000
179	  K	  1.7	  0.2	6.545	0.000	0.000
180	  N	  0.3	  0.2	6.047	0.000	0.000
181	  M	  0.4	  0.2	3.704	0.000	0.000
182	  A	  0.4	  0.0	1.629	0.000	0.000
183	  S	  0.4	  0.3	1.794	0.000	0.000
184	  P	  0.0	  0.3	0.821	0.000	0.000
185	  Y	  0.8	  0.3	0.821	0.000	0.000
186	  A	  0.8	  0.3	0.821	0.000	0.000
187	  A	  1.0	  0.0	0.821	0.000	0.000
188	  E	  3.6	  0.0	0.821	0.000	0.000
189	  Y	  4.4	  0.1	0.651	0.000	0.000
190	  K	  4.5	  0.1	0.437	0.000	0.000
191	  E	  1.1	  0.1	0.000	0.000	0.000
192	  H	  1.1	  0.1	0.000	0.000	0.000
193	  L	  1.6	  0.1	0.000	0.000	0.000
194	  V	  4.0	  0.0	0.000	0.000	0.000
195	  K	  3.4	  0.0	0.000	0.000	0.000
196	  A	  3.0	  0.0	0.000	0.000	0.000
197	  V	  1.0	  0.1	0.000	0.000	0.000
198	  D	  0.7	  0.1	0.923	0.000	0.000
199	  D	  1.9	  0.1	1.157	0.000	0.000
200	  V	  2.3	  0.1	1.157	0.000	0.000
201	  K	  2.3	  0.2	1.157	0.000	0.000
202	  K	  1.1	  0.2	1.157	0.000	0.000
203	  N	  3.3	  0.2	1.157	0.000	0.000
204	  V	  3.7	  0.2	0.400	0.000	0.000
205	  S	  3.3	  0.3	0.599	0.000	0.000
206	  P	  0.4	  0.3	0.200	0.000	0.000
207	  H	  0.9	  0.3	0.200	0.000	0.000
208	  T	  1.1	  0.7	0.200	0.000	0.000
209	  A	  1.2	  0.4	0.200	0.000	0.000
210	  D	  0.5	  0.4	0.493	0.000	0.000
211	  L	  0.5	  0.5	0.293	0.000	0.000
212	  Q	  0.7	  0.1	0.293	0.000	0.000
213	  S	  0.8	  0.2	0.293	0.000	0.000
214	  K	  4.6	  0.2	0.293	0.000	0.000
215	  L	  4.5	  0.1	0.293	0.000	0.000
216	  E	  4.3	  0.1	0.293	0.000	0.000
217	  P	  0.1	  0.0	0.000	0.000	0.000
218	  Y	  2.5	  0.0	0.000	0.000	0.000
219	  F	  3.3	  0.7	0.000	0.000	0.000
220	  E	  3.3	  0.7	0.000	0.000	0.000
221	  D	  1.0	  0.7	4.099	0.000	0.000
222	  L	  0.6	  0.8	4.099	0.000	0.000
223	  K	  1.1	  0.2	4.099	0.000	0.000
224	  S	  1.3	  0.1	4.099	0.000	0.000
225	  K	  1.1	  0.1	4.099	0.000	0.000
226	  F	  1.4	  0.0	4.099	19.339	19.339
227	  M	  1.5	  0.0	2.948	19.339	19.339
228	  A	  1.4	  0.0	2.328	19.339	19.339
229	  L	  0.8	  0.0	2.149	19.339	19.339
230	  Y	  0.9	  0.1	1.928	19.339	19.339
231	  E	  0.7	  0.1	1.351	0.000	0.000
232	  T	  4.9	  0.1	0.410	0.000	0.000
233	  V	  5.3	  0.1	0.410	0.000	0.000
234	  A	  5.3	  0.0	0.410	0.000	0.000
235	  K	  1.1	  0.0	0.410	0.000	0.000
236	  K	  0.2	  0.0	0.261	0.000	0.000
237	  V	  0.1	  0.0	0.000	0.000	0.000
