res	aa	Beta	Turn	Helix	Aggregation	Conc-Stab_Aggregation
01	  D	  0.0	  0.0	0.000	0.000	0.000
02	  A	  0.0	  0.3	0.000	0.000	0.000
03	  P	  0.0	  0.4	0.000	0.000	0.000
04	  S	  0.2	  0.5	0.000	0.000	0.000
05	  Q	  1.8	  0.5	0.000	0.000	0.000
06	  L	  2.2	  0.2	0.000	0.000	0.000
07	  E	  2.1	  0.1	0.000	0.000	0.000
08	  H	  2.4	  0.1	0.000	0.000	0.000
09	  V	  3.2	  0.1	0.000	0.000	0.000
10	  R	  3.2	  0.0	0.000	0.000	0.000
11	  A	  1.5	  0.0	0.000	7.502	7.502
12	  A	  0.8	  0.0	0.000	16.235	16.235
13	  V	  9.8	  0.0	0.000	39.768	39.768
14	  S	 10.6	  0.0	0.545	41.063	41.063
15	  V	 13.6	  0.0	0.545	46.296	46.296
16	  Y	  5.3	  0.0	0.545	46.611	46.611
17	  L	  4.2	  0.0	0.545	45.503	45.503
18	  A	  0.9	  0.0	0.545	31.095	31.095
19	  Q	  1.3	  0.0	0.545	18.306	18.306
20	  V	  3.1	  0.0	0.179	18.196	18.196
21	  K	  3.1	  0.1	0.179	0.000	0.000
22	  E	  2.1	  0.1	0.000	0.000	0.000
23	  T	  1.6	  0.1	0.000	0.000	0.000
24	  A	  1.4	  0.1	0.000	0.000	0.000
25	  Q	  1.7	  0.1	0.000	0.000	0.000
26	  R	  1.3	  0.1	0.000	0.000	0.000
27	  S	  4.5	  0.4	0.000	0.000	0.000
28	  I	  7.3	  0.4	0.000	0.000	0.000
29	  D	  6.5	  0.3	0.000	0.000	0.000
30	  L	  3.6	  0.3	0.000	0.000	0.000
31	  L	  0.5	  0.1	0.000	0.000	0.000
32	  D	  0.5	  0.2	0.725	0.000	0.000
33	  D	  0.3	  0.2	1.826	0.000	0.000
34	  T	  0.4	  0.2	3.175	0.000	0.000
35	  E	  3.6	  0.1	3.175	0.000	0.000
36	  Y	  4.3	  0.1	3.175	0.000	0.000
37	  K	  4.2	  0.1	3.175	0.000	0.000
38	  E	  4.2	  0.1	3.175	0.000	0.000
39	  Y	  4.6	  0.1	3.175	0.000	0.000
40	  K	  4.6	  0.0	2.478	0.000	0.000
41	  A	  1.7	  0.0	1.870	0.000	0.000
42	  Q	  1.2	  0.0	1.870	0.000	0.000
43	  L	  1.4	  0.1	1.298	0.000	0.000
44	  S	  3.6	  0.8	1.298	0.000	0.000
45	  K	  3.0	  0.8	0.774	0.000	0.000
46	  S	  5.2	  1.6	0.153	0.000	0.000
47	  L	  2.9	  1.7	0.153	0.000	0.000
48	  D	  2.6	  1.0	0.458	0.000	0.000
49	  N	  0.4	  1.0	0.770	0.378	0.378
50	  L	  1.1	  0.1	0.770	10.662	10.662
51	  Q	  2.3	  0.0	0.770	10.662	10.662
52	  V	  8.2	  0.0	0.617	10.662	10.662
53	  Y	  9.5	  0.0	0.617	10.662	10.662
54	  V	  9.9	  0.0	0.487	10.662	10.662
55	  K	  4.3	  0.0	0.487	0.000	0.000
56	  T	  4.8	  0.2	0.000	0.000	0.000
57	  A	  3.3	  0.2	0.000	0.000	0.000
58	  S	  2.9	  0.3	0.000	0.000	0.000
59	  E	  0.2	  0.3	0.000	0.000	0.000
60	  T	  1.0	  0.2	0.000	0.000	0.000
61	  A	  0.9	  0.1	0.000	0.000	0.000
62	  A	  0.9	  0.2	0.000	0.000	0.000
63	  P	  0.0	  0.1	0.000	0.000	0.000
64	  Y	  0.3	  0.4	0.000	0.000	0.000
65	  S	  0.3	  0.5	0.413	0.000	0.000
66	  D	  0.4	  0.3	1.061	0.000	0.000
67	  A	  0.3	  0.3	1.061	0.000	0.000
68	  F	  1.1	  0.0	1.061	0.000	0.000
69	  A	  1.1	  0.0	1.061	0.000	0.000
70	  A	  1.2	  0.0	1.061	0.000	0.000
71	  Q	  1.5	  0.0	1.061	0.000	0.000
72	  L	  1.4	  0.0	0.145	0.000	0.000
73	  T	  1.2	  0.1	1.259	0.000	0.000
74	  E	  0.4	  0.0	1.259	0.000	0.000
75	  A	  0.5	  0.0	1.259	0.557	0.557
76	  T	  0.8	  0.0	2.321	0.557	0.557
77	  A	  0.7	  0.0	2.321	0.557	0.557
78	  A	  1.2	  0.0	2.321	0.557	0.557
79	  V	  2.2	  0.0	1.813	0.557	0.557
80	  R	  2.1	  0.0	1.813	0.000	0.000
81	  A	  1.7	  0.0	1.305	0.000	0.000
82	  E	  0.6	  0.0	1.152	0.000	0.000
83	  I	  1.5	  0.0	0.411	0.000	0.000
84	  M	  1.5	  0.2	0.411	0.000	0.000
85	  K	  1.5	  0.2	0.186	0.000	0.000
86	  D	  1.2	  0.8	0.000	0.000	0.000
87	  V	  2.2	  0.8	0.000	0.000	0.000
88	  D	  2.0	  0.7	0.178	0.000	0.000
89	  S	  3.2	  0.7	0.878	0.000	0.000
90	  L	  2.2	  0.2	0.878	0.000	0.000
91	  R	  2.5	  0.2	0.878	0.000	0.000
92	  T	  1.5	  0.1	0.878	0.000	0.000
93	  Q	  5.0	  0.1	0.878	0.000	0.000
94	  L	  4.9	  0.0	0.700	0.000	0.000
95	  E	  3.9	  0.0	2.408	0.000	0.000
96	  P	  0.2	  0.1	1.957	0.000	0.000
97	  K	  0.3	  0.1	2.125	0.000	0.000
98	  R	  0.3	  0.1	2.368	0.000	0.000
99	  A	  0.4	  0.1	2.543	0.000	0.000
100	  E	  0.5	  0.1	3.580	0.000	0.000
101	  L	  0.4	  0.1	3.256	0.000	0.000
102	  R	  0.6	  0.1	2.986	0.000	0.000
103	  E	  0.9	  0.0	2.715	0.000	0.000
104	  V	  2.4	  0.0	2.560	0.000	0.000
105	  L	  2.3	  0.1	2.560	0.000	0.000
106	  E	  2.4	  0.1	2.560	0.000	0.000
107	  K	  0.9	  0.1	2.560	0.000	0.000
108	  H	  1.4	  0.1	0.678	0.000	0.000
109	  M	  0.8	  0.2	0.196	0.000	0.000
110	  E	  0.7	  0.1	0.334	0.000	0.000
111	  E	  0.8	  0.1	0.894	0.000	0.000
112	  Y	  3.2	  0.2	0.894	0.000	0.000
113	  R	  3.4	  0.1	0.894	0.000	0.000
114	  Q	  3.1	  0.1	0.894	0.000	0.000
115	  K	  5.3	  0.1	0.698	0.000	0.000
116	  M	  5.1	  0.0	0.698	0.000	0.000
117	  E	  4.7	  0.0	0.455	0.000	0.000
118	  P	  0.1	  0.0	0.000	0.000	0.000
119	  I	  1.9	  0.0	0.000	1.157	1.157
120	  I	  2.8	  0.0	0.000	1.432	1.432
121	  K	  3.3	  0.0	0.000	1.432	1.432
122	  E	  2.0	  0.0	0.000	1.432	1.432
123	  V	  5.4	  0.0	0.204	1.432	1.432
124	  V	  6.0	  0.0	1.270	1.432	1.432
125	  E	  5.5	  0.1	3.240	0.000	0.000
126	  K	  1.7	  0.1	3.240	0.000	0.000
127	  R	  0.6	  0.1	3.680	0.000	0.000
128	  R	  0.6	  0.1	3.805	0.000	0.000
129	  A	  0.4	  0.0	3.805	0.000	0.000
130	  E	  0.4	  0.0	3.805	0.000	0.000
131	  M	  0.6	  0.1	3.351	0.000	0.000
132	  E	  0.6	  0.1	3.048	0.000	0.000
133	  A	  0.6	  0.1	3.048	0.000	0.000
134	  F	  2.4	  0.1	3.048	0.000	0.000
135	  K	  4.9	  0.0	1.082	0.000	0.000
136	  I	 10.9	  0.0	0.448	0.000	0.000
137	  K	 13.1	  0.0	0.448	0.000	0.000
138	  M	 10.6	  0.0	0.304	0.000	0.000
139	  E	  5.0	  0.0	0.304	0.000	0.000
140	  P	  0.1	  0.0	0.000	0.000	0.000
141	  V	  3.5	  0.0	0.000	0.000	0.000
142	  I	  3.8	  0.0	0.186	0.000	0.000
143	  E	  3.8	  0.0	0.186	0.000	0.000
144	  E	  0.6	  0.0	0.186	0.000	0.000
145	  M	  0.5	  0.1	0.186	0.000	0.000
146	  R	  0.7	  0.1	0.186	0.000	0.000
147	  T	  2.5	  0.1	0.186	0.000	0.000
148	  K	  4.5	  0.1	0.186	0.000	0.000
149	  V	  5.5	  0.0	0.000	0.000	0.000
150	  A	  3.5	  0.1	0.000	0.000	0.000
151	  T	  2.0	  0.0	0.000	0.000	0.000
152	  N	  5.3	  0.0	0.000	0.000	0.000
153	  V	  5.8	  0.1	0.000	0.000	0.000
154	  E	  5.1	  0.1	0.000	0.000	0.000
155	  E	  1.2	  0.1	0.000	0.000	0.000
156	  T	  4.1	  0.2	0.225	0.000	0.000
157	  K	  4.7	  0.2	0.225	0.000	0.000
158	  S	  4.3	  0.2	0.225	0.000	0.000
159	  K	  1.5	  0.2	0.225	0.000	0.000
160	  L	  0.9	  0.1	0.225	0.000	0.000
161	  M	  0.8	  0.1	0.225	0.000	0.000
162	  P	  0.1	  0.0	0.406	0.000	0.000
163	  I	  3.2	  0.0	0.406	0.000	0.000
164	  V	  5.0	  0.0	0.406	0.000	0.000
165	  E	  5.1	  0.0	0.406	0.000	0.000
166	  A	  2.5	  0.0	0.406	0.000	0.000
167	  V	  1.4	  0.0	0.406	0.000	0.000
168	  R	  1.6	  0.0	0.406	0.000	0.000
169	  T	  2.0	  0.1	0.181	0.000	0.000
170	  K	  3.4	  0.1	0.181	0.000	0.000
171	  L	  3.2	  0.1	0.000	0.000	0.000
172	  T	  2.4	  0.1	0.182	0.000	0.000
173	  E	  0.3	  0.1	0.182	0.000	0.000
174	  R	  0.7	  0.1	0.787	0.000	0.000
175	  L	  0.5	  0.1	0.787	0.000	0.000
176	  E	  0.5	  0.1	0.787	0.000	0.000
177	  E	  0.3	  0.1	0.787	0.000	0.000
178	  L	  0.5	  0.1	0.787	0.000	0.000
179	  R	  0.9	  0.1	0.787	0.000	0.000
180	  T	  1.2	  0.0	0.336	0.000	0.000
181	  M	  1.3	  0.0	0.336	0.000	0.000
182	  A	  1.0	  0.0	0.162	0.000	0.000
183	  A	  0.4	  0.2	0.000	0.000	0.000
184	  P	  0.0	  0.2	0.000	0.000	0.000
185	  Y	  0.3	  0.4	0.000	0.000	0.000
186	  A	  0.3	  0.5	0.000	0.000	0.000
187	  D	  0.3	  0.5	2.284	0.000	0.000
188	  E	  3.4	  0.5	2.424	0.000	0.000
189	  Y	  4.2	  0.2	2.637	0.000	0.000
190	  K	  4.3	  0.2	2.861	0.000	0.000
191	  E	  0.9	  0.1	2.861	0.000	0.000
192	  Q	  0.7	  0.1	2.861	0.000	0.000
193	  V	  1.8	  0.0	2.564	0.000	0.000
194	  L	  2.2	  0.0	2.564	0.000	0.000
195	  K	  1.9	  0.0	2.376	0.000	0.000
196	  A	  1.5	  0.0	2.093	0.000	0.000
197	  V	  3.4	  0.0	1.599	0.000	0.000
198	  K	  3.3	  0.0	1.599	0.000	0.000
199	  Q	  3.0	  0.0	0.343	0.000	0.000
200	  V	  1.6	  0.1	0.000	0.000	0.000
201	  R	  1.5	  0.2	0.000	0.000	0.000
202	  D	  1.0	  0.2	0.000	0.000	0.000
203	  N	  5.0	  0.2	0.000	0.000	0.000
204	  I	  5.8	  0.1	0.000	0.000	0.000
205	  T	  5.7	  0.2	0.490	0.000	0.000
206	  P	  0.9	  0.3	0.490	0.000	0.000
207	  E	  0.1	  0.3	0.490	0.000	0.000
208	  K	  0.7	  0.3	0.490	0.000	0.000
209	  I	  0.9	  0.1	0.490	0.000	0.000
210	  Q	  1.1	  0.0	0.490	0.000	0.000
211	  T	  1.5	  0.0	0.166	0.000	0.000
212	  Q	  1.3	  0.0	0.166	0.000	0.000
213	  V	  1.0	  0.1	0.000	0.000	0.000
214	  G	  0.1	  0.1	0.302	0.000	0.000
215	  P	  0.0	  0.1	0.302	0.000	0.000
216	  A	  0.0	  0.1	0.302	0.000	0.000
217	  A	  0.0	  0.1	0.302	0.000	0.000
218	  E	  0.1	  0.1	0.473	0.000	0.000
219	  E	  3.5	  0.1	0.936	0.000	0.000
220	  F	  4.3	  0.1	0.775	0.000	0.000
221	  K	  4.6	  0.1	0.634	0.000	0.000
222	  E	  1.4	  0.1	0.634	0.000	0.000
223	  K	  1.6	  0.1	0.634	0.000	0.000
224	  F	  4.0	  0.1	0.634	1.176	1.176
225	  Q	  3.9	  0.0	0.463	1.176	1.176
226	  A	  3.1	  0.0	0.000	1.176	1.176
227	  L	  0.6	  0.0	0.000	1.176	1.176
228	  F	  1.5	  0.1	0.122	1.176	1.176
229	  E	  1.3	  0.1	0.122	0.000	0.000
230	  Q	  3.0	  0.1	0.122	0.000	0.000
231	  I	  3.0	  0.2	0.122	0.000	0.000
232	  K	  3.1	  0.1	0.122	0.000	0.000
233	  Q	  2.2	  0.1	0.122	0.000	0.000
234	  S	  9.1	  0.1	0.000	0.000	0.000
235	  F	 14.4	  0.1	0.000	0.000	0.000
236	  T	 13.5	  0.0	0.000	0.000	0.000
237	  A	  5.7	  0.0	0.000	0.000	0.000
