res	aa	Beta	Turn	Helix	Aggregation	Conc-Stab_Aggregation
01	  D	  0.0	  0.0	0.000	0.000	0.000
02	  D	  0.0	  0.6	0.000	0.000	0.000
03	  P	  0.0	  0.6	0.000	0.000	0.000
04	  Q	  0.0	  0.6	0.000	0.000	0.000
05	  S	  0.0	  0.9	0.172	0.000	0.000
06	  P	  0.0	  0.3	0.172	0.000	0.000
07	  W	  0.2	  0.3	0.172	0.000	0.000
08	  D	  0.3	  0.3	0.172	0.000	0.000
09	  R	  1.9	  0.1	0.172	0.000	0.000
10	  V	  3.0	  0.2	0.172	1.069	1.069
11	  K	  3.0	  0.1	0.172	1.285	1.285
12	  D	  1.5	  0.1	1.312	1.285	1.285
13	  L	  0.5	  0.1	1.312	88.071	88.071
14	  V	 18.2	  0.0	1.312	90.777	90.777
15	  T	 23.1	  0.0	1.312	90.777	90.777
16	  V	 27.8	  0.0	1.312	90.777	90.777
17	  Y	 12.0	  0.0	1.312	90.720	90.720
18	  V	  6.9	  0.0	0.547	83.631	83.631
19	  D	  1.8	  0.0	0.547	0.808	0.808
20	  A	  1.3	  0.0	0.336	0.808	0.808
21	  V	  2.4	  0.4	0.336	0.808	0.808
22	  K	  2.4	  0.5	0.336	0.808	0.808
23	  D	  1.6	  2.4	0.000	0.000	0.000
24	  G	  0.0	  2.5	0.000	0.000	0.000
25	  G	  0.0	  2.2	0.000	0.000	0.000
26	  R	  0.2	  2.1	0.000	0.000	0.000
27	  E	  0.3	  0.2	0.000	0.000	0.000
28	  Y	  2.9	  0.1	0.000	0.773	0.773
29	  V	  4.3	  0.0	0.000	0.773	0.773
30	  A	  4.5	  0.0	0.000	0.773	0.773
31	  Q	  9.0	  0.0	0.000	0.773	0.773
32	  F	  9.8	  0.0	0.134	0.773	0.773
33	  E	  9.6	  0.0	0.382	0.000	0.000
34	  A	  2.8	  0.1	0.382	0.000	0.000
35	  S	  0.5	  0.3	1.069	0.000	0.000
36	  A	  0.4	  0.4	1.069	0.000	0.000
37	  L	  0.2	  0.5	1.069	0.000	0.000
38	  G	  0.1	  0.5	1.069	0.000	0.000
39	  K	  0.2	  0.3	0.935	0.000	0.000
40	  Q	  1.1	  0.2	0.686	0.000	0.000
41	  L	  2.8	  0.1	0.446	0.000	0.000
42	  N	  3.0	  0.0	1.269	0.000	0.000
43	  L	  3.6	  0.0	1.116	0.000	0.000
44	  K	  2.2	  0.0	0.979	0.000	0.000
45	  L	  2.2	  0.0	0.823	0.000	0.000
46	  L	  0.8	  0.3	0.823	0.000	0.000
47	  D	  0.6	  0.3	0.823	0.000	0.000
48	  N	  0.8	  0.8	0.495	0.000	0.000
49	  W	  1.1	  0.9	0.137	0.000	0.000
50	  D	  1.1	  0.7	0.137	0.000	0.000
51	  T	  0.6	  0.8	0.137	0.000	0.000
52	  L	  0.2	  1.0	0.137	0.000	0.000
53	  G	  0.2	  0.9	0.137	0.000	0.000
54	  S	  0.5	  0.9	0.682	0.000	0.000
55	  T	 11.9	  0.7	0.682	0.000	0.000
56	  V	 13.7	  0.1	0.682	0.000	0.000
57	  T	 14.1	  0.0	1.089	0.000	0.000
58	  K	  3.6	  0.0	1.089	0.000	0.000
59	  L	  1.7	  0.1	1.089	0.000	0.000
60	  R	  0.8	  0.1	0.876	0.000	0.000
61	  E	  0.1	  0.1	0.742	0.000	0.000
62	  Q	  0.2	  0.1	0.609	0.000	0.000
63	  I	  0.1	  0.1	0.120	0.000	0.000
64	  G	  0.1	  0.0	0.120	0.000	0.000
65	  P	  0.0	  0.0	0.000	0.000	0.000
66	  V	  4.1	  0.0	0.000	0.000	0.000
67	  T	  4.6	  0.1	0.000	0.000	0.000
68	  Q	  5.0	  0.1	0.000	0.000	0.000
69	  E	  1.4	  0.1	0.000	0.000	0.000
70	  F	  2.1	  0.1	0.000	0.000	0.000
71	  W	  2.0	  0.4	0.000	0.000	0.000
72	  D	  1.5	  0.5	0.163	0.000	0.000
73	  N	  0.8	  0.5	0.334	0.000	0.000
74	  L	  0.7	  0.4	0.334	0.000	0.000
75	  E	  0.8	  0.1	0.334	0.000	0.000
76	  K	  0.5	  0.1	0.567	0.000	0.000
77	  E	  0.4	  0.1	0.713	0.000	0.000
78	  T	  0.7	  0.1	4.491	0.000	0.000
79	  E	  1.0	  0.1	4.491	0.000	0.000
80	  V	  3.0	  0.0	4.491	0.000	0.000
81	  L	  3.0	  0.0	4.491	0.000	0.000
82	  R	  2.7	  0.1	4.491	0.000	0.000
83	  Q	  0.7	  0.1	4.491	0.000	0.000
84	  E	  0.8	  0.1	1.507	0.000	0.000
85	  M	  0.9	  0.1	0.793	0.000	0.000
86	  S	  1.4	  1.4	0.844	0.000	0.000
87	  K	  1.0	  1.4	0.614	0.000	0.000
88	  D	  0.8	  1.4	4.742	0.000	0.000
89	  L	  0.3	  1.4	5.013	0.000	0.000
90	  E	  0.3	  0.1	5.310	0.000	0.000
91	  E	 13.4	  0.0	5.455	0.000	0.000
92	  V	 15.3	  0.1	5.324	0.000	0.000
93	  K	 15.5	  0.0	5.324	0.000	0.000
94	  Q	  3.0	  0.0	4.251	0.000	0.000
95	  K	  3.6	  0.0	3.408	0.000	0.000
96	  V	  3.7	  0.0	1.369	0.000	0.000
97	  Q	  3.2	  0.0	1.369	0.000	0.000
98	  P	  0.4	  0.0	0.000	0.000	0.000
99	  Y	  0.9	  0.1	0.000	0.000	0.000
100	  L	  0.9	  0.4	0.000	0.000	0.000
101	  D	  1.0	  0.4	5.014	0.000	0.000
102	  D	  0.7	  0.4	16.846	0.000	0.000
103	  F	  2.3	  0.3	16.846	0.000	0.000
104	  Q	  2.4	  0.0	16.846	0.000	0.000
105	  K	  2.0	  0.0	16.846	0.000	0.000
106	  K	  0.8	  0.0	16.846	0.000	0.000
107	  W	  1.2	  0.0	16.240	0.000	0.000
108	  Q	  1.2	  0.1	15.136	0.000	0.000
109	  E	  0.7	  0.1	11.419	0.000	0.000
110	  E	  2.0	  0.1	9.661	0.000	0.000
111	  V	  6.1	  0.1	8.164	0.000	0.000
112	  E	  6.3	  0.0	8.164	0.000	0.000
113	  L	  4.5	  0.0	7.411	0.000	0.000
114	  Y	  2.4	  0.1	6.865	0.000	0.000
115	  R	  2.4	  0.1	4.426	0.000	0.000
116	  Q	  2.9	  0.1	3.459	0.000	0.000
117	  K	  5.9	  0.1	1.307	0.000	0.000
118	  V	  6.1	  0.0	0.209	0.000	0.000
119	  A	  5.5	  0.4	0.209	0.000	0.000
120	  P	  0.5	  0.4	0.000	0.000	0.000
121	  L	  0.0	  0.5	0.000	0.000	0.000
122	  G	  0.0	  0.5	0.000	0.000	0.000
123	  T	  0.1	  0.2	0.151	0.000	0.000
124	  E	  0.4	  0.2	0.151	0.000	0.000
125	  L	  0.4	  0.2	0.151	0.000	0.000
126	  R	  0.3	  0.5	0.550	0.000	0.000
127	  E	  0.1	  0.7	0.550	0.000	0.000
128	  G	  0.0	  0.7	2.334	0.000	0.000
129	  A	  0.2	  0.6	2.183	0.000	0.000
130	  R	  0.6	  0.3	2.183	0.000	0.000
131	  Q	  0.9	  0.1	2.183	0.000	0.000
132	  K	  1.3	  0.1	2.183	0.000	0.000
133	  L	  1.0	  0.1	1.785	0.000	0.000
134	  Q	  0.8	  0.1	1.504	0.000	0.000
135	  E	  1.5	  0.1	1.130	0.000	0.000
136	  L	  1.6	  0.1	0.853	0.000	0.000
137	  H	  1.8	  0.2	0.633	0.000	0.000
138	  E	  0.5	  0.2	0.354	0.000	0.000
139	  K	  1.4	  0.2	0.354	0.000	0.000
140	  L	  1.2	  0.1	0.181	0.000	0.000
141	  S	  1.1	  0.6	0.181	0.000	0.000
142	  P	  0.1	  0.6	0.000	0.000	0.000
143	  L	  0.0	  0.7	0.000	0.000	0.000
144	  G	  0.0	  0.8	2.945	0.000	0.000
145	  E	  0.0	  0.2	3.199	0.000	0.000
146	  E	  0.3	  0.2	3.617	0.000	0.000
147	  L	  0.5	  0.3	3.617	0.000	0.000
148	  R	  0.5	  0.2	3.617	0.000	0.000
149	  D	  0.2	  0.3	3.617	0.000	0.000
150	  R	  0.2	  0.3	3.167	0.000	0.000
151	  A	  0.2	  0.1	2.822	0.000	0.000
152	  R	  0.6	  0.1	2.081	0.000	0.000
153	  T	  2.3	  0.1	0.398	0.000	0.000
154	  H	  3.7	  0.1	0.537	0.000	0.000
155	  V	  4.0	  0.0	0.729	0.000	0.000
156	  D	  2.1	  0.1	5.001	0.000	0.000
157	  A	  0.9	  0.1	5.001	0.000	0.000
158	  L	  0.8	  0.2	5.001	0.000	0.000
159	  R	  0.9	  0.2	5.001	0.000	0.000
160	  A	  0.9	  0.0	5.001	0.000	0.000
161	  Q	  0.8	  0.0	5.001	0.000	0.000
162	  L	  0.7	  0.0	1.751	0.000	0.000
163	  A	  0.4	  0.1	1.242	0.000	0.000
164	  P	  0.0	  0.1	0.000	0.000	0.000
165	  Y	  0.1	  0.2	0.333	0.000	0.000
166	  S	  0.1	  0.2	24.085	0.000	0.000
167	  D	  0.1	  0.2	52.087	0.000	0.000
168	  E	  0.1	  0.2	57.296	0.000	0.000
169	  L	  0.1	  0.1	58.074	0.000	0.000
170	  R	  0.2	  0.1	58.695	0.000	0.000
171	  E	  0.1	  0.0	59.021	0.000	0.000
172	  R	  0.1	  0.0	59.399	0.000	0.000
173	  L	  0.1	  0.0	58.976	0.000	0.000
174	  A	  0.1	  0.0	58.149	0.000	0.000
175	  A	  0.2	  0.0	56.220	0.000	0.000
176	  R	  0.4	  0.0	52.334	0.000	0.000
177	  L	  0.5	  0.0	45.509	0.000	0.000
178	  Q	  0.5	  0.0	43.080	0.000	0.000
179	  A	  0.4	  0.0	34.835	0.000	0.000
180	  L	  0.2	  0.0	30.981	0.000	0.000
181	  K	  0.2	  0.2	25.823	0.000	0.000
182	  E	  0.1	  0.3	13.279	0.000	0.000
183	  S	  0.1	  0.4	8.049	0.000	0.000
184	  G	  0.0	  0.5	1.845	0.000	0.000
185	  G	  0.0	  0.5	0.558	0.000	0.000
186	  A	  0.5	  0.5	0.000	0.000	0.000
187	  S	  0.6	  0.3	0.802	0.000	0.000
188	  L	  0.6	  0.4	0.802	0.000	0.000
189	  A	  0.3	  0.2	0.802	0.000	0.000
190	  E	  4.1	  0.2	0.802	0.000	0.000
191	  Y	  6.0	  0.2	0.802	0.000	0.000
192	  H	  6.1	  0.2	0.802	0.000	0.000
193	  A	  2.3	  0.2	0.499	0.000	0.000
194	  K	  0.5	  0.2	0.499	0.000	0.000
195	  A	  0.3	  0.2	0.175	0.000	0.000
196	  S	  0.3	  0.2	0.175	0.000	0.000
197	  E	  0.2	  0.2	0.000	0.000	0.000
198	  H	  0.9	  0.2	0.000	0.000	0.000
199	  L	  1.1	  0.2	0.000	0.000	0.000
200	  S	  1.2	  0.1	0.000	0.000	0.000
201	  T	  6.4	  0.1	0.402	0.000	0.000
202	  L	  6.2	  0.1	0.402	0.000	0.000
203	  S	  6.1	  0.2	0.402	0.000	0.000
204	  E	  0.2	  0.2	0.402	0.000	0.000
205	  K	  0.8	  0.2	0.402	0.000	0.000
206	  A	  0.8	  0.1	0.402	0.000	0.000
207	  K	  0.6	  0.0	0.402	0.000	0.000
208	  P	  0.0	  0.0	0.000	0.000	0.000
209	  A	  0.1	  0.0	0.000	0.000	0.000
210	  L	  0.2	  0.3	0.000	0.000	0.000
211	  E	  0.2	  0.3	0.000	0.000	0.000
212	  D	  0.5	  0.3	0.000	0.000	0.000
213	  L	  0.8	  0.4	0.000	0.000	0.000
214	  R	  0.8	  0.3	0.000	0.000	0.000
215	  Q	  0.4	  0.3	0.000	0.000	0.000
216	  G	  0.1	  0.3	0.000	0.000	0.000
217	  L	  0.1	  0.1	0.000	0.000	0.000
218	  L	  0.1	  0.0	0.000	0.000	0.000
219	  P	  0.1	  0.0	0.000	0.000	0.000
220	  V	  1.6	  0.0	0.000	0.000	0.000
221	  L	  1.8	  0.3	0.000	0.000	0.000
222	  E	  2.0	  0.3	0.000	0.000	0.000
223	  S	  2.2	  0.3	0.000	0.000	0.000
224	  F	  2.6	  0.4	0.000	0.000	0.000
225	  K	  2.5	  0.1	0.000	0.000	0.000
226	  H	  1.3	  0.1	0.000	0.000	0.000
227	  A	  0.7	  0.1	0.000	0.000	0.000
228	  T	  0.6	  0.7	0.000	0.000	0.000
229	  P	  0.1	  0.7	0.000	0.000	0.000
230	  Q	  0.0	  0.7	0.000	0.000	0.000
231	  G	  0.0	  0.7	0.204	0.000	0.000
232	  P	  0.0	  0.0	0.204	0.000	0.000
233	  A	  0.3	  0.0	0.204	0.000	0.000
234	  L	  0.4	  0.0	0.204	0.000	0.000
235	  S	  2.2	  0.6	0.204	0.000	0.000
236	  R	  2.2	  0.9	0.204	0.000	0.000
237	  S	  2.1	  1.5	0.000	0.000	0.000
238	  S	  0.4	  2.2	0.000	0.000	0.000
239	  G	  0.2	  1.7	0.000	0.000	0.000
240	  C	  2.0	  1.3	0.000	0.000	0.000
241	  F	  2.9	  0.8	0.000	0.000	0.000
242	  L	  3.4	  0.0	0.000	0.000	0.000
243	  Q	  1.6	  0.1	0.000	0.000	0.000
244	  H	  1.2	  0.1	0.000	0.000	0.000
245	  S	  2.4	  0.1	0.000	0.000	0.000
246	  C	  4.1	  0.1	0.000	0.000	0.000
247	  V	  7.5	  0.1	0.000	0.000	0.000
248	  N	  5.9	  0.0	0.000	0.000	0.000
249	  Q	  4.0	  0.0	0.000	0.000	0.000
250	  P	  0.1	  0.0	0.000	0.000	0.000
251	  S	  0.0	  0.3	0.000	0.000	0.000
252	  P	  0.0	  0.4	0.000	0.000	0.000
253	  H	  0.2	  0.7	0.000	0.000	0.000
254	  R	  0.3	  0.7	0.000	0.000	0.000
255	  G	  0.3	  0.4	0.000	0.000	0.000
256	  A	  0.1	  0.7	0.000	0.000	0.000
257	  P	  0.0	  0.4	0.000	0.000	0.000
258	  S	  6.0	  0.7	0.000	0.000	0.000
259	  L	  6.2	  0.8	0.000	0.000	0.000
260	  S	  7.1	  1.7	0.000	0.000	0.000
261	  Q	  1.2	  1.7	0.000	0.000	0.000
262	  N	  1.0	  1.4	0.000	0.000	0.000
263	  N	  0.1	  1.4	0.000	0.000	0.000
264	  N	  0.0	  0.3	0.000	0.000	0.000
265	  P	  0.0	  0.2	0.000	0.000	0.000
266	  H	  1.1	  0.2	0.000	0.000	0.000
267	  L	  1.6	  0.2	0.000	0.000	0.000
268	  I	  4.6	  0.0	0.000	0.000	0.000
269	  T	  3.5	  0.0	0.000	0.000	0.000
270	  G	  3.0	  0.0	0.000	0.000	0.000
271	  N	  0.1	  0.0	0.000	0.000	0.000
