res	aa	Beta	Turn	Helix	Aggregation	Conc-Stab_Aggregation
01	  D	  0.0	  0.0	0.000	0.000	0.000
02	  E	  0.0	  0.0	0.000	0.000	0.000
03	  P	  0.0	  0.0	0.000	0.000	0.000
04	  Q	  0.1	  0.0	0.000	0.000	0.000
05	  A	  0.1	  0.2	0.000	0.000	0.000
06	  P	  0.1	  0.2	0.000	0.000	0.000
07	  L	  0.0	  0.2	0.000	0.000	0.000
08	  D	  0.0	  0.3	0.790	0.000	0.000
09	  R	  0.4	  0.1	0.790	0.000	0.000
10	  L	  0.6	  0.3	0.790	0.000	0.000
11	  K	  0.6	  0.3	0.790	0.000	0.000
12	  D	  0.2	  0.2	1.850	0.000	0.000
13	  M	  0.6	  0.2	1.850	0.000	0.000
14	  L	  2.8	  0.0	1.605	0.000	0.000
15	  D	  5.3	  0.0	1.605	0.000	0.000
16	  V	  8.0	  0.0	1.413	0.000	0.000
17	  Y	  6.4	  0.0	1.413	0.000	0.000
18	  L	  3.8	  0.0	0.878	0.000	0.000
19	  E	  0.7	  0.0	1.010	0.000	0.000
20	  T	 16.1	  0.0	0.594	0.000	0.000
21	  V	 18.0	  0.1	0.594	0.000	0.000
22	  K	 18.1	  0.3	0.594	0.000	0.000
23	  A	  2.6	  0.6	0.302	0.000	0.000
24	  S	  0.3	  0.7	0.302	0.000	0.000
25	  G	  0.1	  0.8	0.377	0.000	0.000
26	  K	  0.2	  0.5	0.377	0.000	0.000
27	  E	  0.2	  0.2	0.377	0.000	0.000
28	  A	  0.5	  0.1	0.377	0.179	0.179
29	  I	  1.3	  0.0	0.377	0.179	0.179
30	  A	  1.6	  0.0	0.377	0.179	0.179
31	  Q	  8.7	  0.0	0.377	0.179	0.179
32	  F	 10.2	  0.0	0.185	0.179	0.179
33	  E	 10.0	  0.0	0.000	0.000	0.000
34	  A	  2.9	  0.1	0.000	0.000	0.000
35	  S	  0.8	  0.1	0.000	0.000	0.000
36	  T	  1.2	  0.3	0.000	0.000	0.000
37	  V	  1.2	  0.3	0.000	0.000	0.000
38	  G	  0.7	  0.4	0.000	0.000	0.000
39	  K	  0.2	  0.4	0.000	0.000	0.000
40	  Q	  1.0	  0.2	0.000	0.000	0.000
41	  L	  2.1	  0.1	0.000	0.000	0.000
42	  D	  2.2	  0.1	0.275	0.000	0.000
43	  L	  2.9	  0.1	0.275	0.000	0.000
44	  K	  1.9	  0.1	0.275	0.000	0.000
45	  L	  1.7	  0.3	0.275	0.000	0.000
46	  G	  0.2	  0.6	0.275	0.000	0.000
47	  E	  0.0	  0.5	0.275	0.000	0.000
48	  N	  0.3	  1.2	0.942	0.000	0.000
49	  L	  0.5	  1.1	0.942	0.000	0.000
50	  D	  0.5	  0.8	1.864	0.000	0.000
51	  T	  0.4	  0.8	4.882	0.000	0.000
52	  L	  0.2	  0.2	4.882	0.000	0.000
53	  G	  0.2	  0.2	10.174	0.000	0.000
54	  A	  0.1	  0.1	9.897	0.000	0.000
55	  A	  0.1	  0.1	9.688	0.000	0.000
56	  A	  0.2	  0.0	9.688	0.000	0.000
57	  A	  0.4	  0.0	9.688	0.000	0.000
58	  K	  1.1	  0.0	9.147	0.000	0.000
59	  L	  1.1	  0.1	4.044	0.000	0.000
60	  R	  0.9	  0.5	2.314	0.000	0.000
61	  E	  0.2	  0.5	1.485	0.000	0.000
62	  D	  0.7	  0.5	0.697	0.000	0.000
63	  V	  1.1	  0.4	0.158	0.000	0.000
64	  A	  1.1	  0.2	0.158	0.000	0.000
65	  P	  0.5	  0.2	0.000	0.000	0.000
66	  Y	  1.4	  0.2	0.000	0.000	0.000
67	  Y	  2.3	  0.3	0.000	0.000	0.000
68	  K	  2.9	  0.1	0.000	0.000	0.000
69	  E	  3.4	  0.1	0.000	0.000	0.000
70	  V	  3.1	  0.1	0.000	0.000	0.000
71	  R	  2.5	  0.0	0.107	0.000	0.000
72	  E	  0.8	  0.0	0.107	0.000	0.000
73	  M	  0.9	  0.0	0.107	0.000	0.000
74	  W	  1.3	  0.0	0.107	0.000	0.000
75	  L	  1.2	  0.1	0.107	0.000	0.000
76	  K	  0.8	  0.2	1.683	0.000	0.000
77	  D	  0.5	  0.2	6.821	0.000	0.000
78	  T	  0.4	  0.2	24.881	0.000	0.000
79	  E	  0.2	  0.1	25.378	0.000	0.000
80	  A	  0.3	  0.1	25.378	0.000	0.000
81	  L	  0.5	  0.0	25.378	0.000	0.000
82	  R	  0.6	  0.1	25.378	0.000	0.000
83	  K	  0.4	  0.1	24.876	0.000	0.000
84	  E	  0.6	  0.1	17.420	0.000	0.000
85	  L	  0.6	  0.1	13.361	0.000	0.000
86	  S	  1.0	  1.2	11.564	0.000	0.000
87	  K	  0.7	  1.2	6.812	0.000	0.000
88	  D	  0.7	  1.2	3.692	0.000	0.000
89	  L	  0.3	  1.2	3.232	0.000	0.000
90	  E	  0.2	  0.0	3.523	0.000	0.000
91	  E	 13.4	  0.0	3.550	0.000	0.000
92	  V	 14.9	  0.1	3.304	0.000	0.000
93	  K	 15.1	  0.1	3.304	0.000	0.000
94	  E	  1.9	  0.1	2.378	0.000	0.000
95	  K	  5.1	  0.1	2.195	0.000	0.000
96	  I	  5.3	  0.0	1.157	0.000	0.000
97	  K	  5.3	  0.0	1.157	0.000	0.000
98	  P	  0.5	  0.0	0.000	0.000	0.000
99	  F	  1.0	  0.1	0.000	0.000	0.000
100	  L	  1.1	  0.2	0.000	0.000	0.000
101	  D	  1.8	  0.2	0.784	0.000	0.000
102	  Q	  3.5	  0.2	0.784	0.000	0.000
103	  F	  7.4	  0.1	0.784	0.000	0.000
104	  S	  6.9	  0.0	0.784	0.000	0.000
105	  A	  4.5	  0.0	0.784	0.000	0.000
106	  K	  2.7	  0.0	0.784	0.000	0.000
107	  W	  3.2	  0.0	0.176	0.000	0.000
108	  T	  3.0	  0.3	0.000	0.000	0.000
109	  E	  0.8	  0.3	0.000	0.000	0.000
110	  D	  0.3	  0.3	2.584	0.000	0.000
111	  L	  0.3	  0.5	2.993	0.000	0.000
112	  E	  0.5	  0.2	2.993	0.000	0.000
113	  Q	  2.5	  0.1	2.993	0.000	0.000
114	  Y	  4.8	  0.2	2.993	0.000	0.000
115	  R	  5.1	  0.1	2.993	0.000	0.000
116	  Q	  3.2	  0.1	2.835	0.000	0.000
117	  R	  1.2	  0.1	2.055	0.000	0.000
118	  L	  0.7	  0.1	1.612	0.000	0.000
119	  A	  0.4	  0.0	1.025	0.000	0.000
120	  P	  0.1	  0.0	0.000	0.000	0.000
121	  L	  0.1	  0.0	0.000	0.000	0.000
122	  A	  0.1	  0.0	0.396	0.000	0.000
123	  Q	  0.2	  0.1	0.396	0.000	0.000
124	  E	  1.6	  0.1	0.541	0.000	0.000
125	  L	  1.7	  0.1	0.541	0.000	0.000
126	  K	  1.7	  0.1	0.743	0.000	0.000
127	  E	  0.6	  0.1	0.743	0.000	0.000
128	  L	  0.8	  0.1	0.743	0.000	0.000
129	  S	  1.0	  0.2	2.241	0.000	0.000
130	  K	  0.8	  0.1	2.069	0.000	0.000
131	  Q	  1.2	  0.1	1.700	0.000	0.000
132	  K	  8.5	  0.1	1.499	0.000	0.000
133	  V	 12.7	  0.0	1.499	0.000	0.000
134	  E	 12.1	  0.0	1.499	0.000	0.000
135	  L	  5.0	  0.0	1.499	0.000	0.000
136	  L	  0.4	  0.1	1.499	0.000	0.000
137	  Q	  0.6	  0.1	1.347	0.000	0.000
138	  Q	  0.8	  0.1	0.781	0.000	0.000
139	  K	  4.2	  0.1	0.249	0.000	0.000
140	  L	  4.1	  0.0	0.000	0.000	0.000
141	  T	  3.7	  0.0	0.000	0.000	0.000
142	  P	  0.2	  0.0	0.000	0.000	0.000
143	  V	  0.8	  0.0	0.325	0.000	0.000
144	  A	  0.8	  0.1	1.525	0.000	0.000
145	  E	  0.8	  0.1	2.847	0.000	0.000
146	  E	  0.1	  0.1	3.726	0.000	0.000
147	  A	  0.1	  0.3	3.726	0.000	0.000
148	  R	  0.1	  0.2	3.726	0.000	0.000
149	  D	  0.1	  0.3	3.726	0.000	0.000
150	  R	  0.7	  0.3	3.726	0.000	0.000
151	  L	  0.9	  0.3	3.726	0.000	0.000
152	  R	  0.9	  0.2	2.844	0.000	0.000
153	  G	  0.3	  0.2	2.835	0.000	0.000
154	  H	  2.2	  0.2	2.888	0.000	0.000
155	  V	  2.7	  0.0	4.158	0.000	0.000
156	  E	  2.7	  0.1	6.165	0.000	0.000
157	  E	  0.9	  0.1	6.165	0.000	0.000
158	  L	  0.5	  0.1	6.165	0.000	0.000
159	  R	  1.1	  0.2	6.165	0.000	0.000
160	  K	  1.2	  0.2	6.165	0.000	0.000
161	  N	  2.0	  0.2	5.208	0.000	0.000
162	  V	  1.8	  0.2	0.967	0.000	0.000
163	  A	  1.5	  0.0	0.967	0.000	0.000
164	  P	  0.5	  0.0	0.000	0.000	0.000
165	  F	  0.3	  0.2	0.000	0.000	0.000
166	  S	  0.2	  0.2	12.283	0.000	0.000
167	  D	  0.2	  0.4	19.050	0.000	0.000
168	  E	  0.2	  0.4	20.684	0.000	0.000
169	  L	  0.5	  0.2	20.684	0.000	0.000
170	  R	  0.8	  0.2	20.684	0.000	0.000
171	  Q	  0.8	  0.1	20.684	0.000	0.000
172	  K	  1.0	  0.1	19.148	0.000	0.000
173	  L	  0.9	  0.1	16.477	0.000	0.000
174	  S	  0.8	  0.1	15.487	0.000	0.000
175	  Q	  0.7	  0.1	11.422	0.000	0.000
176	  K	  2.0	  0.1	6.092	0.000	0.000
177	  L	  1.8	  0.1	4.042	0.000	0.000
178	  E	  1.5	  0.1	4.070	0.000	0.000
179	  E	  1.1	  0.0	3.794	0.000	0.000
180	  I	  1.5	  0.1	3.454	0.000	0.000
181	  R	  1.5	  0.2	3.454	0.000	0.000
182	  E	  0.4	  0.5	2.489	0.000	0.000
183	  K	  0.1	  0.5	2.116	0.000	0.000
184	  G	  0.1	  0.5	1.132	0.000	0.000
185	  I	  0.1	  0.3	0.000	0.000	0.000
186	  P	  0.0	  0.0	0.000	0.000	0.000
187	  Q	  0.1	  0.0	0.000	0.000	0.000
188	  A	  0.1	  0.0	0.000	0.000	0.000
189	  A	  0.2	  0.0	0.000	0.000	0.000
190	  E	  1.7	  0.0	0.000	0.000	0.000
191	  Y	  4.3	  0.0	0.000	0.000	0.000
192	  Q	  4.4	  0.0	0.000	0.000	0.000
193	  A	  3.2	  0.0	0.000	0.000	0.000
194	  K	  2.7	  0.0	0.000	0.000	0.000
195	  V	  6.7	  0.0	0.000	0.000	0.000
196	  V	  7.7	  0.0	0.000	0.000	0.000
197	  E	  5.7	  0.0	0.000	0.000	0.000
198	  Q	  2.2	  0.0	0.000	0.000	0.000
199	  L	  0.9	  0.2	0.000	0.000	0.000
200	  S	  0.9	  0.2	0.000	0.000	0.000
201	  N	  0.8	  0.2	0.374	0.000	0.000
202	  L	  0.8	  0.2	0.374	0.000	0.000
203	  R	  0.8	  0.1	0.374	0.000	0.000
204	  E	  0.2	  0.1	0.374	0.000	0.000
205	  K	  4.2	  0.1	0.374	0.000	0.000
206	  M	  4.4	  0.0	0.374	0.000	0.000
207	  T	  4.3	  0.0	0.000	0.000	0.000
208	  P	  0.2	  0.0	0.000	0.000	0.000
209	  L	  0.2	  0.0	0.000	0.000	0.000
210	  M	  0.5	  0.5	0.000	0.000	0.000
211	  Q	  1.1	  0.5	0.000	0.000	0.000
212	  D	  1.4	  0.5	0.159	0.000	0.000
213	  F	  1.9	  0.5	0.159	0.000	0.000
214	  K	  1.5	  0.1	0.159	0.000	0.000
215	  E	  1.1	  0.1	0.159	0.000	0.000
216	  R	  1.6	  0.1	0.159	0.000	0.000
217	  L	  1.5	  0.1	0.159	0.000	0.000
218	  T	  1.5	  0.0	0.000	0.000	0.000
219	  P	  0.2	  0.0	0.000	0.000	0.000
220	  Y	  1.3	  0.0	0.000	0.000	0.000
221	  T	  1.3	  0.1	2.757	0.000	0.000
222	  E	  1.4	  0.1	2.757	0.000	0.000
223	  T	  3.4	  0.1	6.030	0.000	0.000
224	  L	  3.6	  0.1	6.030	0.000	0.000
225	  K	  3.8	  0.0	6.030	0.000	0.000
226	  A	  0.8	  0.0	6.030	0.000	0.000
227	  R	  1.0	  0.0	5.631	0.000	0.000
228	  F	  1.9	  0.1	4.523	9.286	9.286
229	  L	  3.6	  0.1	1.933	9.286	9.286
230	  S	  3.2	  0.1	1.784	9.286	9.286
231	  L	  2.2	  0.1	1.171	9.286	9.286
232	  L	  0.4	  0.3	0.927	9.286	9.286
233	  E	  0.2	  0.3	0.927	0.000	0.000
234	  D	  0.2	  0.3	0.694	0.000	0.000
235	  L	  0.4	  0.3	0.694	0.000	0.000
236	  Q	  0.7	  0.1	0.694	0.000	0.000
237	  K	  1.5	  0.1	0.422	0.000	0.000
238	  T	  4.6	  0.1	0.000	0.000	0.000
239	  V	  4.3	  0.0	0.000	0.000	0.000
240	  A	  3.4	  0.0	0.000	0.000	0.000
