res	aa	Beta	Turn	Helix	Aggregation	Conc-Stab_Aggregation
01	  D	  0.0	  0.0	0.000	0.000	0.000
02	  E	  0.0	  0.0	0.000	0.000	0.000
03	  P	  0.0	  0.1	0.000	0.000	0.000
04	  Q	  0.1	  0.1	0.000	0.000	0.000
05	  T	  1.6	  0.1	0.000	0.000	0.000
06	  S	  7.3	  0.5	0.000	0.000	0.000
07	  W	  7.4	  0.5	0.000	0.000	0.000
08	  D	  6.0	  0.5	0.204	0.000	0.000
09	  R	  1.8	  0.5	0.204	0.000	0.000
10	  V	  3.1	  0.4	0.204	0.135	0.135
11	  K	  3.2	  0.3	0.204	0.135	0.135
12	  D	  1.7	  0.3	1.415	0.135	0.135
13	  F	  0.5	  0.5	1.415	12.708	12.708
14	  A	  0.9	  0.2	1.211	12.883	12.883
15	  T	  2.1	  0.2	1.211	12.883	12.883
16	  M	  2.6	  0.2	1.211	12.883	12.883
17	  Y	  3.6	  0.1	1.211	12.883	12.883
18	  V	 11.3	  0.1	0.487	11.861	11.861
19	  D	 12.2	  0.1	0.487	0.000	0.000
20	  V	 13.0	  0.1	0.332	0.000	0.000
21	  I	  4.6	  0.0	0.332	0.000	0.000
22	  Q	  2.3	  0.3	0.332	0.000	0.000
23	  E	  0.2	  0.5	0.124	0.000	0.000
24	  S	  0.1	  0.7	0.000	0.000	0.000
25	  G	  0.1	  1.1	0.000	0.000	0.000
26	  K	  0.2	  0.8	0.000	0.000	0.000
27	  D	  0.6	  0.7	0.000	0.000	0.000
28	  Y	  3.4	  0.4	0.000	0.329	0.329
29	  V	  4.9	  0.0	0.000	0.329	0.329
30	  A	  4.8	  0.0	0.000	0.329	0.329
31	  Q	  2.6	  0.0	0.000	0.329	0.329
32	  L	  1.3	  0.0	0.000	0.329	0.329
33	  D	  1.0	  1.3	6.330	0.000	0.000
34	  A	  0.4	  1.4	6.330	0.000	0.000
35	  S	  0.4	  1.4	6.330	0.000	0.000
36	  T	  0.5	  1.6	6.751	0.000	0.000
37	  L	  0.3	  0.3	6.751	0.000	0.000
38	  G	  0.2	  0.3	6.912	0.000	0.000
39	  K	  0.2	  0.3	4.692	0.000	0.000
40	  Q	  1.1	  0.2	1.475	0.000	0.000
41	  L	  2.7	  0.1	0.936	0.000	0.000
42	  N	  2.9	  0.4	1.374	0.000	0.000
43	  L	  3.7	  0.4	1.088	0.000	0.000
44	  N	  2.1	  0.4	1.088	0.000	0.000
45	  L	  1.8	  0.4	0.438	0.000	0.000
46	  L	  0.2	  0.5	0.438	0.000	0.000
47	  E	  0.3	  0.5	0.438	0.000	0.000
48	  N	  0.8	  1.0	0.151	0.000	0.000
49	  W	  1.1	  1.1	0.151	0.000	0.000
50	  D	  1.0	  0.6	0.151	0.000	0.000
51	  T	  6.4	  0.6	0.151	0.000	0.000
52	  L	  6.4	  0.2	0.151	0.000	0.000
53	  S	  6.4	  0.2	0.151	0.000	0.000
54	  S	  0.8	  0.1	0.000	0.000	0.000
55	  A	  0.9	  0.1	0.000	0.000	0.000
56	  F	  3.3	  0.2	0.000	0.000	0.000
57	  S	  3.3	  0.2	0.387	0.000	0.000
58	  K	  3.5	  0.2	0.387	0.000	0.000
59	  L	  1.1	  0.2	0.387	0.000	0.000
60	  R	  0.9	  0.2	0.387	0.000	0.000
61	  E	  0.1	  0.1	0.387	0.000	0.000
62	  Q	  0.1	  0.1	0.387	0.000	0.000
63	  L	  0.1	  0.1	0.000	0.000	0.000
64	  G	  0.1	  0.1	0.000	0.000	0.000
65	  H	  1.9	  0.0	0.000	0.000	0.000
66	  V	  4.0	  0.0	0.000	0.000	0.000
67	  S	  4.3	  0.1	0.000	0.000	0.000
68	  Q	  2.9	  0.1	0.000	0.000	0.000
69	  E	  1.2	  0.1	0.000	0.000	0.000
70	  F	  1.9	  0.1	0.000	0.000	0.000
71	  W	  1.9	  0.1	0.000	0.000	0.000
72	  D	  3.2	  0.1	0.000	0.000	0.000
73	  T	 13.4	  0.1	0.000	0.000	0.000
74	  F	 15.0	  0.1	0.000	0.000	0.000
75	  E	 13.5	  0.2	0.000	0.000	0.000
76	  K	  2.7	  0.2	0.000	0.000	0.000
77	  D	  0.6	  0.2	0.308	0.000	0.000
78	  T	  1.1	  0.1	1.573	0.000	0.000
79	  A	  1.1	  0.0	1.573	0.000	0.000
80	  W	  1.8	  0.0	1.573	0.000	0.000
81	  L	  1.0	  0.0	1.573	0.000	0.000
82	  R	  0.8	  0.1	1.573	0.000	0.000
83	  E	  0.1	  0.1	1.407	0.000	0.000
84	  E	  1.2	  0.1	0.785	0.000	0.000
85	  M	  1.3	  0.1	0.439	0.000	0.000
86	  N	  1.3	  1.0	0.983	0.000	0.000
87	  K	  0.3	  1.1	1.208	0.000	0.000
88	  D	  0.3	  1.1	2.436	0.000	0.000
89	  L	  0.5	  1.1	2.575	0.000	0.000
90	  E	  0.5	  0.1	2.783	0.000	0.000
91	  K	  4.6	  0.0	2.783	0.000	0.000
92	  V	  5.2	  0.1	2.511	0.000	0.000
93	  K	  5.2	  0.1	2.511	0.000	0.000
94	  K	  1.0	  0.1	1.680	0.000	0.000
95	  K	  3.6	  0.1	1.305	0.000	0.000
96	  V	  3.9	  0.0	0.000	0.000	0.000
97	  Q	  3.7	  0.0	0.000	0.000	0.000
98	  P	  0.4	  0.0	0.000	0.000	0.000
99	  F	  0.9	  0.1	0.000	0.000	0.000
100	  L	  1.2	  0.2	0.000	0.000	0.000
101	  D	  1.7	  0.2	0.177	0.000	0.000
102	  S	  3.9	  0.2	10.250	0.000	0.000
103	  F	  4.6	  0.2	10.410	0.000	0.000
104	  Q	  4.2	  0.1	10.531	0.000	0.000
105	  E	  1.2	  0.1	11.022	0.000	0.000
106	  K	  0.7	  0.1	11.527	0.000	0.000
107	  M	  0.6	  0.1	11.947	0.000	0.000
108	  Q	  0.6	  0.1	12.345	0.000	0.000
109	  E	  0.1	  0.1	12.042	0.000	0.000
110	  E	 12.5	  0.1	11.789	0.000	0.000
111	  V	 14.0	  0.1	11.207	0.000	0.000
112	  K	 14.2	  0.0	11.207	0.000	0.000
113	  R	  2.8	  0.0	10.534	0.000	0.000
114	  Y	  2.2	  0.1	9.990	0.000	0.000
115	  R	  2.3	  0.0	1.483	0.000	0.000
116	  H	  2.6	  0.0	0.569	0.000	0.000
117	  K	 17.5	  0.0	0.122	0.000	0.000
118	  V	 17.9	  0.0	0.000	0.000	0.000
119	  E	 16.9	  0.0	0.000	0.000	0.000
120	  P	  0.8	  0.0	0.000	0.000	0.000
121	  L	  1.7	  0.0	0.000	0.000	0.000
122	  S	  2.9	  0.0	0.489	0.000	0.000
123	  L	  3.6	  0.1	0.489	0.000	0.000
124	  E	  2.3	  0.1	0.489	0.000	0.000
125	  L	  1.3	  0.5	0.489	0.000	0.000
126	  R	  0.5	  0.7	0.489	0.000	0.000
127	  D	  0.2	  0.9	0.489	0.000	0.000
128	  G	  0.0	  0.9	0.149	0.000	0.000
129	  A	  0.2	  0.4	0.000	0.000	0.000
130	  H	  0.6	  0.3	0.000	0.000	0.000
131	  Q	  1.0	  0.1	0.000	0.000	0.000
132	  Q	  1.9	  0.1	0.000	0.000	0.000
133	  L	  1.6	  0.2	0.000	0.000	0.000
134	  K	  1.3	  0.1	0.000	0.000	0.000
135	  E	  0.6	  0.1	0.000	0.000	0.000
136	  L	  0.6	  0.1	0.000	0.000	0.000
137	  Q	  0.6	  0.1	0.000	0.000	0.000
138	  E	  0.3	  0.2	0.000	0.000	0.000
139	  K	  0.4	  0.2	0.000	0.000	0.000
140	  L	  0.2	  0.2	0.000	0.000	0.000
141	  G	  0.2	  0.7	0.000	0.000	0.000
142	  P	  0.0	  0.8	0.000	0.000	0.000
143	  L	  0.0	  0.9	0.000	0.000	0.000
144	  G	  0.0	  1.2	0.000	0.000	0.000
145	  K	  0.1	  0.7	0.000	0.000	0.000
146	  D	  0.3	  0.5	0.000	0.000	0.000
147	  L	  0.4	  0.6	0.000	0.000	0.000
148	  K	  0.4	  0.3	0.000	0.000	0.000
149	  D	  0.3	  0.3	0.000	0.000	0.000
150	  H	  0.4	  0.3	0.000	0.000	0.000
151	  A	  0.7	  0.0	0.000	0.000	0.000
152	  L	  1.8	  0.0	0.000	0.000	0.000
153	  V	  6.7	  0.0	0.000	0.000	0.000
154	  H	  7.3	  0.2	0.167	0.000	0.000
155	  M	  6.2	  0.3	0.167	0.000	0.000
156	  D	  1.0	  0.4	0.774	0.000	0.000
157	  E	  0.3	  0.4	0.774	0.000	0.000
158	  L	  0.9	  0.2	0.774	0.000	0.000
159	  R	  1.4	  0.2	0.774	0.000	0.000
160	  S	  1.3	  0.1	0.774	0.000	0.000
161	  H	  1.4	  0.1	0.607	0.000	0.000
162	  L	  1.0	  0.2	0.160	0.000	0.000
163	  R	  2.2	  0.1	0.160	0.000	0.000
164	  T	 21.3	  0.1	0.456	0.000	0.000
165	  Y	 22.2	  0.1	0.456	0.000	0.000
166	  T	 21.1	  0.1	0.456	0.000	0.000
167	  E	  1.3	  0.1	0.456	0.000	0.000
168	  E	  0.1	  0.1	1.197	0.000	0.000
169	  M	  0.1	  0.1	1.197	0.000	0.000
170	  G	  0.1	  0.0	2.758	0.000	0.000
171	  Q	  1.1	  0.0	2.554	0.000	0.000
172	  I	  2.1	  0.0	2.302	0.000	0.000
173	  L	  2.0	  0.0	2.302	0.000	0.000
174	  A	  1.1	  0.1	2.302	0.000	0.000
175	  E	  0.1	  0.1	2.302	0.000	0.000
176	  R	  0.3	  0.1	1.519	0.000	0.000
177	  L	  0.2	  0.2	0.920	0.000	0.000
178	  G	  0.2	  0.1	0.761	0.000	0.000
179	  A	  0.6	  0.0	0.350	0.000	0.000
180	  I	  1.4	  0.1	0.000	0.000	0.000
181	  K	  1.5	  0.1	0.000	0.000	0.000
182	  E	  1.1	  0.2	0.000	0.000	0.000
183	  S	  2.6	  0.4	0.000	0.000	0.000
184	  T	  3.1	  0.4	0.223	0.000	0.000
185	  S	  3.0	  0.3	0.896	0.000	0.000
186	  L	  0.8	  0.4	0.896	0.000	0.000
187	  A	  0.3	  0.2	0.896	0.000	0.000
188	  E	  1.7	  0.2	0.896	0.000	0.000
189	  Y	  2.3	  0.2	0.896	0.000	0.000
190	  Q	  2.4	  0.1	0.673	0.000	0.000
191	  T	  1.4	  0.1	0.151	0.000	0.000
192	  K	  1.0	  0.1	0.151	0.000	0.000
193	  A	  0.8	  0.1	0.000	0.000	0.000
194	  S	  0.3	  0.2	0.119	0.000	0.000
195	  E	  0.1	  0.1	0.119	0.000	0.000
196	  H	  0.7	  0.1	0.119	0.000	0.000
197	  L	  0.8	  0.2	0.119	0.000	0.000
198	  R	  1.9	  0.1	0.119	0.000	0.000
199	  T	 32.2	  0.1	0.119	0.000	0.000
200	  F	 33.8	  0.1	0.119	0.000	0.000
201	  S	 32.8	  0.1	0.000	0.000	0.000
202	  K	  3.0	  0.1	0.000	0.000	0.000
203	  K	  0.6	  0.1	0.000	0.000	0.000
204	  A	  0.5	  0.1	0.000	0.000	0.000
205	  K	  0.5	  0.0	0.000	0.000	0.000
206	  P	  0.0	  0.0	0.000	0.000	0.000
207	  I	  0.8	  0.0	0.000	0.000	0.000
208	  L	  0.9	  0.3	0.185	0.000	0.000
209	  E	  0.9	  0.3	0.185	0.000	0.000
210	  D	  0.5	  0.3	0.185	0.000	0.000
211	  L	  0.8	  0.4	0.185	0.000	0.000
212	  R	  0.8	  0.3	0.185	0.000	0.000
213	  Q	  0.4	  0.3	0.185	0.000	0.000
214	  G	  0.1	  0.3	0.000	0.000	0.000
215	  L	  0.1	  0.1	0.000	0.000	0.000
216	  L	  0.1	  0.0	0.000	0.000	0.000
217	  P	  0.1	  0.0	0.000	0.000	0.000
218	  V	  0.9	  0.0	0.000	0.000	0.000
219	  A	  0.9	  0.3	0.000	0.000	0.000
220	  E	  1.0	  0.3	0.000	0.000	0.000
221	  N	  1.0	  0.3	0.163	0.000	0.000
222	  F	  1.4	  0.4	0.163	0.000	0.000
223	  K	  1.6	  0.1	0.163	0.000	0.000
224	  T	  1.1	  0.1	0.163	0.000	0.000
225	  N	  2.6	  0.1	0.163	0.000	0.000
226	  I	  2.7	  0.1	0.163	0.000	0.000
227	  K	  2.7	  0.1	0.163	0.000	0.000
228	  N	  3.8	  0.1	0.000	0.000	0.000
229	  T	 10.9	  0.1	0.000	0.000	0.000
230	  F	 11.6	  0.1	0.000	0.000	0.000
231	  D	  8.8	  0.1	1.372	0.000	0.000
232	  Q	  3.3	  0.1	1.372	0.000	0.000
233	  I	  4.6	  0.1	1.372	0.000	0.000
234	  T	  4.9	  0.1	1.372	0.000	0.000
235	  K	  3.3	  0.1	1.372	0.000	0.000
236	  H	  2.5	  0.1	1.372	0.000	0.000
237	  V	  3.9	  0.1	0.000	0.000	0.000
238	  T	  6.2	  0.0	0.000	0.000	0.000
239	  T	  4.6	  0.0	0.000	0.000	0.000
240	  Q	  2.6	  0.0	0.000	0.000	0.000
