res	aa	Beta	Turn	Helix	Aggregation	Conc-Stab_Aggregation
01	  D	  0.0	  0.0	0.000	0.000	0.000
02	  E	  0.0	  0.0	0.000	0.000	0.000
03	  P	  0.0	  0.0	0.000	0.000	0.000
04	  Q	  0.0	  0.0	0.000	0.000	0.000
05	  S	  0.0	  0.3	0.172	0.000	0.000
06	  P	  0.0	  0.3	0.172	0.000	0.000
07	  W	  0.2	  0.3	0.172	0.000	0.000
08	  D	  0.3	  0.3	0.341	0.000	0.000
09	  R	  1.9	  0.1	0.341	0.000	0.000
10	  V	  3.0	  0.3	0.341	1.176	1.176
11	  K	  3.1	  0.2	0.341	1.397	1.397
12	  D	  1.7	  0.2	1.226	1.397	1.397
13	  F	  1.2	  0.2	1.226	90.447	90.447
14	  V	 19.2	  0.0	1.056	91.562	91.562
15	  T	 23.9	  0.0	1.056	91.545	91.545
16	  V	 26.2	  0.0	1.056	91.545	91.545
17	  Y	  9.6	  0.1	1.056	91.427	91.427
18	  L	  4.1	  0.1	0.822	76.668	76.668
19	  D	  1.1	  0.1	1.183	0.731	0.731
20	  A	  1.0	  0.1	1.053	0.731	0.731
21	  V	  2.6	  0.0	0.945	0.731	0.731
22	  K	  2.6	  0.4	0.945	0.731	0.731
23	  E	  1.9	  0.5	0.548	0.000	0.000
24	  S	  0.2	  0.9	0.548	0.000	0.000
25	  G	  0.1	  1.2	0.000	0.000	0.000
26	  R	  0.4	  0.9	0.000	0.000	0.000
27	  D	  0.7	  0.7	0.000	0.000	0.000
28	  Y	  2.3	  0.3	0.000	0.000	0.000
29	  V	  4.0	  0.1	0.000	0.000	0.000
30	  S	  4.1	  0.1	0.766	0.000	0.000
31	  Q	  9.5	  0.1	0.766	0.000	0.000
32	  F	 10.0	  0.1	0.766	0.000	0.000
33	  E	  9.7	  0.0	0.766	0.000	0.000
34	  A	  2.8	  0.0	0.766	0.000	0.000
35	  S	  0.5	  0.2	1.291	0.000	0.000
36	  A	  0.4	  0.4	1.041	0.000	0.000
37	  M	  0.3	  0.4	1.041	0.000	0.000
38	  G	  0.2	  0.5	0.831	0.000	0.000
39	  K	  0.2	  0.3	0.525	0.000	0.000
40	  Q	  1.1	  0.2	0.525	0.000	0.000
41	  L	  2.8	  0.1	0.276	0.000	0.000
42	  N	  3.0	  0.0	1.099	0.000	0.000
43	  L	  3.6	  0.0	0.962	0.000	0.000
44	  K	  2.2	  0.0	0.962	0.000	0.000
45	  L	  2.2	  0.0	0.823	0.000	0.000
46	  L	  0.8	  0.3	0.823	0.000	0.000
47	  D	  0.6	  0.3	0.823	0.000	0.000
48	  N	  0.8	  0.9	0.358	0.000	0.000
49	  W	  1.2	  1.0	0.000	0.000	0.000
50	  D	  1.2	  0.9	0.000	0.000	0.000
51	  S	  5.4	  1.1	0.000	0.000	0.000
52	  L	  5.1	  0.5	0.000	0.000	0.000
53	  S	  5.3	  0.5	0.000	0.000	0.000
54	  S	  1.2	  0.4	0.000	0.000	0.000
55	  T	 19.4	  0.2	0.000	0.000	0.000
56	  F	 22.9	  0.1	0.000	0.000	0.000
57	  T	 23.9	  0.0	0.298	0.000	0.000
58	  K	  7.4	  0.0	0.298	0.000	0.000
59	  V	  3.6	  0.0	0.298	0.000	0.000
60	  R	  1.9	  0.1	0.298	0.000	0.000
61	  E	  0.5	  0.1	0.298	0.000	0.000
62	  Q	  0.1	  0.1	0.298	0.000	0.000
63	  L	  0.1	  0.1	0.141	0.000	0.000
64	  G	  0.1	  0.1	0.141	0.000	0.000
65	  P	  0.0	  0.0	0.000	0.000	0.000
66	  V	  4.1	  0.0	0.000	0.000	0.000
67	  T	  4.6	  0.1	0.000	0.000	0.000
68	  Q	  5.0	  0.1	0.000	0.000	0.000
69	  E	  1.4	  0.1	0.000	0.000	0.000
70	  F	  2.1	  0.1	0.000	0.000	0.000
71	  W	  2.3	  0.2	0.000	0.000	0.000
72	  D	  1.9	  0.3	0.000	0.000	0.000
73	  S	  1.8	  0.3	0.000	0.000	0.000
74	  L	  1.4	  0.3	0.000	0.000	0.000
75	  E	  1.6	  0.3	0.000	0.000	0.000
76	  K	  0.7	  0.2	0.000	0.000	0.000
77	  D	  0.6	  0.3	0.164	0.000	0.000
78	  T	  0.5	  0.4	2.277	0.000	0.000
79	  A	  0.2	  0.3	2.277	0.000	0.000
80	  G	  0.2	  0.3	2.667	0.000	0.000
81	  L	  0.4	  0.3	2.667	0.000	0.000
82	  R	  0.6	  0.1	2.667	0.000	0.000
83	  Q	  0.8	  0.1	2.667	0.000	0.000
84	  A	  0.6	  0.1	2.667	0.000	0.000
85	  M	  0.6	  0.0	2.238	0.000	0.000
86	  N	  0.4	  0.8	2.130	0.000	0.000
87	  K	  0.2	  0.8	1.659	0.000	0.000
88	  D	  0.3	  0.8	10.659	0.000	0.000
89	  L	  0.3	  0.9	11.542	0.000	0.000
90	  E	  0.2	  0.0	12.870	0.000	0.000
91	  E	 12.5	  0.0	13.050	0.000	0.000
92	  V	 13.0	  0.1	12.939	0.000	0.000
93	  K	 13.1	  0.0	12.939	0.000	0.000
94	  K	  0.9	  0.0	11.744	0.000	0.000
95	  K	  2.8	  0.0	10.226	0.000	0.000
96	  V	  3.1	  0.0	3.926	0.000	0.000
97	  Q	  3.0	  0.0	3.705	0.000	0.000
98	  P	  0.4	  0.0	0.000	0.000	0.000
99	  Y	  0.9	  0.1	0.000	0.000	0.000
100	  L	  0.9	  0.2	0.000	0.000	0.000
101	  D	  0.9	  0.2	6.896	0.000	0.000
102	  E	  3.7	  0.2	7.543	0.000	0.000
103	  F	  5.0	  0.1	7.543	0.000	0.000
104	  H	  5.2	  0.0	7.543	0.000	0.000
105	  K	  1.6	  0.0	7.543	0.000	0.000
106	  K	  0.9	  0.0	7.543	0.000	0.000
107	  W	  1.4	  0.0	7.250	0.000	0.000
108	  Q	  1.4	  0.1	6.963	0.000	0.000
109	  E	  0.7	  0.1	6.371	0.000	0.000
110	  E	  0.3	  0.1	6.699	0.000	0.000
111	  M	  1.0	  0.1	6.756	0.000	0.000
112	  E	  1.2	  0.1	6.510	0.000	0.000
113	  L	  1.2	  0.1	6.290	0.000	0.000
114	  Y	  2.2	  0.1	6.066	0.000	0.000
115	  R	  2.3	  0.1	4.606	0.000	0.000
116	  Q	  2.8	  0.1	3.526	0.000	0.000
117	  K	 16.8	  0.1	1.044	0.000	0.000
118	  V	 17.2	  0.0	0.163	0.000	0.000
119	  E	 16.7	  0.0	0.163	0.000	0.000
120	  P	  0.7	  0.0	0.000	0.000	0.000
121	  L	  0.6	  0.0	0.000	0.000	0.000
122	  S	  1.0	  0.0	2.029	0.000	0.000
123	  A	  1.1	  0.1	2.029	0.000	0.000
124	  E	  0.8	  0.1	2.029	0.000	0.000
125	  L	  0.4	  0.1	2.029	0.000	0.000
126	  R	  0.3	  0.5	2.588	0.000	0.000
127	  E	  0.1	  0.6	2.588	0.000	0.000
128	  G	  0.0	  0.6	4.734	0.000	0.000
129	  A	  0.2	  0.6	4.105	0.000	0.000
130	  R	  0.5	  0.3	3.810	0.000	0.000
131	  Q	  0.9	  0.1	3.520	0.000	0.000
132	  K	  1.3	  0.1	3.708	0.000	0.000
133	  L	  1.0	  0.1	3.325	0.000	0.000
134	  Q	  0.8	  0.1	3.052	0.000	0.000
135	  E	  0.5	  0.1	2.836	0.000	0.000
136	  L	  0.5	  0.1	2.576	0.000	0.000
137	  Q	  0.6	  0.1	2.374	0.000	0.000
138	  E	  0.3	  0.2	1.915	0.000	0.000
139	  K	  0.4	  0.2	1.657	0.000	0.000
140	  L	  0.2	  0.2	1.329	0.000	0.000
141	  G	  0.2	  0.6	1.142	0.000	0.000
142	  P	  0.0	  0.6	0.000	0.000	0.000
143	  L	  0.0	  0.6	0.000	0.000	0.000
144	  G	  0.0	  0.7	3.492	0.000	0.000
145	  E	  0.0	  0.1	4.357	0.000	0.000
146	  E	  0.3	  0.1	5.173	0.000	0.000
147	  M	  0.6	  0.3	5.173	0.000	0.000
148	  R	  0.6	  0.2	5.337	0.000	0.000
149	  D	  0.3	  0.3	5.603	0.000	0.000
150	  R	  0.2	  0.3	5.427	0.000	0.000
151	  A	  0.2	  0.1	5.076	0.000	0.000
152	  R	  0.4	  0.1	4.340	0.000	0.000
153	  A	  0.6	  0.0	2.811	0.000	0.000
154	  H	  2.0	  0.1	1.826	0.000	0.000
155	  V	  2.8	  0.1	0.000	0.000	0.000
156	  D	  2.5	  0.1	0.153	0.000	0.000
157	  T	  3.6	  0.1	0.153	0.000	0.000
158	  L	  2.8	  0.1	0.153	0.000	0.000
159	  R	  3.1	  0.1	0.153	0.000	0.000
160	  T	  1.6	  0.1	0.153	0.000	0.000
161	  Q	  1.7	  0.1	0.153	0.000	0.000
162	  L	  1.4	  0.1	0.000	0.000	0.000
163	  A	  0.4	  0.1	0.000	0.000	0.000
164	  P	  0.0	  0.1	0.108	0.000	0.000
165	  Y	  0.2	  0.2	0.395	0.000	0.000
166	  S	  0.2	  0.2	26.195	0.000	0.000
167	  D	  0.2	  0.2	42.041	0.000	0.000
168	  E	  0.2	  0.2	45.168	0.000	0.000
169	  L	  0.3	  0.1	45.273	0.000	0.000
170	  R	  0.6	  0.1	45.362	0.000	0.000
171	  Q	  0.7	  0.1	45.362	0.000	0.000
172	  R	  0.6	  0.1	44.293	0.000	0.000
173	  L	  0.3	  0.0	42.899	0.000	0.000
174	  A	  0.2	  0.0	40.895	0.000	0.000
175	  K	  0.2	  0.0	36.580	0.000	0.000
176	  H	  0.5	  0.0	18.059	0.000	0.000
177	  L	  0.5	  0.1	13.355	0.000	0.000
178	  E	  0.5	  0.0	12.527	0.000	0.000
179	  A	  0.4	  0.0	11.015	0.000	0.000
180	  L	  0.3	  0.0	9.319	0.000	0.000
181	  K	  0.5	  0.2	7.211	0.000	0.000
182	  E	  0.3	  0.2	2.870	0.000	0.000
183	  T	  0.2	  0.3	0.552	0.000	0.000
184	  G	  0.0	  2.7	0.552	0.000	0.000
185	  P	  0.0	  2.8	0.000	0.000	0.000
186	  G	  0.0	  2.9	0.000	0.000	0.000
187	  S	  0.1	  2.7	0.327	0.000	0.000
188	  L	  0.2	  1.1	0.327	0.000	0.000
189	  A	  0.2	  0.8	0.327	0.000	0.000
190	  D	  0.3	  0.7	0.499	0.000	0.000
191	  Y	  2.2	  0.7	0.499	0.000	0.000
192	  H	  2.5	  0.2	0.499	0.000	0.000
193	  A	  2.3	  0.2	0.324	0.000	0.000
194	  K	  0.6	  0.2	0.324	0.000	0.000
195	  A	  0.3	  0.2	0.172	0.000	0.000
196	  S	  0.3	  0.2	0.172	0.000	0.000
197	  E	  0.2	  0.2	0.000	0.000	0.000
198	  H	  1.0	  0.2	0.000	0.000	0.000
199	  L	  1.3	  0.2	0.000	0.000	0.000
200	  S	  1.3	  0.2	0.205	0.000	0.000
201	  S	  2.6	  0.2	1.741	0.000	0.000
202	  L	  2.3	  0.2	1.741	0.000	0.000
203	  R	  2.2	  0.2	1.741	0.000	0.000
204	  E	  0.2	  0.1	1.741	0.000	0.000
205	  K	  0.8	  0.1	1.741	0.000	0.000
206	  A	  0.8	  0.1	1.536	0.000	0.000
207	  K	  0.7	  0.0	1.054	0.000	0.000
208	  P	  0.0	  0.0	0.000	0.000	0.000
209	  A	  0.2	  0.0	0.000	0.000	0.000
210	  L	  0.3	  0.2	0.000	0.000	0.000
211	  D	  0.3	  0.2	0.427	0.000	0.000
212	  D	  0.5	  0.2	0.427	0.000	0.000
213	  L	  0.8	  0.4	0.427	0.000	0.000
214	  R	  0.8	  0.3	0.427	0.000	0.000
215	  Q	  0.4	  0.3	0.427	0.000	0.000
216	  G	  0.1	  0.3	0.427	0.000	0.000
217	  L	  0.1	  0.2	0.152	0.000	0.000
218	  M	  0.2	  0.0	0.152	0.000	0.000
219	  P	  0.1	  0.0	0.000	0.000	0.000
220	  V	  1.6	  0.0	0.000	0.489	0.489
221	  L	  1.8	  0.1	0.000	0.489	0.489
222	  E	  1.8	  0.1	0.000	0.489	0.489
223	  S	  0.8	  0.1	0.163	0.489	0.489
224	  L	  2.4	  0.1	0.163	0.489	0.489
225	  K	  3.7	  0.0	0.163	0.489	0.489
226	  V	  8.0	  0.0	0.163	28.522	28.522
227	  S	  6.6	  0.0	1.580	30.917	30.917
228	  L	  5.9	  0.0	1.580	33.698	33.698
229	  I	  2.0	  0.0	1.580	33.698	33.698
230	  A	  1.7	  0.0	1.580	33.546	33.546
231	  A	  1.4	  0.0	1.580	32.449	32.449
232	  F	  1.2	  0.1	1.828	27.307	27.307
233	  E	  1.0	  0.1	2.019	0.000	0.000
234	  E	  1.0	  0.1	1.864	0.000	0.000
235	  A	  0.6	  0.1	1.864	0.000	0.000
236	  T	  1.7	  0.1	1.864	0.000	0.000
237	  K	  1.5	  0.1	1.864	0.000	0.000
238	  K	  2.1	  0.1	1.709	0.000	0.000
239	  L	  1.3	  0.1	0.502	0.000	0.000
240	  N	  1.6	  0.1	0.202	0.000	0.000
241	  T	  0.8	  0.0	0.000	0.000	0.000
242	  Q	  0.4	  0.0	0.000	0.000	0.000
