res	aa	Beta	Turn	Helix	Aggregation	Conc-Stab_Aggregation
01	  A	  0.0	  0.4	0.000	0.000	0.000
02	  P	  0.0	  0.4	0.000	0.000	0.000
03	  S	  0.2	  0.5	0.000	0.000	0.000
04	  Q	  0.3	  0.5	0.000	0.000	0.000
05	  L	  0.5	  0.1	0.000	0.000	0.000
06	  A	  1.4	  0.0	0.000	0.000	0.000
07	  H	  7.9	  0.0	0.000	0.000	0.000
08	  I	  9.2	  0.0	0.000	0.000	0.000
09	  R	  8.3	  0.0	0.000	0.000	0.000
10	  A	  1.6	  0.0	0.000	0.000	0.000
11	  A	  0.1	  0.3	0.000	0.000	0.000
12	  A	  0.2	  0.3	0.000	0.000	0.000
13	  D	  2.7	  0.3	0.000	0.000	0.000
14	  V	  6.8	  0.3	0.000	0.000	0.000
15	  Y	  7.3	  0.0	0.000	0.000	0.000
16	  M	  5.2	  0.0	0.000	0.000	0.000
17	  T	  1.6	  0.0	0.136	0.000	0.000
18	  Q	  1.2	  0.0	0.136	0.000	0.000
19	  A	  0.8	  0.1	0.136	0.000	0.000
20	  K	  0.4	  0.2	0.136	0.000	0.000
21	  E	  0.2	  0.2	0.136	0.000	0.000
22	  S	  0.5	  0.2	1.031	0.000	0.000
23	  A	  1.0	  0.1	0.895	0.000	0.000
24	  I	  2.6	  0.0	0.895	0.000	0.000
25	  K	  2.4	  0.0	0.895	0.000	0.000
26	  A	  2.0	  0.0	0.895	0.000	0.000
27	  L	  0.5	  0.0	0.895	0.000	0.000
28	  D	  0.4	  0.1	0.385	0.000	0.000
29	  Q	  1.0	  0.1	0.193	0.000	0.000
30	  L	  0.9	  0.3	0.000	0.000	0.000
31	  D	  1.0	  0.2	0.000	0.000	0.000
32	  D	  0.2	  0.1	0.000	0.000	0.000
33	  T	  0.1	  0.3	0.000	0.000	0.000
34	  P	  0.1	  0.1	0.000	0.000	0.000
35	  Y	  1.3	  0.2	0.000	0.000	0.000
36	  Q	  1.4	  0.3	0.000	0.000	0.000
37	  E	  2.8	  0.1	0.503	0.000	0.000
38	  L	  2.0	  0.1	0.503	0.000	0.000
39	  K	  2.4	  0.1	0.650	0.000	0.000
40	  A	  1.5	  0.0	0.650	0.000	0.000
41	  T	  1.6	  0.0	0.962	0.000	0.000
42	  L	  1.1	  0.0	0.962	0.000	0.000
43	  A	  0.7	  0.1	0.962	0.000	0.000
44	  Q	  0.5	  0.1	0.817	0.000	0.000
45	  R	  0.9	  0.1	0.312	0.000	0.000
46	  L	  0.8	  0.3	0.312	0.000	0.000
47	  E	  0.5	  0.3	0.312	0.000	0.000
48	  D	  0.2	  0.2	0.312	0.000	0.000
49	  M	  0.4	  0.3	0.000	0.000	0.000
50	  H	  0.5	  0.2	0.000	0.000	0.000
51	  N	  0.6	  0.2	0.000	0.000	0.000
52	  N	  2.5	  0.2	0.000	0.000	0.000
53	  I	  3.8	  0.1	0.000	0.000	0.000
54	  K	  3.7	  0.1	0.000	0.000	0.000
55	  Q	  2.7	  0.1	0.000	0.000	0.000
56	  L	  1.6	  0.2	0.000	0.000	0.000
57	  Q	  1.8	  0.2	0.000	0.000	0.000
58	  N	  0.8	  0.1	0.000	0.000	0.000
59	  Q	  1.6	  0.1	0.000	0.000	0.000
60	  V	  1.7	  0.0	0.000	0.000	0.000
61	  S	  1.5	  0.0	0.000	0.000	0.000
62	  P	  0.4	  0.0	0.000	0.000	0.000
63	  M	  0.3	  0.0	0.000	0.000	0.000
64	  T	  0.8	  0.1	0.000	0.000	0.000
65	  D	  1.3	  0.1	0.000	0.000	0.000
66	  T	  6.7	  0.1	0.000	0.000	0.000
67	  V	 10.7	  0.0	0.000	0.186	0.186
68	  V	 11.4	  0.0	0.000	0.186	0.186
69	  S	  6.0	  0.0	0.000	0.186	0.186
70	  S	  6.9	  0.2	0.000	0.186	0.186
71	  I	  5.6	  0.3	0.000	0.186	0.186
72	  S	  5.5	  0.3	3.801	0.000	0.000
73	  D	  0.1	  0.6	4.925	0.000	0.000
74	  A	  0.2	  0.4	4.925	0.000	0.000
75	  T	  0.6	  0.3	6.325	0.000	0.000
76	  A	  0.6	  0.3	6.325	0.000	0.000
77	  E	  0.8	  0.0	6.325	0.000	0.000
78	  L	  0.8	  0.1	5.339	0.000	0.000
79	  R	  0.9	  0.1	4.831	0.000	0.000
80	  A	  1.1	  0.0	3.595	0.000	0.000
81	  S	  1.0	  0.0	2.278	0.000	0.000
82	  I	  1.8	  0.0	0.380	0.000	0.000
83	  A	  1.3	  0.2	0.380	0.000	0.000
84	  A	  1.1	  0.2	0.258	0.000	0.000
85	  D	  1.9	  0.2	5.257	0.000	0.000
86	  I	  2.9	  0.3	6.045	0.000	0.000
87	  E	  2.8	  0.0	6.772	0.000	0.000
88	  A	  1.3	  0.0	6.772	0.000	0.000
89	  L	  0.8	  0.0	6.772	0.000	0.000
90	  R	  0.8	  0.0	6.772	0.000	0.000
91	  A	  0.6	  0.0	6.059	0.000	0.000
92	  E	  0.6	  0.0	4.719	0.000	0.000
93	  L	  0.6	  0.0	2.561	0.000	0.000
94	  E	  0.6	  0.0	4.903	0.000	0.000
95	  P	  0.1	  0.1	3.070	0.000	0.000
96	  K	  0.3	  0.1	3.070	0.000	0.000
97	  R	  0.4	  0.1	3.070	0.000	0.000
98	  A	  0.6	  0.1	3.214	0.000	0.000
99	  K	  1.2	  0.1	3.770	0.000	0.000
100	  L	  1.1	  0.1	2.926	0.000	0.000
101	  R	  1.1	  0.1	2.589	0.000	0.000
102	  E	  0.9	  0.0	2.361	0.000	0.000
103	  V	  2.4	  0.0	2.155	0.000	0.000
104	  L	  2.3	  0.1	2.155	0.000	0.000
105	  E	  2.4	  0.1	2.155	0.000	0.000
106	  K	  0.9	  0.1	1.988	0.000	0.000
107	  H	  1.3	  0.1	0.373	0.000	0.000
108	  L	  0.7	  0.2	0.000	0.000	0.000
109	  E	  0.6	  0.1	0.000	0.000	0.000
110	  E	  0.9	  0.1	0.000	0.000	0.000
111	  Y	  1.5	  0.2	0.000	0.000	0.000
112	  R	  1.8	  0.1	0.000	0.000	0.000
113	  T	  2.1	  0.1	0.000	0.000	0.000
114	  H	  2.9	  0.1	0.000	0.000	0.000
115	  L	  2.6	  0.0	0.000	0.000	0.000
116	  E	  1.5	  0.0	0.454	0.000	0.000
117	  P	  0.1	  0.0	0.454	0.000	0.000
118	  Y	  1.7	  0.0	0.588	0.000	0.000
119	  V	  2.2	  0.0	0.886	0.000	0.000
120	  R	  2.4	  0.0	2.362	0.000	0.000
121	  E	  2.2	  0.0	3.855	0.000	0.000
122	  Y	  4.3	  0.1	3.977	0.000	0.000
123	  Q	  4.3	  0.0	3.977	0.000	0.000
124	  A	  2.9	  0.1	3.821	0.000	0.000
125	  K	  0.5	  0.2	3.821	0.000	0.000
126	  Q	  0.3	  0.2	3.947	0.000	0.000
127	  N	  0.2	  0.2	7.792	0.000	0.000
128	  A	  0.2	  0.1	8.039	0.000	0.000
129	  E	  0.3	  0.0	10.848	0.000	0.000
130	  M	  0.5	  0.0	12.224	0.000	0.000
131	  E	  0.4	  0.0	13.751	0.000	0.000
132	  A	  0.5	  0.0	13.751	0.000	0.000
133	  L	  0.7	  0.0	13.751	0.000	0.000
134	  R	  0.8	  0.0	13.410	0.000	0.000
135	  A	  0.8	  0.0	12.120	0.000	0.000
136	  K	  4.5	  0.0	9.837	0.000	0.000
137	  M	  4.5	  0.0	3.521	0.000	0.000
138	  E	  4.2	  0.0	1.216	0.000	0.000
139	  P	  0.1	  0.0	0.000	0.000	0.000
140	  V	  2.0	  0.0	0.000	0.000	0.000
141	  M	  2.1	  0.0	0.000	0.000	0.000
142	  T	  2.2	  0.1	0.701	0.000	0.000
143	  E	  0.4	  0.1	0.701	0.000	0.000
144	  L	  0.7	  0.1	0.701	0.000	0.000
145	  R	  0.9	  0.1	0.701	0.000	0.000
146	  Q	  1.3	  0.1	0.701	0.000	0.000
147	  K	  3.3	  0.1	0.701	0.000	0.000
148	  V	  4.2	  0.0	0.274	0.000	0.000
149	  A	  3.6	  0.1	0.274	0.000	0.000
150	  T	  2.1	  0.0	0.134	0.000	0.000
151	  N	  2.2	  0.4	0.134	0.000	0.000
152	  V	  2.3	  0.4	0.000	0.000	0.000
153	  D	  1.6	  0.6	3.149	0.000	0.000
154	  E	  0.3	  0.6	3.394	0.000	0.000
155	  T	  0.4	  0.3	4.150	0.000	0.000
156	  R	  0.4	  0.3	4.150	0.000	0.000
157	  A	  0.5	  0.0	4.150	0.000	0.000
158	  A	  0.9	  0.0	4.150	0.000	0.000
159	  L	  0.9	  0.0	3.809	0.000	0.000
160	  M	  0.8	  0.0	2.862	0.000	0.000
161	  P	  0.1	  0.0	0.000	0.000	0.000
162	  I	  2.7	  0.0	0.000	0.000	0.000
163	  V	  4.1	  0.0	0.000	0.000	0.000
164	  E	  4.1	  0.0	0.000	0.000	0.000
165	  S	  4.7	  0.0	11.666	0.000	0.000
166	  V	  4.0	  0.1	11.666	0.000	0.000
167	  R	  4.1	  0.0	11.666	0.000	0.000
168	  T	  1.7	  0.1	12.398	0.000	0.000
169	  K	  1.6	  0.1	13.087	0.000	0.000
170	  L	  1.6	  0.0	13.429	0.000	0.000
171	  V	  2.2	  0.1	12.680	0.000	0.000
172	  E	  1.7	  0.0	13.784	0.000	0.000
173	  R	  1.9	  0.0	12.952	0.000	0.000
174	  L	  0.6	  0.1	12.514	0.000	0.000
175	  E	  0.6	  0.0	12.758	0.000	0.000
176	  A	  0.4	  0.0	12.186	0.000	0.000
177	  L	  0.6	  0.0	11.876	0.000	0.000
178	  K	  0.7	  0.0	11.131	0.000	0.000
179	  A	  0.5	  0.0	7.950	0.000	0.000
180	  M	  0.3	  0.0	6.297	0.000	0.000
181	  A	  0.2	  0.0	1.516	0.000	0.000
182	  T	  0.2	  0.0	0.406	0.000	0.000
183	  P	  0.1	  0.0	0.000	0.000	0.000
184	  Y	  2.3	  0.0	0.000	0.000	0.000
185	  V	  2.9	  0.1	0.170	0.000	0.000
186	  E	  2.9	  0.1	0.385	0.000	0.000
187	  E	  4.0	  0.1	0.759	0.000	0.000
188	  Y	  4.2	  0.1	1.064	0.000	0.000
189	  K	  4.2	  0.1	1.570	0.000	0.000
190	  E	  0.9	  0.1	1.570	0.000	0.000
191	  Q	  1.0	  0.1	1.570	0.000	0.000
192	  L	  1.2	  0.1	1.570	0.000	0.000
193	  R	  1.4	  0.1	1.570	0.000	0.000
194	  Q	  1.0	  0.1	1.570	0.000	0.000
195	  A	  1.3	  0.1	0.446	0.000	0.000
196	  Y	  3.5	  0.1	0.446	0.000	0.000
197	  S	  3.1	  0.1	0.000	0.000	0.000
198	  Q	  2.8	  0.3	0.000	0.000	0.000
199	  A	  0.4	  0.5	0.000	0.000	0.000
200	  Q	  0.3	  0.4	0.000	0.000	0.000
201	  G	  0.1	  0.4	0.000	0.000	0.000
202	  V	  1.6	  0.2	0.000	0.000	0.000
203	  N	  1.9	  0.1	0.000	0.000	0.000
204	  T	  1.9	  0.1	0.000	0.000	0.000
205	  E	  0.4	  0.1	0.000	0.000	0.000
206	  Q	  2.3	  0.1	0.000	0.000	0.000
207	  I	  4.9	  0.1	0.000	0.000	0.000
208	  T	  5.4	  0.1	0.141	0.000	0.000
209	  S	  5.4	  0.1	0.885	0.000	0.000
210	  L	  2.7	  0.1	0.885	0.000	0.000
211	  R	  2.1	  0.1	0.885	0.000	0.000
212	  E	  0.1	  0.1	0.885	0.000	0.000
213	  K	  3.6	  0.1	0.885	0.000	0.000
214	  L	  3.7	  0.1	0.744	0.000	0.000
215	  T	  3.7	  0.4	0.351	0.000	0.000
216	  P	  0.2	  0.4	0.000	0.000	0.000
217	  L	  0.0	  0.5	0.000	0.000	0.000
218	  G	  0.0	  0.5	2.396	0.000	0.000
219	  E	  0.0	  0.1	2.755	0.000	0.000
220	  E	  7.0	  0.1	3.112	0.000	0.000
221	  I	  7.8	  0.1	3.112	0.000	0.000
222	  K	  8.1	  0.1	3.112	0.000	0.000
223	  E	  1.2	  0.1	3.112	0.000	0.000
224	  K	  1.0	  0.1	2.920	0.000	0.000
225	  L	  1.0	  0.1	2.143	1.073	1.073
226	  H	  1.3	  0.0	1.831	1.073	1.073
227	  A	  1.0	  0.0	0.704	28.265	28.265
228	  M	  1.2	  0.0	0.540	60.069	60.069
229	  V	 11.0	  0.0	0.000	60.069	60.069
230	  T	 13.1	  0.0	0.000	60.069	60.069
231	  I	 14.3	  0.0	0.000	60.069	60.069
232	  I	  4.6	  0.1	0.000	59.618	59.618
233	  K	  2.2	  0.1	0.000	0.000	0.000
234	  D	  2.3	  0.1	0.000	0.000	0.000
235	  T	 11.6	  0.1	0.000	0.000	0.000
236	  F	 12.0	  0.1	0.000	0.000	0.000
237	  N	 10.3	  0.0	0.000	0.000	0.000
238	  K	  0.8	  0.0	0.000	0.000	0.000
239	  N	  0.0	  0.0	0.000	0.000	0.000
