res	aa	Beta	Turn	Helix	Aggregation	Conc-Stab_Aggregation
01	  D	  0.0	  0.0	0.000	0.000	0.000
02	  A	  0.0	  0.3	0.000	0.000	0.000
03	  P	  0.0	  0.4	0.000	0.000	0.000
04	  S	  0.2	  0.5	0.000	0.000	0.000
05	  Q	  1.0	  0.5	0.000	0.000	0.000
06	  L	  1.3	  0.2	0.000	0.000	0.000
07	  D	  1.2	  0.1	0.901	0.000	0.000
08	  H	  2.3	  0.0	0.901	0.000	0.000
09	  V	  3.3	  0.0	0.901	0.000	0.000
10	  R	  3.3	  0.0	0.901	0.000	0.000
11	  A	  1.6	  0.0	0.901	0.000	0.000
12	  A	  0.4	  0.0	0.901	0.000	0.000
13	  M	  3.2	  0.0	0.695	0.000	0.000
14	  D	  5.5	  0.0	0.379	0.000	0.000
15	  V	  9.0	  0.0	0.205	3.237	3.237
16	  Y	  6.8	  0.0	0.205	3.474	3.474
17	  L	  4.6	  0.0	0.000	3.474	3.474
18	  T	  1.8	  0.0	0.000	3.474	3.474
19	  Q	  2.3	  0.0	0.000	3.474	3.474
20	  V	  3.8	  0.0	0.000	2.905	2.905
21	  K	  3.0	  0.1	0.180	0.000	0.000
22	  E	  1.9	  0.2	0.180	0.000	0.000
23	  S	  0.4	  0.2	1.220	0.000	0.000
24	  A	  0.4	  0.2	1.220	0.000	0.000
25	  K	  0.4	  0.1	1.220	0.000	0.000
26	  K	  0.3	  0.1	1.220	0.000	0.000
27	  A	  0.4	  0.1	1.040	0.000	0.000
28	  L	  0.6	  0.1	1.040	0.000	0.000
29	  D	  0.5	  0.1	0.677	0.000	0.000
30	  H	  1.1	  0.3	0.338	0.000	0.000
31	  L	  0.8	  0.5	0.000	0.000	0.000
32	  D	  0.8	  0.5	4.934	0.000	0.000
33	  D	  0.1	  0.5	9.005	0.000	0.000
34	  A	  0.2	  0.2	9.005	0.000	0.000
35	  E	  3.2	  0.0	9.316	0.000	0.000
36	  Y	  3.7	  0.5	9.316	0.000	0.000
37	  K	  3.6	  0.5	9.316	0.000	0.000
38	  D	  0.7	  0.5	10.365	0.000	0.000
39	  L	  0.4	  0.7	9.869	0.000	0.000
40	  K	  0.3	  0.2	9.740	0.000	0.000
41	  D	  0.2	  0.3	8.895	0.000	0.000
42	  R	  0.5	  0.3	8.478	0.000	0.000
43	  L	  0.7	  0.1	8.173	0.000	0.000
44	  S	  1.4	  0.2	7.337	0.000	0.000
45	  Q	  1.4	  0.1	4.643	0.000	0.000
46	  R	  4.3	  0.1	1.583	0.000	0.000
47	  I	  3.7	  0.2	0.247	0.000	0.000
48	  E	  3.3	  0.1	0.247	0.000	0.000
49	  D	  0.2	  0.1	0.128	0.000	0.000
50	  M	  1.7	  0.1	0.000	0.000	0.000
51	  H	  3.2	  0.0	0.000	0.000	0.000
52	  V	  7.8	  0.0	0.000	0.000	0.000
53	  Q	  7.3	  0.0	0.000	0.000	0.000
54	  V	  8.1	  0.0	0.000	0.000	0.000
55	  K	  3.7	  0.0	0.000	0.000	0.000
56	  A	  2.6	  0.0	0.000	0.000	0.000
57	  L	  0.3	  0.2	0.000	0.000	0.000
58	  Q	  0.2	  0.3	0.000	0.000	0.000
59	  G	  0.1	  0.3	0.000	0.000	0.000
60	  S	 18.8	  0.3	0.000	0.000	0.000
61	  V	 19.1	  0.1	0.000	0.000	0.000
62	  S	 19.1	  0.0	0.000	0.000	0.000
63	  P	  0.4	  0.0	0.000	0.000	0.000
64	  I	  0.5	  0.0	0.000	0.000	0.000
65	  T	  1.1	  0.1	0.000	0.000	0.000
66	  D	  1.3	  0.1	0.000	0.000	0.000
67	  S	  1.8	  0.1	0.000	0.000	0.000
68	  V	  6.0	  0.1	0.000	1.699	1.699
69	  V	  6.8	  0.0	0.000	1.865	1.865
70	  S	  6.4	  0.0	0.000	1.865	1.865
71	  T	  4.6	  0.0	0.000	1.865	1.865
72	  I	  3.7	  0.2	0.000	1.865	1.865
73	  A	  3.2	  0.2	0.000	0.943	0.943
74	  D	  0.2	  0.4	0.000	0.000	0.000
75	  A	  0.3	  0.5	0.000	0.000	0.000
76	  T	  0.3	  0.6	0.000	0.000	0.000
77	  S	  0.3	  0.6	0.000	0.000	0.000
78	  D	  1.4	  0.4	0.000	0.000	0.000
79	  F	  3.3	  0.3	0.000	0.000	0.000
80	  R	  3.5	  0.0	0.000	0.000	0.000
81	  A	  2.8	  0.0	0.000	0.000	0.000
82	  S	  1.4	  0.0	0.000	0.000	0.000
83	  V	  2.6	  0.0	0.000	0.000	0.000
84	  M	  2.1	  0.2	0.000	0.000	0.000
85	  A	  1.6	  0.2	0.180	0.000	0.000
86	  D	  2.0	  0.2	3.907	0.000	0.000
87	  I	  2.9	  0.2	4.312	0.000	0.000
88	  E	  2.8	  0.0	4.820	0.000	0.000
89	  A	  1.3	  0.0	4.820	0.000	0.000
90	  L	  0.6	  0.0	4.820	0.000	0.000
91	  K	  0.7	  0.5	4.820	0.000	0.000
92	  A	  0.5	  0.6	3.632	0.000	0.000
93	  D	  0.2	  0.6	2.666	0.000	0.000
94	  L	  0.1	  0.6	1.057	0.000	0.000
95	  A	  0.1	  0.2	1.156	0.000	0.000
96	  P	  0.0	  0.2	0.300	0.000	0.000
97	  K	  0.3	  0.3	0.300	0.000	0.000
98	  R	  0.3	  0.3	0.300	0.000	0.000
99	  A	  0.5	  0.1	0.300	0.000	0.000
100	  A	  0.5	  0.0	0.488	0.000	0.000
101	  L	  0.5	  0.0	0.488	0.000	0.000
102	  K	  0.9	  0.0	0.339	0.000	0.000
103	  E	  1.2	  0.0	0.188	0.000	0.000
104	  V	  6.4	  0.0	0.188	0.000	0.000
105	  I	  6.3	  0.0	0.188	0.000	0.000
106	  D	  5.8	  0.1	0.188	0.000	0.000
107	  R	  1.4	  0.1	0.188	0.000	0.000
108	  H	  2.4	  0.1	0.188	0.000	0.000
109	  V	  3.7	  0.1	0.000	0.000	0.000
110	  D	  3.5	  0.0	0.000	0.000	0.000
111	  Q	  4.2	  0.0	0.000	0.000	0.000
112	  Y	  3.5	  0.1	0.000	0.000	0.000
113	  R	  3.6	  0.1	0.000	0.000	0.000
114	  T	  4.4	  0.1	0.000	0.000	0.000
115	  I	  5.7	  0.1	0.000	0.000	0.000
116	  L	  4.9	  0.0	0.000	0.000	0.000
117	  E	  2.0	  0.0	0.000	0.000	0.000
118	  P	  0.1	  0.0	0.000	0.000	0.000
119	  I	  2.2	  0.0	0.000	0.000	0.000
120	  I	  2.4	  0.1	0.000	0.000	0.000
121	  S	  2.5	  0.1	1.510	0.000	0.000
122	  E	  1.8	  0.1	1.689	0.000	0.000
123	  Y	  5.7	  0.1	1.689	0.000	0.000
124	  S	  6.0	  0.0	1.689	0.000	0.000
125	  A	  4.6	  0.1	1.689	0.000	0.000
126	  K	  0.5	  0.1	1.689	0.000	0.000
127	  H	  0.3	  0.1	1.424	0.000	0.000
128	  S	  0.6	  1.9	1.980	0.000	0.000
129	  A	  0.6	  1.9	2.231	0.000	0.000
130	  D	  0.7	  1.8	12.983	0.000	0.000
131	  M	  0.6	  1.8	13.886	0.000	0.000
132	  E	  0.5	  0.0	14.133	0.000	0.000
133	  A	  0.5	  0.0	14.133	0.000	0.000
134	  L	  0.5	  0.2	14.133	0.000	0.000
135	  R	  0.5	  0.2	13.946	0.000	0.000
136	  G	  0.3	  0.2	12.402	0.000	0.000
137	  K	  1.3	  0.2	4.717	0.000	0.000
138	  M	  1.4	  0.0	0.587	0.000	0.000
139	  Q	  1.4	  0.0	0.000	0.000	0.000
140	  P	  0.1	  0.0	0.000	0.000	0.000
141	  I	  5.1	  0.0	0.000	0.000	0.000
142	  V	  5.8	  0.2	0.000	0.000	0.000
143	  A	  5.9	  0.2	0.000	0.000	0.000
144	  D	  1.0	  0.2	0.131	0.000	0.000
145	  L	  0.4	  0.3	0.131	0.000	0.000
146	  Q	  0.5	  0.2	0.131	0.000	0.000
147	  N	  0.5	  0.1	0.131	0.000	0.000
148	  K	  1.3	  0.1	0.131	0.000	0.000
149	  V	  9.4	  0.0	0.131	0.383	0.383
150	  S	 14.1	  0.2	0.131	0.383	0.383
151	  V	 24.7	  0.2	0.000	0.383	0.383
152	  N	 20.7	  0.2	0.000	0.383	0.383
153	  V	 16.2	  0.2	0.000	0.383	0.383
154	  E	  5.0	  0.1	0.149	0.000	0.000
155	  E	  1.0	  0.1	0.149	0.000	0.000
156	  T	  1.0	  0.1	0.311	0.000	0.000
157	  K	  1.2	  0.1	0.311	0.000	0.000
158	  A	  0.9	  0.0	0.311	0.000	0.000
159	  A	  0.9	  0.0	0.311	0.000	0.000
160	  L	  0.8	  0.0	0.311	0.000	0.000
161	  I	  0.7	  0.0	0.162	0.000	0.000
162	  P	  0.1	  0.0	0.342	0.000	0.000
163	  I	  3.3	  0.0	0.342	0.000	0.000
164	  V	  5.0	  0.0	0.342	0.000	0.000
165	  E	  5.1	  0.0	0.342	0.000	0.000
166	  A	  2.5	  0.0	0.342	0.000	0.000
167	  V	  1.4	  0.0	0.342	0.000	0.000
168	  R	  1.6	  0.0	0.342	0.000	0.000
169	  T	  2.0	  0.1	0.152	0.000	0.000
170	  K	  1.8	  0.1	0.152	0.000	0.000
171	  L	  1.6	  0.1	0.000	0.000	0.000
172	  S	  0.7	  0.2	0.948	0.000	0.000
173	  E	  0.2	  0.2	1.096	0.000	0.000
174	  R	  0.6	  0.2	1.287	0.000	0.000
175	  L	  0.6	  0.2	1.287	0.000	0.000
176	  E	  0.5	  0.1	1.287	0.000	0.000
177	  Q	  1.2	  0.1	1.287	0.000	0.000
178	  L	  1.3	  0.1	0.981	0.000	0.000
179	  K	  1.5	  0.1	0.805	0.000	0.000
180	  T	  2.1	  0.1	0.000	0.000	0.000
181	  M	  2.1	  0.1	0.000	0.000	0.000
182	  V	  1.9	  0.3	0.000	0.000	0.000
183	  G	  0.3	  0.5	0.000	0.000	0.000
184	  P	  0.0	  0.5	0.000	0.000	0.000
185	  Y	  2.3	  0.5	0.000	0.000	0.000
186	  V	  2.9	  0.2	0.000	0.000	0.000
187	  E	  3.0	  0.1	0.000	0.000	0.000
188	  E	  4.1	  0.1	0.000	0.000	0.000
189	  Y	  4.0	  0.3	0.000	0.000	0.000
190	  K	  4.0	  0.2	0.000	0.000	0.000
191	  D	  0.6	  0.2	0.000	0.000	0.000
192	  Q	  1.1	  0.2	0.000	0.000	0.000
193	  M	  1.8	  0.1	0.000	0.000	0.000
194	  R	  2.1	  0.1	0.000	0.000	0.000
195	  S	  1.4	  0.1	0.000	0.000	0.000
196	  A	  1.1	  0.1	0.000	0.000	0.000
197	  Y	  2.9	  0.1	0.000	0.000	0.000
198	  Q	  2.7	  0.1	0.000	0.000	0.000
199	  Q	  2.4	  0.2	0.000	0.000	0.000
200	  A	  0.3	  0.4	0.000	0.000	0.000
201	  Q	  0.3	  0.4	0.000	0.000	0.000
202	  G	  0.1	  0.4	0.000	0.000	0.000
203	  V	  2.3	  0.2	0.000	0.000	0.000
204	  K	  2.7	  0.0	1.828	0.000	0.000
205	  A	  2.6	  0.3	1.828	0.000	0.000
206	  E	  0.4	  0.3	1.828	0.000	0.000
207	  D	  0.0	  0.3	9.430	0.000	0.000
208	  L	  0.1	  0.3	9.918	0.000	0.000
209	  A	  0.3	  0.0	9.918	0.000	0.000
210	  A	  0.5	  0.0	9.918	0.000	0.000
211	  L	  0.5	  0.0	9.746	0.000	0.000
212	  R	  0.4	  0.1	9.539	0.000	0.000
213	  E	  0.1	  0.1	7.374	0.000	0.000
214	  K	  3.4	  0.1	5.113	0.000	0.000
215	  I	  3.7	  0.0	2.954	0.000	0.000
216	  A	  3.7	  0.0	2.954	0.000	0.000
217	  P	  0.4	  0.0	0.000	0.000	0.000
218	  L	  0.0	  0.0	0.000	0.000	0.000
219	  A	  0.0	  0.2	0.244	0.000	0.000
220	  E	  0.0	  0.2	0.244	0.000	0.000
221	  D	  1.1	  0.2	2.940	0.000	0.000
222	  I	  8.7	  0.2	2.940	0.000	0.000
223	  K	 12.7	  0.0	2.940	0.000	0.000
224	  V	 18.8	  0.0	2.940	0.000	0.000
225	  K	 12.1	  0.0	2.940	0.000	0.000
226	  M	  8.2	  0.0	2.815	2.464	2.464
227	  Q	  1.2	  0.0	2.381	4.853	4.853
228	  A	  0.7	  0.0	1.254	18.035	18.035
229	  I	  1.5	  0.0	1.092	31.700	31.700
230	  F	  1.6	  0.1	1.092	32.200	32.200
231	  G	  1.4	  0.1	0.863	32.200	32.200
232	  L	  0.7	  0.1	0.315	32.200	32.200
233	  I	  1.3	  0.1	0.166	30.484	30.484
234	  T	  1.6	  0.1	0.166	11.558	11.558
235	  E	  1.2	  0.1	0.166	0.000	0.000
236	  S	  0.8	  0.1	0.166	0.000	0.000
237	  I	  0.7	  0.1	0.000	0.000	0.000
238	  Q	  1.1	  0.0	0.000	0.000	0.000
239	  H	  0.6	  0.0	0.000	0.000	0.000
240	  S	  0.4	  0.0	0.000	0.000	0.000
