res	aa	Beta	Turn	Helix	Aggregation	Conc-Stab_Aggregation
01	  D	  0.0	  0.0	0.000	0.000	0.000
02	  D	  0.0	  0.4	12.137	0.000	0.000
03	  P	  0.0	  0.5	12.137	0.000	0.000
04	  Q	  0.1	  0.5	12.137	0.000	0.000
05	  T	  0.6	  0.5	12.527	0.000	0.000
06	  R	  2.6	  0.3	12.527	0.000	0.000
07	  L	  2.5	  0.3	12.527	0.000	0.000
08	  D	  2.1	  0.3	11.501	0.000	0.000
09	  R	  0.6	  0.2	9.324	0.000	0.000
10	  F	  1.1	  0.6	7.322	0.000	0.000
11	  K	  1.1	  0.5	3.569	0.000	0.000
12	  D	  0.5	  0.5	2.502	0.000	0.000
13	  M	  0.7	  0.5	2.143	0.000	0.000
14	  L	  1.1	  0.1	1.874	0.000	0.000
15	  N	  2.2	  0.1	1.689	0.000	0.000
16	  S	  2.2	  0.1	1.227	0.000	0.000
17	  Y	  2.5	  0.1	0.346	0.000	0.000
18	  M	  1.4	  0.1	0.157	0.000	0.000
19	  E	  0.9	  0.1	0.157	0.000	0.000
20	  T	 12.1	  0.1	0.157	0.000	0.000
21	  I	 13.5	  0.1	0.157	0.000	0.000
22	  K	 13.6	  0.3	0.157	0.000	0.000
23	  S	  1.8	  0.6	0.128	0.000	0.000
24	  S	  0.3	  0.8	0.128	0.000	0.000
25	  G	  0.1	  0.8	0.128	0.000	0.000
26	  E	  0.1	  0.6	0.128	0.000	0.000
27	  E	  0.1	  0.3	0.128	0.000	0.000
28	  L	  1.1	  0.1	0.128	0.000	0.000
29	  V	  2.8	  0.0	0.128	0.000	0.000
30	  A	  3.0	  0.0	0.128	0.000	0.000
31	  Q	  2.7	  0.0	0.128	0.000	0.000
32	  L	  1.3	  0.0	0.000	0.000	0.000
33	  D	  1.0	  1.9	2.872	0.000	0.000
34	  A	  0.4	  1.9	2.872	0.000	0.000
35	  S	  0.4	  1.9	5.273	0.000	0.000
36	  A	  0.4	  1.9	5.273	0.000	0.000
37	  M	  0.3	  0.0	5.273	0.000	0.000
38	  A	  0.3	  0.1	5.273	0.000	0.000
39	  K	  0.3	  0.1	5.028	0.000	0.000
40	  Q	  1.1	  0.1	4.194	0.000	0.000
41	  M	  2.3	  0.1	1.968	0.000	0.000
42	  D	  2.4	  0.0	1.326	0.000	0.000
43	  L	  3.4	  0.0	0.953	0.000	0.000
44	  K	  2.5	  0.0	0.953	0.000	0.000
45	  V	  2.4	  2.6	0.000	0.000	0.000
46	  G	  0.5	  2.6	0.000	0.000	0.000
47	  D	  0.1	  2.7	0.000	0.000	0.000
48	  T	  0.2	  2.9	0.000	0.000	0.000
49	  L	  0.2	  0.6	0.000	0.000	0.000
50	  G	  0.2	  0.6	0.000	0.000	0.000
51	  S	  3.2	  1.1	0.000	0.000	0.000
52	  L	  3.7	  1.0	0.000	0.000	0.000
53	  N	  3.8	  0.7	0.000	0.000	0.000
54	  S	  1.1	  0.6	0.000	0.000	0.000
55	  K	  2.6	  0.1	0.000	0.000	0.000
56	  V	  6.7	  0.0	0.000	0.000	0.000
57	  V	 11.0	  0.0	0.000	0.000	0.000
58	  Q	 10.1	  0.0	0.000	0.000	0.000
59	  L	  6.0	  0.1	0.000	0.000	0.000
60	  K	  1.2	  0.5	0.000	0.000	0.000
61	  E	  0.1	  0.5	0.000	0.000	0.000
62	  D	  0.4	  0.5	0.000	0.000	0.000
63	  L	  0.6	  0.4	0.000	0.000	0.000
64	  T	  0.6	  0.2	0.000	0.000	0.000
65	  P	  0.2	  0.2	0.000	0.000	0.000
66	  Y	  1.8	  0.2	0.000	0.000	0.000
67	  Y	  2.1	  0.3	0.000	0.000	0.000
68	  D	  2.1	  0.1	0.244	0.000	0.000
69	  E	  2.1	  0.1	0.244	0.000	0.000
70	  V	  2.6	  0.1	0.244	0.000	0.000
71	  R	  2.9	  0.0	0.244	0.000	0.000
72	  K	  1.7	  0.0	0.244	0.000	0.000
73	  T	  6.6	  0.0	0.244	0.000	0.000
74	  W	  6.6	  0.0	0.244	0.000	0.000
75	  D	  6.1	  0.1	0.873	0.000	0.000
76	  K	  0.5	  0.1	0.873	0.000	0.000
77	  E	  0.3	  0.1	0.873	0.000	0.000
78	  M	  0.5	  0.2	0.873	0.000	0.000
79	  E	  0.4	  0.1	0.873	0.000	0.000
80	  S	  2.4	  0.1	0.873	0.000	0.000
81	  L	  3.1	  0.2	0.720	0.000	0.000
82	  R	  3.5	  0.1	0.463	0.000	0.000
83	  H	  1.7	  0.0	0.257	0.000	0.000
84	  E	  1.5	  0.0	0.000	0.000	0.000
85	  M	  1.6	  0.0	0.000	0.000	0.000
86	  T	  1.8	  0.2	0.178	0.000	0.000
87	  Q	  1.2	  0.2	0.178	0.000	0.000
88	  D	  0.9	  1.6	3.169	0.000	0.000
89	  L	  0.4	  1.6	3.328	0.000	0.000
90	  D	  0.3	  1.4	4.117	0.000	0.000
91	  K	  2.0	  1.3	4.117	0.000	0.000
92	  V	  4.5	  0.0	4.117	0.000	0.000
93	  R	  4.7	  0.1	4.117	0.000	0.000
94	  Q	  3.2	  0.1	3.777	0.000	0.000
95	  K	  1.9	  0.1	3.119	0.000	0.000
96	  L	  1.7	  0.1	1.436	0.000	0.000
97	  Q	  1.4	  0.0	1.210	0.000	0.000
98	  P	  0.1	  0.0	0.000	0.000	0.000
99	  A	  0.1	  0.0	0.000	0.000	0.000
100	  L	  0.2	  0.2	0.000	0.000	0.000
101	  E	  0.3	  0.2	0.000	0.000	0.000
102	  Q	  0.8	  0.2	0.000	0.000	0.000
103	  F	  1.3	  0.2	0.000	0.000	0.000
104	  A	  1.3	  0.0	0.000	0.000	0.000
105	  Q	  1.9	  0.0	0.000	0.000	0.000
106	  Q	  1.5	  0.0	0.000	0.000	0.000
107	  W	  1.5	  0.1	0.000	0.000	0.000
108	  G	  0.3	  0.1	0.713	0.000	0.000
109	  A	  0.2	  0.1	0.713	0.000	0.000
110	  E	  0.3	  0.1	0.900	0.000	0.000
111	  L	  1.1	  0.1	0.900	0.166	0.166
112	  E	  1.1	  0.1	0.900	0.166	0.166
113	  L	  1.5	  0.1	0.900	0.166	0.166
114	  Y	  1.8	  0.1	0.900	0.166	0.166
115	  W	  1.8	  0.1	0.641	0.166	0.166
116	  K	  1.4	  0.1	0.641	0.166	0.166
117	  K	  4.5	  0.1	0.210	0.000	0.000
118	  L	  4.3	  0.1	0.000	0.000	0.000
119	  E	  4.2	  0.0	0.000	0.000	0.000
120	  P	  0.1	  0.0	0.000	0.000	0.000
121	  V	  2.5	  0.0	0.000	0.000	0.000
122	  A	  2.5	  0.1	0.000	0.000	0.000
123	  S	  2.6	  0.1	0.538	0.000	0.000
124	  E	  1.5	  0.1	0.538	0.000	0.000
125	  L	  1.5	  0.2	0.538	0.000	0.000
126	  K	  1.6	  0.2	0.538	0.000	0.000
127	  E	  0.6	  0.1	0.538	0.000	0.000
128	  L	  0.7	  0.1	0.538	0.000	0.000
129	  S	  0.9	  1.3	2.205	0.000	0.000
130	  R	  0.4	  1.3	2.006	0.000	0.000
131	  D	  0.4	  1.3	2.875	0.000	0.000
132	  R	  2.3	  1.2	2.875	0.000	0.000
133	  V	  3.6	  0.1	2.875	0.000	0.000
134	  E	  3.6	  0.0	2.875	0.000	0.000
135	  Q	  2.5	  0.0	2.717	0.000	0.000
136	  L	  1.3	  0.1	2.567	0.000	0.000
137	  Q	  1.6	  0.1	2.179	0.000	0.000
138	  Q	  0.9	  0.1	1.362	0.000	0.000
139	  Q	  2.2	  0.1	0.532	0.000	0.000
140	  L	  2.0	  0.1	0.000	0.000	0.000
141	  S	  1.6	  0.2	0.669	0.000	0.000
142	  P	  0.1	  0.2	0.669	0.000	0.000
143	  L	  0.0	  0.2	1.006	0.000	0.000
144	  A	  0.0	  0.3	2.733	0.000	0.000
145	  E	  0.0	  0.1	4.055	0.000	0.000
146	  E	  0.1	  0.1	4.934	0.000	0.000
147	  A	  0.1	  0.3	4.720	0.000	0.000
148	  R	  0.1	  0.2	4.720	0.000	0.000
149	  D	  0.1	  0.3	4.554	0.000	0.000
150	  R	  0.7	  0.3	4.410	0.000	0.000
151	  L	  0.9	  0.3	4.410	0.000	0.000
152	  R	  0.9	  0.3	3.442	0.000	0.000
153	  G	  0.3	  0.2	2.716	0.000	0.000
154	  H	  0.8	  0.4	2.148	0.000	0.000
155	  M	  0.8	  0.3	2.558	0.000	0.000
156	  D	  0.8	  0.4	13.475	0.000	0.000
157	  E	  0.3	  0.4	13.627	0.000	0.000
158	  L	  0.5	  0.2	13.627	0.000	0.000
159	  R	  1.1	  0.3	13.627	0.000	0.000
160	  K	  0.9	  0.2	13.627	0.000	0.000
161	  N	  0.7	  0.2	13.101	0.000	0.000
162	  L	  0.2	  0.2	5.165	0.000	0.000
163	  A	  0.1	  0.1	3.387	0.000	0.000
164	  P	  0.0	  0.1	0.000	0.000	0.000
165	  Y	  0.7	  0.2	0.000	0.000	0.000
166	  S	  0.8	  0.3	0.854	0.000	0.000
167	  E	  0.8	  0.2	0.854	0.000	0.000
168	  E	  1.4	  0.2	0.854	0.000	0.000
169	  L	  1.6	  0.1	0.854	0.000	0.000
170	  H	  2.0	  0.1	0.854	0.000	0.000
171	  Q	  1.0	  0.1	0.854	0.000	0.000
172	  K	  2.9	  0.1	0.600	0.000	0.000
173	  L	  2.8	  0.1	0.354	0.000	0.000
174	  T	  4.6	  0.1	0.354	0.000	0.000
175	  Q	  2.9	  0.1	0.354	0.000	0.000
176	  K	  3.1	  0.1	0.196	0.000	0.000
177	  L	  1.1	  0.1	0.000	0.000	0.000
178	  Q	  0.8	  0.1	0.000	0.000	0.000
179	  E	  1.6	  0.1	0.000	0.000	0.000
180	  L	  1.6	  0.1	0.000	0.000	0.000
181	  H	  1.8	  0.4	0.000	0.000	0.000
182	  E	  0.4	  0.9	0.000	0.000	0.000
183	  K	  0.4	  0.9	0.000	0.000	0.000
184	  G	  0.0	  0.9	0.000	0.000	0.000
185	  V	  0.1	  0.5	0.000	0.000	0.000
186	  P	  0.0	  0.0	0.000	0.000	0.000
187	  H	  0.3	  0.0	0.000	0.000	0.000
188	  A	  0.3	  0.4	0.000	0.000	0.000
189	  A	  0.3	  0.4	0.000	0.000	0.000
190	  D	  0.2	  0.4	0.704	0.000	0.000
191	  L	  0.6	  0.4	0.704	0.000	0.000
192	  Q	  0.8	  0.0	0.704	0.000	0.000
193	  A	  0.7	  0.0	0.704	0.000	0.000
194	  Q	  0.4	  0.0	0.704	0.000	0.000
195	  A	  0.4	  0.0	0.704	0.000	0.000
196	  I	  0.6	  0.0	0.531	0.000	0.000
197	  Q	  0.8	  0.0	0.531	0.000	0.000
198	  H	  1.5	  0.0	0.177	0.000	0.000
199	  L	  1.6	  0.1	0.000	0.000	0.000
200	  S	  1.3	  0.2	0.156	0.000	0.000
201	  S	  2.5	  0.2	0.333	0.000	0.000
202	  L	  2.1	  0.2	0.333	0.000	0.000
203	  R	  2.1	  0.1	0.333	0.000	0.000
204	  E	  0.2	  0.1	0.333	0.000	0.000
205	  K	  9.7	  0.1	0.333	0.000	0.000
206	  V	 10.2	  0.0	0.177	0.000	0.000
207	  T	 10.1	  0.0	0.177	0.000	0.000
208	  P	  0.6	  0.0	0.000	0.000	0.000
209	  L	  0.3	  0.0	0.000	0.000	0.000
210	  V	  1.6	  0.2	0.000	0.000	0.000
211	  Q	  2.1	  0.2	0.000	0.000	0.000
212	  D	  3.1	  0.2	0.000	0.000	0.000
213	  F	  2.5	  0.3	0.000	0.000	0.000
214	  R	  2.0	  0.1	0.000	0.000	0.000
215	  E	  0.8	  0.1	0.000	0.000	0.000
216	  R	  4.3	  0.1	0.000	0.000	0.000
217	  V	  4.9	  0.0	0.000	0.000	0.000
218	  T	  4.8	  0.0	0.000	0.000	0.000
219	  P	  0.7	  0.0	0.000	0.000	0.000
220	  Y	  1.8	  0.1	0.000	0.000	0.000
221	  T	  2.3	  0.1	0.000	0.000	0.000
222	  D	  2.3	  0.2	0.000	0.000	0.000
223	  S	  1.2	  0.2	7.634	0.000	0.000
224	  L	  0.7	  0.2	7.634	0.000	0.000
225	  K	  1.0	  0.2	7.634	0.000	0.000
226	  T	  1.3	  0.1	7.634	0.000	0.000
227	  R	  6.4	  0.1	7.634	0.000	0.000
228	  I	  8.1	  0.0	7.634	30.243	30.243
229	  I	 10.7	  0.0	7.634	30.346	30.346
230	  S	  5.7	  0.0	7.634	30.346	30.346
231	  L	  3.8	  0.0	6.625	30.346	30.346
232	  L	  0.4	  0.0	6.578	30.346	30.346
233	  Q	  0.2	  0.1	6.777	1.155	1.155
234	  E	  0.1	  0.1	5.101	0.000	0.000
235	  A	  0.2	  0.1	4.456	0.000	0.000
236	  R	  0.8	  0.3	4.179	0.000	0.000
237	  K	  0.8	  0.3	3.538	0.000	0.000
238	  N	  0.9	  0.3	2.681	0.000	0.000
239	  L	  0.3	  0.2	0.787	0.000	0.000
240	  S	  0.2	  0.0	0.000	0.000	0.000
