res	aa	Beta	Turn	Helix	Aggregation	Conc-Stab_Aggregation
01	  D	  0.0	  0.0	0.000	0.000	0.000
02	  E	  0.0	  0.0	0.000	0.000	0.000
03	  P	  0.0	  0.2	0.000	0.000	0.000
04	  P	  0.0	  0.2	0.000	0.000	0.000
05	  Q	  0.0	  0.2	0.000	0.000	0.000
06	  S	  0.0	  0.2	0.000	0.000	0.000
07	  P	  0.0	  0.0	0.000	0.000	0.000
08	  V	  2.1	  0.0	0.000	0.000	0.000
09	  Q	  2.5	  0.0	0.000	0.000	0.000
10	  H	  3.2	  0.0	0.000	0.000	0.000
11	  L	  1.2	  0.1	0.000	0.000	0.000
12	  K	  0.9	  0.1	0.000	0.000	0.000
13	  E	  0.3	  0.1	0.000	0.000	0.000
14	  Q	  2.1	  0.1	0.000	0.000	0.000
15	  F	  3.9	  0.1	0.000	0.000	0.000
16	  H	  4.2	  0.0	0.000	0.000	0.000
17	  A	  2.8	  0.0	0.000	0.000	0.000
18	  Y	  1.6	  0.0	0.000	0.000	0.000
19	  L	  1.3	  0.1	0.177	0.000	0.000
20	  E	  1.0	  0.1	0.551	0.000	0.000
21	  S	  0.5	  0.1	1.025	0.000	0.000
22	  A	  0.4	  0.2	1.025	0.000	0.000
23	  K	  0.5	  0.0	1.025	0.000	0.000
24	  A	  0.4	  0.1	1.025	0.000	0.000
25	  S	  0.6	  0.1	1.512	0.000	0.000
26	  A	  0.5	  0.1	0.961	0.000	0.000
27	  K	  0.9	  0.1	0.763	0.000	0.000
28	  E	  1.1	  0.0	0.487	0.000	0.000
29	  V	  5.7	  0.0	0.487	0.994	0.994
30	  I	  6.1	  0.0	0.487	0.994	0.994
31	  A	  5.9	  0.0	0.487	0.994	0.994
32	  Q	  2.1	  0.0	0.487	0.994	0.994
33	  L	  1.3	  0.0	0.138	0.994	0.994
34	  D	  1.0	  2.3	0.000	0.000	0.000
35	  A	  0.3	  2.5	0.000	0.000	0.000
36	  S	  0.1	  2.5	0.000	0.000	0.000
37	  N	  0.1	  3.0	0.000	0.000	0.000
38	  F	  0.2	  0.8	0.000	0.000	0.000
39	  G	  0.2	  0.6	0.000	0.000	0.000
40	  Q	  1.1	  0.6	0.000	0.000	0.000
41	  R	  4.7	  0.2	0.000	0.000	0.000
42	  F	  5.9	  0.1	0.000	0.000	0.000
43	  D	  5.2	  0.6	0.000	0.000	0.000
44	  L	  2.4	  0.7	0.000	0.000	0.000
45	  D	  1.2	  0.8	5.746	0.000	0.000
46	  L	  1.0	  0.8	5.746	0.000	0.000
47	  G	  0.0	  0.3	5.746	0.000	0.000
48	  T	  1.9	  0.2	5.746	0.000	0.000
49	  K	  8.8	  0.1	5.746	0.000	0.000
50	  V	 13.3	  0.0	5.746	0.000	0.000
51	  E	 11.6	  0.0	5.899	0.000	0.000
52	  M	  5.8	  0.0	4.608	1.560	1.560
53	  V	  2.3	  0.0	3.879	2.251	2.251
54	  A	  2.4	  0.0	3.743	2.251	2.251
55	  A	  1.8	  0.0	3.497	2.251	2.251
56	  V	  1.4	  0.0	3.324	2.251	2.251
57	  A	  1.2	  0.1	3.387	1.405	1.405
58	  E	  0.8	  0.1	3.256	0.000	0.000
59	  Q	  0.9	  0.1	3.025	0.000	0.000
60	  L	  1.0	  0.1	2.032	0.000	0.000
61	  R	  1.0	  0.1	1.917	0.000	0.000
62	  E	  0.1	  0.1	1.598	0.000	0.000
63	  Q	  0.4	  0.1	1.315	0.000	0.000
64	  L	  0.4	  0.1	0.518	0.000	0.000
65	  A	  0.4	  0.4	0.403	0.000	0.000
66	  P	  0.0	  0.4	0.000	0.000	0.000
67	  S	  3.5	  0.4	1.001	0.000	0.000
68	  Y	  6.2	  0.5	1.001	0.000	0.000
69	  Q	  6.4	  0.0	1.001	0.000	0.000
70	  A	  3.3	  0.0	1.001	0.000	0.000
71	  M	  0.6	  0.1	1.001	0.000	0.000
72	  R	  0.5	  0.1	1.001	0.000	0.000
73	  E	  0.2	  0.1	0.839	0.000	0.000
74	  R	  3.1	  0.1	0.686	0.000	0.000
75	  I	  3.5	  0.1	0.177	0.000	0.000
76	  H	  3.4	  0.6	0.177	0.000	0.000
77	  S	  0.5	  0.6	0.000	0.000	0.000
78	  D	  1.6	  0.6	0.000	0.000	0.000
79	  Y	  2.4	  0.8	0.000	0.000	0.000
80	  E	  2.4	  0.2	0.000	0.000	0.000
81	  E	  1.5	  0.2	0.000	0.000	0.000
82	  L	  1.6	  0.2	0.000	0.000	0.000
83	  T	  1.9	  0.4	0.000	0.000	0.000
84	  A	  1.2	  0.4	0.000	0.000	0.000
85	  D	  0.4	  0.4	0.000	0.000	0.000
86	  L	  0.1	  0.4	0.000	0.000	0.000
87	  A	  0.1	  0.0	0.254	0.000	0.000
88	  P	  0.1	  0.0	0.254	0.000	0.000
89	  I	  1.8	  0.0	0.254	0.000	0.000
90	  K	  2.1	  0.0	0.254	0.000	0.000
91	  A	  2.4	  0.0	0.254	0.000	0.000
92	  K	  2.9	  0.0	0.254	0.000	0.000
93	  V	  3.1	  0.0	0.000	0.000	0.000
94	  M	  2.8	  0.3	0.000	0.000	0.000
95	  P	  0.6	  0.3	0.000	0.000	0.000
96	  L	  0.4	  0.3	0.000	0.000	0.000
97	  F	  0.8	  0.7	0.000	0.000	0.000
98	  D	  0.8	  0.5	0.383	0.000	0.000
99	  D	  0.6	  1.8	0.614	0.000	0.000
100	  L	  0.6	  1.8	0.614	0.000	0.000
101	  N	  0.6	  2.6	0.614	0.000	0.000
102	  A	  0.5	  2.5	0.614	0.000	0.000
103	  N	  0.4	  1.3	0.975	0.000	0.000
104	  L	  0.4	  1.3	0.592	0.000	0.000
105	  Q	  0.7	  0.0	0.592	0.000	0.000
106	  E	  0.6	  0.0	0.362	0.000	0.000
107	  V	  0.7	  0.1	0.362	0.000	0.000
108	  G	  0.4	  0.1	0.547	0.000	0.000
109	  Q	  0.7	  0.1	0.367	0.000	0.000
110	  A	  0.9	  0.1	0.185	0.000	0.000
111	  Y	  2.5	  0.0	0.185	0.000	0.000
112	  Y	  2.6	  0.0	0.185	0.000	0.000
113	  A	  2.7	  0.0	0.185	0.000	0.000
114	  K	 10.4	  0.0	0.185	0.000	0.000
115	  V	 10.4	  0.0	0.000	0.000	0.000
116	  T	 10.1	  0.0	0.000	0.000	0.000
117	  P	  0.6	  0.0	0.000	0.000	0.000
118	  L	  0.2	  0.0	0.000	0.000	0.000
119	  V	  0.9	  0.0	0.000	0.000	0.000
120	  E	  0.9	  0.0	0.000	0.000	0.000
121	  E	  1.3	  0.0	0.000	0.000	0.000
122	  W	  1.0	  0.0	0.000	0.000	0.000
123	  R	  1.0	  0.2	0.152	0.000	0.000
124	  E	  0.5	  0.2	0.152	0.000	0.000
125	  S	  1.0	  0.2	0.152	0.000	0.000
126	  A	  1.1	  0.2	0.152	0.000	0.000
127	  R	  2.4	  0.4	0.152	0.000	0.000
128	  Q	  1.7	  0.4	0.152	0.000	0.000
129	  D	  1.7	  1.9	0.260	0.000	0.000
130	  M	  0.7	  1.9	0.260	0.000	0.000
131	  D	  0.6	  1.7	0.585	0.000	0.000
132	  S	  2.5	  1.7	1.181	0.000	0.000
133	  L	  2.7	  0.2	1.181	0.000	0.000
134	  R	  2.9	  0.2	1.181	0.000	0.000
135	  S	  1.1	  0.1	1.181	0.000	0.000
136	  K	  5.1	  0.1	0.921	0.000	0.000
137	  M	  4.9	  0.0	0.596	0.000	0.000
138	  E	  4.7	  0.0	0.384	0.000	0.000
139	  P	  0.1	  0.0	0.138	0.000	0.000
140	  I	  1.7	  0.0	0.138	0.000	0.000
141	  S	  2.0	  0.0	1.588	0.000	0.000
142	  A	  2.3	  0.0	1.588	0.000	0.000
143	  Q	  1.5	  0.0	1.588	0.000	0.000
144	  L	  1.4	  0.2	1.450	0.000	0.000
145	  R	  1.1	  0.2	1.450	0.000	0.000
146	  D	  0.3	  0.2	1.450	0.000	0.000
147	  K	  1.8	  0.2	0.922	0.000	0.000
148	  V	 10.7	  0.0	0.441	1.298	1.298
149	  R	 12.2	  0.0	0.441	1.298	1.298
150	  V	 16.8	  0.0	0.155	1.298	1.298
151	  L	  8.9	  0.0	0.155	1.298	1.298
152	  V	  7.8	  0.4	0.000	1.298	1.298
153	  A	  1.7	  0.4	0.000	1.298	1.298
154	  D	  1.9	  0.4	0.000	1.298	1.298
155	  F	  3.7	  0.4	0.000	1.298	1.298
156	  R	  4.0	  0.1	0.000	0.000	0.000
157	  Q	  2.9	  0.1	0.000	0.000	0.000
158	  K	  0.8	  0.1	0.000	0.000	0.000
159	  A	  0.5	  0.1	0.000	0.000	0.000
160	  A	  0.4	  0.0	0.000	0.000	0.000
161	  P	  0.0	  0.0	0.000	0.000	0.000
162	  F	  0.9	  0.0	0.498	0.000	0.000
163	  M	  0.9	  0.1	2.859	0.000	0.000
164	  E	  0.9	  0.1	4.033	0.000	0.000
165	  E	  0.1	  0.1	5.388	0.000	0.000
166	  A	  0.3	  0.1	5.388	0.000	0.000
167	  R	  0.5	  0.1	5.388	0.000	0.000
168	  Q	  0.6	  0.1	5.388	0.000	0.000
169	  A	  0.8	  0.1	4.812	0.000	0.000
170	  M	  0.9	  0.1	4.619	0.000	0.000
171	  R	  1.1	  0.1	3.050	0.000	0.000
172	  Q	  0.8	  0.1	2.377	0.000	0.000
173	  K	  0.6	  0.1	1.722	0.000	0.000
174	  A	  0.4	  0.1	0.574	0.000	0.000
175	  Q	  0.7	  0.1	0.574	0.000	0.000
176	  Q	  1.7	  0.1	0.000	0.000	0.000
177	  L	  1.7	  0.1	0.000	0.000	0.000
178	  Q	  1.4	  0.1	0.000	0.000	0.000
179	  E	  0.3	  0.1	0.000	0.000	0.000
180	  R	  0.8	  0.1	0.000	0.000	0.000
181	  A	  0.7	  0.1	0.000	0.000	0.000
182	  V	  0.6	  0.0	0.000	0.000	0.000
183	  P	  0.1	  0.0	0.000	0.000	0.000
184	  R	  1.6	  0.0	0.000	0.000	0.000
185	  V	  2.3	  0.0	0.000	0.000	0.000
186	  Q	  2.4	  0.0	0.000	0.000	0.000
187	  E	  1.9	  0.0	0.000	0.000	0.000
188	  I	  2.3	  0.0	0.000	0.000	0.000
189	  R	  3.1	  0.0	0.000	0.000	0.000
190	  T	  7.4	  0.0	0.000	0.000	0.000
191	  I	  9.9	  0.0	0.000	0.000	0.000
192	  V	  9.6	  0.0	0.000	0.000	0.000
193	  Q	  4.4	  0.1	0.000	0.000	0.000
194	  E	  0.7	  0.1	0.000	0.000	0.000
195	  Q	  0.5	  0.1	0.000	0.000	0.000
196	  I	  1.7	  0.0	0.000	0.000	0.000
197	  A	  2.2	  0.0	0.000	0.000	0.000
198	  S	  2.6	  0.0	0.000	0.000	0.000
199	  L	  1.4	  0.1	0.000	0.000	0.000
200	  H	  1.1	  0.1	0.000	0.000	0.000
201	  E	  0.4	  0.1	0.000	0.000	0.000
202	  A	  0.4	  0.1	0.000	0.000	0.000
203	  A	  0.2	  0.1	0.000	0.000	0.000
204	  A	  0.1	  0.0	0.000	0.000	0.000
205	  P	  0.0	  0.0	0.000	0.000	0.000
206	  I	  3.2	  0.0	0.000	0.000	0.000
207	  V	  3.9	  0.0	0.000	0.000	0.000
208	  E	  3.9	  0.0	0.000	0.000	0.000
209	  T	  3.3	  0.0	0.928	0.000	0.000
210	  L	  3.5	  0.1	0.928	0.000	0.000
211	  R	  3.8	  0.1	0.928	0.000	0.000
212	  H	  2.0	  0.2	0.928	0.000	0.000
213	  K	  1.4	  0.2	0.928	0.000	0.000
214	  M	  1.1	  0.2	0.928	0.000	0.000
215	  G	  0.3	  0.4	0.778	0.000	0.000
216	  P	  0.0	  0.2	0.323	0.000	0.000
217	  L	  0.3	  0.2	0.323	0.000	0.000
218	  L	  0.5	  0.3	0.323	0.000	0.000
219	  K	  0.8	  0.2	0.323	0.000	0.000
220	  N	  5.2	  0.2	1.166	0.000	0.000
221	  V	  5.6	  0.2	0.843	0.000	0.000
222	  E	  5.3	  0.1	1.289	0.000	0.000
223	  E	  0.7	  0.1	1.416	0.000	0.000
224	  R	  0.7	  0.1	1.416	0.000	0.000
225	  L	  1.5	  0.0	1.416	9.176	9.176
226	  V	  6.4	  0.0	1.416	9.176	9.176
227	  S	  6.0	  0.0	3.254	9.176	9.176
228	  L	  5.3	  0.0	2.857	9.176	9.176
229	  L	  0.4	  0.1	2.857	9.176	9.176
230	  E	  0.2	  0.1	2.857	0.000	0.000
231	  T	  3.1	  0.1	3.340	0.000	0.000
232	  L	  3.2	  0.1	3.340	0.000	0.000
233	  Q	  3.3	  0.2	3.340	0.000	0.000
234	  R	  0.4	  0.2	2.092	0.000	0.000
235	  N	  0.6	  1.0	1.554	0.000	0.000
236	  L	  0.6	  1.0	1.180	0.000	0.000
237	  D	  0.6	  1.0	1.180	0.000	0.000
238	  Q	  0.4	  1.1	0.545	0.000	0.000
239	  E	  0.3	  0.3	0.000	0.000	0.000
240	  S	  0.7	  0.3	0.000	0.000	0.000
241	  T	  2.5	  0.2	0.000	0.000	0.000
242	  Q	  2.7	  0.1	0.000	0.000	0.000
243	  Q	  2.7	  0.1	0.000	0.000	0.000
244	  Q	  1.1	  0.1	0.000	0.000	0.000
245	  Q	  1.0	  0.1	0.000	0.000	0.000
246	  Q	  0.6	  0.1	0.000	0.000	0.000
247	  S	  0.2	  0.0	0.000	0.000	0.000
