res	aa	Beta	Turn	Helix	Aggregation	Conc-Stab_Aggregation
01	  D	  0.0	  0.0	0.000	0.000	0.000
02	  D	  0.0	  0.5	0.000	0.000	0.000
03	  P	  0.0	  0.5	0.000	0.000	0.000
04	  Q	  0.0	  0.5	0.000	0.000	0.000
05	  T	  0.0	  0.7	0.205	0.000	0.000
06	  P	  0.0	  0.2	0.205	0.000	0.000
07	  L	  0.2	  0.3	0.205	0.000	0.000
08	  D	  0.9	  0.3	0.205	0.000	0.000
09	  Q	  3.3	  0.1	0.205	0.000	0.000
10	  F	  3.6	  0.6	0.205	0.000	0.000
11	  K	  2.9	  0.5	0.000	0.000	0.000
12	  D	  0.8	  0.5	0.250	0.000	0.000
13	  M	  0.6	  0.5	0.250	5.613	5.613
14	  V	  5.2	  0.0	0.250	6.392	6.392
15	  Q	  6.2	  0.0	0.250	6.392	6.392
16	  V	  9.0	  0.0	0.250	6.392	6.392
17	  Y	  5.2	  0.0	0.250	6.392	6.392
18	  L	  3.8	  0.0	0.250	5.467	5.467
19	  E	  0.7	  0.0	0.385	0.000	0.000
20	  T	 16.2	  0.0	0.271	0.000	0.000
21	  V	 18.2	  0.1	0.271	0.000	0.000
22	  K	 18.3	  0.3	0.271	0.000	0.000
23	  A	  2.6	  0.6	0.135	0.000	0.000
24	  S	  0.3	  0.7	0.135	0.000	0.000
25	  G	  0.1	  0.8	0.000	0.000	0.000
26	  K	  0.6	  0.4	0.000	0.000	0.000
27	  E	  1.1	  0.2	0.000	0.000	0.000
28	  V	  5.4	  0.1	0.000	0.343	0.343
29	  I	  5.9	  0.1	0.000	0.343	0.343
30	  S	  6.0	  0.1	0.953	0.343	0.343
31	  Q	  8.7	  0.1	0.953	0.343	0.343
32	  F	  9.8	  0.1	0.953	0.343	0.343
33	  E	  9.5	  0.0	0.953	0.000	0.000
34	  A	  2.8	  0.0	0.953	0.000	0.000
35	  S	  0.7	  0.0	0.953	0.000	0.000
36	  A	  0.6	  0.2	0.564	0.000	0.000
37	  V	  0.5	  0.3	0.420	0.000	0.000
38	  G	  0.2	  0.3	0.420	0.000	0.000
39	  K	  0.2	  0.4	0.000	0.000	0.000
40	  Q	  1.0	  0.2	0.000	0.000	0.000
41	  L	  2.1	  0.1	0.000	0.000	0.000
42	  D	  2.1	  0.1	1.038	0.000	0.000
43	  L	  2.9	  0.1	1.038	0.000	0.000
44	  K	  2.1	  0.1	1.038	0.000	0.000
45	  L	  2.0	  0.4	1.038	0.000	0.000
46	  A	  0.4	  0.5	1.038	0.000	0.000
47	  D	  0.0	  0.5	1.038	0.000	0.000
48	  N	  0.3	  1.3	0.328	0.000	0.000
49	  L	  0.6	  1.1	0.000	0.000	0.000
50	  D	  0.6	  1.0	3.387	0.000	0.000
51	  S	  2.0	  1.0	3.966	0.387	0.387
52	  L	  5.4	  0.1	3.966	3.554	3.554
53	  T	  9.4	  0.1	4.315	3.554	3.554
54	  V	  9.0	  0.0	4.315	3.554	3.554
55	  A	  5.4	  0.0	4.315	3.554	3.554
56	  A	  1.5	  0.0	3.846	3.554	3.554
57	  Q	  0.5	  0.1	3.681	0.000	0.000
58	  K	  1.1	  0.1	1.810	0.000	0.000
59	  L	  1.0	  0.1	0.446	0.000	0.000
60	  Q	  0.7	  0.3	0.213	0.000	0.000
61	  E	  0.1	  0.3	0.000	0.000	0.000
62	  D	  0.1	  0.3	0.000	0.000	0.000
63	  L	  0.1	  0.2	0.000	0.000	0.000
64	  A	  0.1	  0.0	0.000	0.000	0.000
65	  P	  0.1	  0.0	0.000	0.000	0.000
66	  V	  1.4	  0.0	0.000	0.869	0.869
67	  Y	  2.3	  0.0	0.000	0.869	0.869
68	  K	  2.5	  0.1	0.000	0.869	0.869
69	  E	  1.1	  0.1	0.000	0.869	0.869
70	  T	  0.4	  0.1	0.221	17.042	17.042
71	  L	  0.3	  0.1	0.221	21.736	21.736
72	  G	  0.3	  0.0	0.221	21.736	21.736
73	  L	  0.7	  0.0	0.221	21.736	21.736
74	  W	  1.9	  0.0	0.221	21.736	21.736
75	  V	  3.4	  0.1	0.221	21.489	21.489
76	  K	  3.1	  0.1	0.543	0.000	0.000
77	  D	  2.0	  0.2	2.304	0.000	0.000
78	  T	  0.5	  0.2	9.155	0.000	0.000
79	  E	  0.2	  0.1	9.155	0.000	0.000
80	  A	  0.3	  0.1	9.155	0.000	0.000
81	  L	  0.4	  0.1	9.155	0.000	0.000
82	  K	  0.7	  0.1	9.155	0.000	0.000
83	  Q	  0.5	  0.1	8.613	0.000	0.000
84	  E	  1.1	  0.1	4.396	0.000	0.000
85	  L	  1.2	  0.1	2.887	0.000	0.000
86	  T	  1.9	  0.1	2.827	0.000	0.000
87	  K	  1.3	  0.1	2.827	0.000	0.000
88	  E	  1.0	  0.1	1.541	0.000	0.000
89	  M	  0.3	  0.1	1.309	0.000	0.000
90	  E	  0.2	  0.0	1.519	0.000	0.000
91	  E	 14.5	  0.0	1.682	0.000	0.000
92	  V	 16.5	  0.1	1.682	0.000	0.000
93	  K	 16.7	  0.0	1.682	0.000	0.000
94	  Q	  2.8	  0.0	1.316	0.000	0.000
95	  K	  1.6	  0.0	1.190	0.000	0.000
96	  I	  1.4	  0.0	0.449	0.000	0.000
97	  Q	  1.2	  0.0	0.449	0.000	0.000
98	  P	  0.1	  0.0	0.000	0.000	0.000
99	  F	  0.8	  0.0	0.000	0.000	0.000
100	  L	  0.9	  0.1	0.000	0.000	0.000
101	  E	  1.1	  0.1	0.000	0.000	0.000
102	  R	  1.8	  0.1	0.000	0.000	0.000
103	  F	  3.1	  0.1	0.000	0.000	0.000
104	  Y	  3.4	  0.0	0.000	0.000	0.000
105	  K	  2.0	  0.0	0.000	0.000	0.000
106	  K	  3.0	  0.0	0.000	0.000	0.000
107	  W	  3.3	  0.0	0.000	0.000	0.000
108	  T	  3.2	  0.1	0.424	0.000	0.000
109	  E	  0.8	  0.1	0.424	0.000	0.000
110	  E	  0.2	  0.1	0.735	0.000	0.000
111	  L	  1.7	  0.1	1.256	0.000	0.000
112	  E	  2.3	  0.0	1.256	0.000	0.000
113	  I	  3.7	  0.0	1.256	0.000	0.000
114	  Y	  4.6	  0.1	1.256	0.000	0.000
115	  R	  4.3	  0.1	1.084	0.000	0.000
116	  Q	  3.1	  0.1	1.084	0.000	0.000
117	  K	  1.6	  0.1	0.136	0.000	0.000
118	  L	  1.3	  0.1	0.000	0.000	0.000
119	  A	  0.9	  0.0	0.000	0.000	0.000
120	  P	  0.1	  0.0	0.000	0.000	0.000
121	  I	  0.1	  0.1	0.000	0.000	0.000
122	  G	  0.0	  0.2	1.312	0.000	0.000
123	  E	  0.1	  0.3	1.626	0.000	0.000
124	  E	  1.5	  0.3	1.831	0.000	0.000
125	  L	  1.5	  0.2	1.831	0.000	0.000
126	  K	  1.6	  0.1	2.248	0.000	0.000
127	  E	  1.0	  0.0	2.248	0.000	0.000
128	  M	  1.1	  0.1	1.966	0.000	0.000
129	  T	  2.6	  0.1	1.354	0.000	0.000
130	  R	  2.1	  0.1	1.354	0.000	0.000
131	  Q	  2.6	  0.1	1.354	0.000	0.000
132	  K	  8.5	  0.1	0.000	0.000	0.000
133	  V	  8.5	  0.1	0.000	0.000	0.000
134	  E	  7.8	  0.1	0.000	0.000	0.000
135	  G	  0.3	  0.1	0.710	0.000	0.000
136	  L	  0.2	  0.2	0.710	0.000	0.000
137	  Q	  0.5	  0.1	0.710	0.000	0.000
138	  Q	  0.9	  0.1	0.710	0.000	0.000
139	  K	  1.6	  0.1	0.710	0.000	0.000
140	  L	  1.3	  0.1	0.710	0.000	0.000
141	  A	  0.9	  0.0	0.462	0.000	0.000
142	  P	  0.1	  0.0	0.000	0.000	0.000
143	  V	  4.4	  0.0	0.000	0.000	0.000
144	  V	  5.1	  0.0	0.800	0.000	0.000
145	  E	  5.1	  0.1	1.862	0.000	0.000
146	  E	  0.7	  0.1	2.262	0.000	0.000
147	  A	  0.1	  0.2	2.262	0.000	0.000
148	  R	  0.1	  0.2	2.262	0.000	0.000
149	  D	  0.1	  0.2	2.262	0.000	0.000
150	  R	  0.8	  0.2	2.262	0.000	0.000
151	  M	  1.1	  0.2	2.262	0.000	0.000
152	  R	  1.1	  0.2	0.899	0.000	0.000
153	  G	  0.4	  0.2	0.841	0.000	0.000
154	  H	  1.5	  0.2	0.949	0.000	0.000
155	  V	  1.6	  0.0	1.403	0.000	0.000
156	  D	  1.6	  0.1	10.958	0.000	0.000
157	  E	  0.4	  0.1	10.958	0.000	0.000
158	  L	  0.5	  0.2	10.958	0.000	0.000
159	  R	  1.1	  0.3	10.958	0.000	0.000
160	  K	  0.9	  0.2	10.958	0.000	0.000
161	  N	  1.2	  0.2	10.647	0.000	0.000
162	  L	  0.8	  0.2	2.787	0.000	0.000
163	  T	  0.7	  0.1	1.109	0.000	0.000
164	  P	  0.2	  0.1	0.000	0.000	0.000
165	  Y	  0.3	  0.3	0.000	0.000	0.000
166	  S	  0.3	  0.3	11.363	0.000	0.000
167	  D	  0.3	  0.3	18.279	0.000	0.000
168	  E	  0.2	  0.3	20.013	0.000	0.000
169	  L	  0.5	  0.2	20.013	0.000	0.000
170	  R	  0.8	  0.2	20.013	0.000	0.000
171	  Q	  0.8	  0.1	20.013	0.000	0.000
172	  K	  2.3	  0.1	18.487	0.000	0.000
173	  L	  2.3	  0.1	15.877	0.000	0.000
174	  T	  3.7	  0.1	14.914	0.000	0.000
175	  Q	  2.3	  0.1	14.777	0.000	0.000
176	  K	  2.5	  0.1	11.533	0.000	0.000
177	  L	  0.9	  0.1	8.132	0.000	0.000
178	  Q	  0.7	  0.0	7.857	0.000	0.000
179	  E	  1.2	  0.0	6.710	0.000	0.000
180	  I	  1.5	  0.0	6.047	0.000	0.000
181	  R	  1.5	  0.2	6.047	0.000	0.000
182	  E	  0.4	  0.5	4.404	0.000	0.000
183	  K	  0.1	  0.5	3.837	0.000	0.000
184	  G	  0.1	  0.5	1.849	0.000	0.000
185	  I	  0.1	  0.3	0.000	0.000	0.000
186	  P	  0.0	  0.0	0.000	0.000	0.000
187	  Q	  0.1	  0.0	0.000	0.000	0.000
188	  A	  0.1	  0.0	0.000	0.000	0.000
189	  A	  0.2	  0.0	0.000	0.000	0.000
190	  E	  1.7	  0.0	0.000	0.000	0.000
191	  Y	  4.4	  0.0	0.000	0.000	0.000
192	  Q	  4.5	  0.0	0.000	0.000	0.000
193	  A	  3.3	  0.0	0.000	0.000	0.000
194	  K	  3.2	  0.0	0.000	0.000	0.000
195	  V	  5.2	  0.0	0.000	0.000	0.000
196	  I	  5.1	  0.0	0.000	0.000	0.000
197	  Q	  2.9	  0.0	0.000	0.000	0.000
198	  H	  1.3	  0.0	0.000	0.000	0.000
199	  L	  1.9	  0.0	0.000	0.000	0.000
200	  T	  2.5	  0.0	0.000	0.000	0.000
201	  A	  2.3	  0.0	0.000	0.000	0.000
202	  F	  2.0	  0.1	0.000	0.000	0.000
203	  R	  1.1	  0.1	0.000	0.000	0.000
204	  E	  0.8	  0.1	0.000	0.000	0.000
205	  K	  9.8	  0.1	0.000	0.000	0.000
206	  V	 10.4	  0.0	0.000	0.000	0.000
207	  T	 10.3	  0.0	0.000	0.000	0.000
208	  P	  0.7	  0.0	0.000	0.000	0.000
209	  L	  0.2	  0.0	0.000	0.000	0.000
210	  M	  0.5	  0.5	0.000	0.000	0.000
211	  Q	  1.1	  0.5	0.000	0.000	0.000
212	  D	  1.4	  0.5	0.158	0.000	0.000
213	  F	  1.9	  0.5	0.158	0.000	0.000
214	  K	  1.5	  0.1	0.158	0.000	0.000
215	  E	  1.1	  0.1	0.158	0.000	0.000
216	  R	  1.6	  0.1	0.158	0.000	0.000
217	  L	  1.5	  0.1	0.158	0.000	0.000
218	  T	  1.5	  0.2	0.151	0.000	0.000
219	  P	  0.2	  0.2	0.151	0.000	0.000
220	  Y	  0.4	  0.2	0.151	0.000	0.000
221	  A	  0.4	  0.3	0.151	0.000	0.000
222	  E	  0.5	  0.1	0.151	0.000	0.000
223	  S	  0.6	  0.1	7.397	0.000	0.000
224	  L	  0.8	  0.2	7.397	0.000	0.000
225	  K	  1.0	  0.1	7.397	0.000	0.000
226	  T	  1.4	  0.1	7.246	0.000	0.000
227	  R	  1.9	  0.1	7.246	0.000	0.000
228	  F	  2.8	  0.2	7.246	6.737	6.737
229	  L	  3.4	  0.2	3.830	6.737	6.737
230	  N	  2.8	  0.2	4.266	6.737	6.737
231	  L	  2.0	  0.2	3.339	6.737	6.737
232	  L	  0.5	  0.1	3.034	6.737	6.737
233	  D	  0.5	  0.1	3.255	0.000	0.000
234	  N	  0.8	  0.1	3.236	0.000	0.000
235	  L	  1.0	  0.2	3.106	0.000	0.000
236	  R	  1.6	  0.2	3.106	0.000	0.000
237	  K	  1.3	  0.2	2.552	0.000	0.000
238	  N	  1.4	  0.2	1.132	0.000	0.000
239	  V	  1.7	  0.2	0.356	0.000	0.000
240	  A	  1.4	  0.0	0.356	0.000	0.000
241	  K	  1.2	  0.0	0.201	0.000	0.000
242	  A	  0.4	  0.0	0.000	0.000	0.000
243	  K	  0.3	  0.0	0.000	0.000	0.000
