res	aa	Beta	Turn	Helix	Aggregation	Conc-Stab_Aggregation
01	  D	  0.0	  0.0	0.000	0.000	0.000
02	  A	  0.0	  0.3	0.000	0.000	0.000
03	  P	  0.0	  0.4	0.000	0.000	0.000
04	  S	  0.2	  0.5	0.365	0.000	0.000
05	  Q	  1.8	  0.5	0.365	0.000	0.000
06	  L	  2.2	  0.2	0.365	0.000	0.000
07	  E	  2.1	  0.1	0.365	0.000	0.000
08	  H	  1.4	  0.1	0.365	0.000	0.000
09	  L	  1.5	  0.1	0.365	0.000	0.000
10	  R	  1.7	  0.1	0.365	0.000	0.000
11	  S	  1.2	  0.1	3.951	0.000	0.000
12	  A	  0.8	  0.1	3.729	0.000	0.000
13	  V	  3.2	  0.0	3.729	0.000	0.000
14	  D	  3.3	  0.0	6.454	0.000	0.000
15	  M	  4.0	  0.0	6.454	2.384	2.384
16	  Y	  2.1	  0.0	6.454	4.290	4.290
17	  L	  1.9	  0.0	6.013	4.290	4.290
18	  L	  1.8	  0.0	6.013	4.290	4.290
19	  Q	  2.1	  0.0	5.689	4.290	4.290
20	  V	  3.6	  0.0	3.466	3.871	3.871
21	  K	  2.8	  0.1	3.635	0.000	0.000
22	  E	  1.8	  0.2	1.721	0.000	0.000
23	  S	  0.4	  0.2	2.496	0.000	0.000
24	  A	  0.4	  0.2	1.937	0.000	0.000
25	  K	  0.4	  0.1	1.937	0.000	0.000
26	  K	  0.3	  0.1	1.552	0.000	0.000
27	  A	  0.4	  0.4	1.105	0.000	0.000
28	  L	  0.3	  0.6	1.105	0.000	0.000
29	  D	  0.2	  0.6	0.768	0.000	0.000
30	  G	  0.2	  1.1	0.459	0.000	0.000
31	  L	  0.2	  0.9	0.155	0.000	0.000
32	  D	  0.2	  0.9	0.000	0.000	0.000
33	  G	  0.1	  1.0	0.000	0.000	0.000
34	  T	  0.5	  0.5	0.000	0.000	0.000
35	  D	  1.2	  0.7	0.000	0.000	0.000
36	  Y	  1.5	  1.1	0.000	0.000	0.000
37	  S	  1.0	  1.0	0.000	0.000	0.000
38	  D	  0.5	  1.0	0.153	0.000	0.000
39	  L	  2.0	  0.6	0.153	0.000	0.000
40	  K	  3.6	  0.0	0.153	0.000	0.000
41	  V	  8.3	  0.0	0.153	0.000	0.000
42	  D	  6.7	  0.0	1.030	0.000	0.000
43	  I	  6.3	  0.0	1.030	0.000	0.000
44	  A	  1.5	  0.0	1.030	0.000	0.000
45	  S	  1.4	  0.1	1.206	0.000	0.000
46	  R	  2.5	  0.3	1.054	0.000	0.000
47	  L	  2.5	  0.5	1.054	0.000	0.000
48	  D	  2.4	  0.4	0.809	0.000	0.000
49	  N	  0.3	  0.4	1.345	0.000	0.000
50	  M	  0.4	  0.1	1.168	0.000	0.000
51	  H	  1.5	  0.0	0.830	0.000	0.000
52	  T	  2.4	  0.1	1.230	0.000	0.000
53	  Q	  3.2	  0.1	1.230	0.000	0.000
54	  L	  2.5	  0.1	1.230	0.000	0.000
55	  K	  1.6	  0.1	1.018	0.000	0.000
56	  A	  0.8	  0.0	0.755	0.000	0.000
57	  M	  0.5	  0.2	0.755	0.000	0.000
58	  Q	  0.3	  0.2	0.320	0.000	0.000
59	  G	  0.1	  0.2	0.000	0.000	0.000
60	  A	  1.2	  0.2	0.000	0.000	0.000
61	  V	  1.6	  0.0	0.000	0.000	0.000
62	  S	  1.6	  0.0	0.000	0.000	0.000
63	  P	  0.4	  0.0	0.000	0.000	0.000
64	  V	  1.7	  0.0	0.000	0.000	0.000
65	  T	  2.4	  0.1	0.000	0.000	0.000
66	  D	  2.6	  0.1	0.000	0.000	0.000
67	  S	  1.5	  0.1	0.000	0.000	0.000
68	  I	  3.8	  0.1	0.000	0.840	0.840
69	  V	  4.4	  0.0	0.000	0.840	0.840
70	  S	  4.3	  0.0	0.000	0.840	0.840
71	  T	 14.9	  0.0	0.000	0.840	0.840
72	  I	 14.0	  0.1	0.000	0.840	0.840
73	  S	 13.5	  0.1	0.184	0.000	0.000
74	  D	  0.1	  0.4	0.184	0.000	0.000
75	  A	  0.2	  0.4	0.184	0.000	0.000
76	  T	  0.4	  0.3	0.184	0.000	0.000
77	  S	  0.4	  0.4	0.184	0.000	0.000
78	  E	  0.5	  0.2	0.184	0.000	0.000
79	  L	  0.5	  0.2	0.000	0.000	0.000
80	  R	  0.7	  0.1	0.000	0.000	0.000
81	  T	  0.8	  0.1	0.000	0.000	0.000
82	  S	  1.0	  0.1	0.000	0.000	0.000
83	  I	  1.6	  0.1	0.000	0.000	0.000
84	  M	  1.3	  0.1	0.000	0.000	0.000
85	  N	  1.1	  0.1	0.000	0.000	0.000
86	  D	  1.2	  0.9	0.000	0.000	0.000
87	  I	  1.1	  0.9	0.000	0.000	0.000
88	  D	  1.0	  0.9	0.861	0.000	0.000
89	  D	  0.3	  0.9	1.161	0.000	0.000
90	  L	  2.0	  0.2	1.161	0.000	0.000
91	  K	  4.0	  0.1	1.161	0.000	0.000
92	  V	  7.7	  0.0	1.161	0.000	0.000
93	  N	  7.0	  0.0	1.161	0.000	0.000
94	  L	  5.2	  0.0	0.673	0.000	0.000
95	  E	  1.5	  0.0	0.673	0.000	0.000
96	  P	  0.2	  0.0	0.000	0.000	0.000
97	  H	  0.3	  0.4	0.000	0.000	0.000
98	  R	  0.3	  0.4	0.000	0.000	0.000
99	  N	  0.3	  0.5	0.000	0.000	0.000
100	  K	  0.8	  0.5	0.000	0.000	0.000
101	  L	  1.0	  0.1	0.000	0.000	0.000
102	  R	  1.7	  0.1	0.000	0.000	0.000
103	  T	  5.1	  0.0	0.000	0.000	0.000
104	  V	  9.0	  0.0	0.000	0.000	0.000
105	  L	  8.8	  0.0	0.000	0.000	0.000
106	  M	  5.3	  0.0	0.000	0.000	0.000
107	  N	  1.7	  0.0	0.000	0.000	0.000
108	  H	  6.4	  0.0	0.000	0.000	0.000
109	  I	  6.2	  0.1	0.000	0.000	0.000
110	  E	  5.6	  0.1	0.000	0.000	0.000
111	  E	  1.1	  0.1	0.000	0.000	0.000
112	  Y	  1.4	  0.1	0.000	0.000	0.000
113	  R	  1.7	  0.1	0.000	0.000	0.000
114	  T	  2.1	  0.1	0.000	0.000	0.000
115	  H	  3.1	  0.1	0.000	0.000	0.000
116	  M	  2.9	  0.0	0.000	0.000	0.000
117	  E	  1.7	  0.0	0.000	0.000	0.000
118	  P	  0.1	  0.0	0.000	0.000	0.000
119	  I	  1.1	  0.0	0.331	0.000	0.000
120	  M	  1.1	  0.1	0.331	0.000	0.000
121	  K	  1.3	  0.1	0.331	0.000	0.000
122	  E	  0.8	  0.1	0.331	0.000	0.000
123	  Y	  3.4	  0.1	0.331	0.000	0.000
124	  Y	  5.5	  0.1	0.331	0.000	0.000
125	  E	  5.6	  0.1	0.331	0.000	0.000
126	  K	  3.1	  0.1	0.331	0.000	0.000
127	  H	  1.0	  0.2	0.331	0.000	0.000
128	  N	  0.3	  0.1	0.639	0.000	0.000
129	  A	  0.3	  0.1	0.456	0.000	0.000
130	  E	  0.4	  0.0	0.631	0.000	0.000
131	  M	  0.4	  0.1	0.631	0.000	0.000
132	  E	  0.3	  0.1	0.631	0.000	0.000
133	  T	  3.4	  0.1	1.199	0.000	0.000
134	  L	  3.5	  0.1	1.199	0.000	0.000
135	  K	  4.2	  0.1	1.199	0.000	0.000
136	  T	  2.0	  0.1	0.568	0.000	0.000
137	  K	  6.4	  0.1	0.568	0.000	0.000
138	  M	  5.7	  0.0	0.568	0.000	0.000
139	  E	  4.7	  0.0	0.173	0.000	0.000
140	  P	  0.1	  0.0	0.000	0.000	0.000
141	  V	  2.1	  0.0	0.000	0.000	0.000
142	  M	  2.5	  0.0	0.000	0.000	0.000
143	  T	  3.6	  0.0	0.175	0.000	0.000
144	  Q	  2.5	  0.0	0.175	0.000	0.000
145	  L	  2.0	  0.1	0.175	0.000	0.000
146	  R	  1.0	  0.1	0.175	0.000	0.000
147	  E	  0.2	  0.1	0.175	0.000	0.000
148	  K	  1.2	  0.1	0.175	0.000	0.000
149	  V	  9.4	  0.0	0.000	0.158	0.158
150	  S	 14.1	  0.2	0.000	0.158	0.158
151	  V	 24.6	  0.2	0.000	0.158	0.158
152	  N	 20.6	  0.2	0.174	0.158	0.158
153	  V	 16.0	  0.2	0.278	0.158	0.158
154	  E	  5.0	  0.1	0.745	0.000	0.000
155	  E	  1.0	  0.1	0.951	0.000	0.000
156	  T	  1.0	  0.1	1.641	0.000	0.000
157	  K	  1.2	  0.1	1.641	0.000	0.000
158	  A	  0.9	  0.0	1.641	0.000	0.000
159	  A	  1.0	  0.0	1.641	0.000	0.000
160	  L	  0.9	  0.0	1.641	0.000	0.000
161	  M	  0.8	  0.0	1.494	0.000	0.000
162	  P	  0.1	  0.0	0.000	0.000	0.000
163	  I	  3.0	  0.0	0.000	0.000	0.000
164	  V	  4.6	  0.1	0.000	0.000	0.000
165	  E	  4.6	  0.1	0.000	0.000	0.000
166	  S	  5.4	  0.1	0.199	0.000	0.000
167	  V	  6.0	  0.1	0.199	0.000	0.000
168	  R	  6.3	  0.1	0.199	0.000	0.000
169	  S	  3.0	  0.1	0.199	0.000	0.000
170	  K	  2.4	  0.1	0.199	0.000	0.000
171	  I	  2.2	  0.1	0.199	0.000	0.000
172	  N	  1.8	  0.1	0.199	0.000	0.000
173	  D	  0.2	  0.1	0.411	0.000	0.000
174	  R	  0.5	  0.1	0.411	0.000	0.000
175	  L	  0.6	  0.2	0.411	0.000	0.000
176	  E	  0.6	  0.2	0.411	0.000	0.000
177	  S	  0.8	  0.1	0.411	0.000	0.000
178	  L	  0.8	  0.2	0.411	0.000	0.000
179	  K	  1.1	  0.1	0.248	0.000	0.000
180	  T	  2.1	  0.1	0.000	0.000	0.000
181	  M	  2.8	  0.1	0.000	0.000	0.000
182	  V	  3.2	  0.0	0.000	0.000	0.000
183	  T	  1.6	  0.0	0.000	0.000	0.000
184	  P	  0.7	  0.0	0.000	0.000	0.000
185	  Y	  2.3	  0.0	0.000	0.000	0.000
186	  V	  2.9	  0.1	0.000	0.000	0.000
187	  E	  2.9	  0.1	0.000	0.000	0.000
188	  E	  4.0	  0.1	0.000	0.000	0.000
189	  Y	  3.9	  0.3	0.000	0.000	0.000
190	  K	  4.0	  0.2	0.000	0.000	0.000
191	  D	  0.6	  0.3	1.305	0.000	0.000
192	  Q	  1.2	  0.3	1.305	0.000	0.000
193	  L	  1.2	  0.2	1.305	0.000	0.000
194	  K	  1.4	  0.2	1.305	0.000	0.000
195	  Q	  0.8	  0.1	1.305	0.000	0.000
196	  A	  0.9	  0.1	1.305	0.000	0.000
197	  Y	  1.9	  0.1	1.305	0.000	0.000
198	  D	  1.4	  0.1	1.856	0.000	0.000
199	  Q	  1.4	  0.3	1.856	0.000	0.000
200	  A	  0.3	  0.6	1.647	0.000	0.000
201	  K	  0.3	  0.6	1.647	0.000	0.000
202	  G	  0.4	  0.5	1.299	0.000	0.000
203	  F	  1.0	  0.4	0.756	0.000	0.000
204	  T	  1.0	  0.8	0.000	0.000	0.000
205	  P	  0.7	  0.9	0.000	0.000	0.000
206	  D	  0.1	  0.9	1.484	0.000	0.000
207	  Q	  0.9	  0.9	1.484	0.000	0.000
208	  V	  1.8	  0.1	1.484	0.000	0.000
209	  T	  1.8	  0.1	1.856	0.000	0.000
210	  E	  1.2	  0.1	1.856	0.000	0.000
211	  L	  0.6	  0.2	1.856	0.000	0.000
212	  R	  0.6	  0.3	1.514	0.000	0.000
213	  G	  0.3	  0.3	1.093	0.000	0.000
214	  K	  3.6	  0.3	0.747	0.000	0.000
215	  L	  3.7	  0.1	0.000	0.000	0.000
216	  T	  3.7	  0.2	0.000	0.000	0.000
217	  P	  0.2	  0.1	0.000	0.000	0.000
218	  L	  0.0	  0.1	0.000	0.000	0.000
219	  A	  0.0	  0.4	0.000	0.000	0.000
220	  E	  0.0	  0.2	0.000	0.000	0.000
221	  D	  1.2	  0.2	4.632	0.000	0.000
222	  I	  2.7	  0.3	4.632	0.000	0.000
223	  K	  3.4	  0.0	4.632	0.000	0.000
224	  T	  3.7	  0.0	4.907	0.251	0.251
225	  K	  5.7	  0.0	4.907	0.682	0.682
226	  F	  7.2	  0.1	4.907	1.096	1.096
227	  E	  5.9	  0.0	1.474	1.096	1.096
228	  A	  2.6	  0.0	1.212	32.853	32.853
229	  I	  1.4	  0.0	1.061	64.002	64.002
230	  F	  4.9	  0.0	1.061	64.213	64.213
231	  S	  5.3	  0.0	0.516	64.213	64.213
232	  I	  8.5	  0.0	0.000	64.365	64.365
233	  I	  5.4	  0.0	0.000	58.474	58.474
234	  R	  4.7	  0.1	0.000	2.789	2.789
235	  E	  0.4	  0.1	0.000	2.455	2.455
236	  T	  2.7	  0.1	0.000	2.455	2.455
237	  I	  4.8	  0.1	0.000	2.455	2.455
238	  I	  6.5	  0.0	0.000	2.070	2.070
239	  K	  3.8	  0.0	0.000	0.080	0.080
240	  Q	  1.7	  0.0	0.000	0.000	0.000
