res	aa	Beta	Turn	Helix	Aggregation	Conc-Stab_Aggregation
01	  D	  0.0	  0.0	0.000	0.000	0.000
02	  E	  0.0	  0.0	0.000	0.000	0.000
03	  P	  0.0	  0.1	0.000	0.000	0.000
04	  Q	  0.2	  0.1	0.000	0.000	0.000
05	  S	  0.2	  0.1	0.694	0.000	0.000
06	  E	  1.7	  0.1	0.694	0.000	0.000
07	  W	  1.8	  0.1	0.694	0.000	0.000
08	  D	  1.9	  0.1	0.694	0.000	0.000
09	  K	  4.8	  0.1	0.694	0.000	0.000
10	  V	  6.0	  0.2	0.694	0.000	0.000
11	  K	  6.2	  0.1	0.694	0.000	0.000
12	  D	  2.0	  0.1	3.134	0.000	0.000
13	  I	  1.7	  0.1	2.960	9.287	9.287
14	  A	  1.9	  0.0	2.960	9.287	9.287
15	  T	  2.9	  0.0	2.960	9.287	9.287
16	  L	  2.6	  0.0	2.960	9.287	9.287
17	  Y	  3.3	  0.1	2.960	9.287	9.287
18	  M	  2.3	  0.1	0.727	4.714	4.714
19	  D	  1.5	  0.1	0.409	0.000	0.000
20	  A	  1.1	  0.1	0.409	0.000	0.000
21	  V	  2.5	  0.4	0.409	0.000	0.000
22	  K	  2.4	  0.5	0.409	0.000	0.000
23	  D	  1.6	  2.5	0.000	0.000	0.000
24	  G	  0.0	  2.6	0.000	0.000	0.000
25	  G	  0.0	  2.2	0.000	0.000	0.000
26	  R	  0.2	  2.1	0.000	0.000	0.000
27	  E	  0.3	  0.2	0.000	0.000	0.000
28	  Y	  2.0	  0.1	0.000	0.000	0.000
29	  V	  3.8	  0.1	0.000	0.000	0.000
30	  S	  4.2	  0.1	0.000	0.000	0.000
31	  Q	  9.6	  0.1	0.000	0.000	0.000
32	  F	  9.0	  0.2	0.000	0.000	0.000
33	  E	  8.6	  0.2	0.000	0.000	0.000
34	  S	  1.6	  0.2	0.420	0.000	0.000
35	  S	  0.3	  0.5	1.113	0.000	0.000
36	  A	  0.3	  0.5	1.113	0.000	0.000
37	  L	  0.2	  0.5	1.113	0.000	0.000
38	  G	  0.1	  0.5	1.113	0.000	0.000
39	  K	  0.2	  0.3	1.113	0.000	0.000
40	  Q	  1.1	  0.2	0.694	0.000	0.000
41	  L	  2.8	  0.1	0.450	0.000	0.000
42	  N	  3.0	  0.0	1.152	0.000	0.000
43	  L	  3.6	  0.0	0.997	0.000	0.000
44	  K	  2.2	  0.0	0.859	0.000	0.000
45	  L	  2.2	  0.3	0.702	0.000	0.000
46	  L	  0.8	  0.8	0.702	0.000	0.000
47	  D	  0.5	  0.8	0.702	0.000	0.000
48	  G	  0.2	  0.8	0.233	0.000	0.000
49	  W	  0.5	  0.7	0.000	0.000	0.000
50	  D	  0.5	  0.3	0.000	0.000	0.000
51	  T	  0.6	  0.4	0.000	0.000	0.000
52	  L	  0.2	  1.1	0.000	0.000	0.000
53	  G	  0.2	  1.1	0.000	0.000	0.000
54	  S	  0.2	  1.1	0.000	0.000	0.000
55	  T	  0.3	  1.5	0.000	0.000	0.000
56	  A	  0.3	  0.7	0.000	0.000	0.000
57	  G	  0.1	  0.7	0.000	0.000	0.000
58	  Q	  1.3	  0.6	0.000	0.000	0.000
59	  L	  1.3	  0.1	0.000	0.000	0.000
60	  Q	  1.4	  0.1	0.000	0.000	0.000
61	  E	  0.2	  0.1	0.000	0.000	0.000
62	  Q	  0.2	  0.1	0.000	0.000	0.000
63	  L	  0.1	  0.1	0.000	0.000	0.000
64	  G	  0.1	  0.1	0.654	0.000	0.000
65	  P	  0.0	  0.0	0.654	0.000	0.000
66	  V	  2.0	  0.0	0.654	0.000	0.000
67	  T	  2.2	  0.1	0.654	0.000	0.000
68	  R	  2.4	  0.1	0.654	0.000	0.000
69	  E	  0.9	  0.1	0.654	0.000	0.000
70	  F	  1.9	  0.1	0.180	0.000	0.000
71	  W	  2.0	  0.2	0.000	0.000	0.000
72	  D	  1.6	  0.3	0.708	0.000	0.000
73	  K	  2.0	  0.3	0.708	0.000	0.000
74	  L	  1.9	  0.2	0.708	0.000	0.000
75	  E	  2.4	  0.2	0.708	0.000	0.000
76	  K	  0.7	  0.1	0.708	0.000	0.000
77	  K	  0.6	  1.8	0.708	0.000	0.000
78	  A	  0.2	  1.8	0.000	0.000	0.000
79	  D	  0.1	  1.8	0.000	0.000	0.000
80	  G	  0.0	  1.8	0.000	0.000	0.000
81	  L	  0.2	  0.2	0.000	0.000	0.000
82	  K	  0.4	  0.1	0.000	0.000	0.000
83	  Q	  0.9	  0.0	0.000	0.000	0.000
84	  V	  5.0	  0.1	0.000	0.000	0.000
85	  M	  5.2	  0.1	0.000	0.000	0.000
86	  N	  4.8	  0.1	0.000	0.000	0.000
87	  T	  1.1	  0.1	0.159	0.000	0.000
88	  E	  2.9	  0.0	0.159	0.000	0.000
89	  V	  3.6	  0.1	0.159	0.000	0.000
90	  E	  3.2	  0.1	0.159	0.000	0.000
91	  D	  2.4	  0.1	0.690	0.000	0.000
92	  V	  3.7	  0.1	0.690	0.000	0.000
93	  K	  4.0	  0.1	0.690	0.000	0.000
94	  Q	  3.2	  0.1	0.690	0.000	0.000
95	  K	  4.4	  0.1	0.690	0.000	0.000
96	  V	  4.4	  0.0	0.531	0.000	0.000
97	  Q	  3.8	  0.0	0.531	0.000	0.000
98	  P	  0.4	  0.0	0.000	0.000	0.000
99	  F	  1.0	  0.1	0.000	0.000	0.000
100	  L	  1.0	  0.2	0.000	0.000	0.000
101	  D	  1.0	  0.2	5.711	0.000	0.000
102	  E	  1.5	  0.2	5.711	0.000	0.000
103	  F	  3.5	  0.1	5.711	0.000	0.000
104	  Q	  3.6	  0.2	5.711	0.000	0.000
105	  K	  2.2	  0.2	5.711	0.000	0.000
106	  N	  1.0	  0.2	7.171	0.000	0.000
107	  W	  1.5	  0.2	5.658	0.000	0.000
108	  Q	  1.5	  0.1	5.161	0.000	0.000
109	  E	  0.7	  0.1	3.353	0.000	0.000
110	  E	  1.8	  0.1	2.923	0.000	0.000
111	  V	  5.3	  0.0	2.864	0.000	0.000
112	  A	  5.5	  0.0	2.864	0.000	0.000
113	  L	  3.9	  0.0	2.741	0.000	0.000
114	  Y	  2.3	  0.0	2.559	0.000	0.000
115	  R	  2.3	  0.1	1.152	0.000	0.000
116	  Q	  2.8	  0.1	0.681	0.000	0.000
117	  K	 17.5	  0.1	0.000	0.000	0.000
118	  V	 17.9	  0.0	0.000	0.000	0.000
119	  E	 17.4	  0.0	0.000	0.000	0.000
120	  P	  0.8	  0.0	0.000	0.000	0.000
121	  L	  0.4	  0.0	0.000	0.000	0.000
122	  C	  0.8	  0.1	0.000	0.000	0.000
123	  A	  0.9	  0.2	0.000	0.000	0.000
124	  E	  1.9	  0.2	0.000	0.000	0.000
125	  L	  1.6	  0.2	0.000	0.000	0.000
126	  H	  1.7	  0.3	0.232	0.000	0.000
127	  E	  0.4	  0.3	0.232	0.000	0.000
128	  S	  1.1	  0.3	0.549	0.000	0.000
129	  T	  2.7	  0.3	1.559	0.000	0.000
130	  R	  2.9	  0.2	1.559	0.000	0.000
131	  Q	  2.5	  0.1	1.559	0.000	0.000
132	  K	  1.3	  0.1	1.327	0.000	0.000
133	  L	  1.0	  0.1	1.327	0.000	0.000
134	  Q	  0.8	  0.1	1.327	0.000	0.000
135	  E	  0.6	  0.1	1.024	0.000	0.000
136	  L	  0.6	  0.4	1.024	0.000	0.000
137	  Q	  0.5	  0.4	1.024	0.000	0.000
138	  G	  0.1	  0.4	0.468	0.000	0.000
139	  K	  0.3	  0.4	0.248	0.000	0.000
140	  F	  0.3	  0.5	0.000	0.000	0.000
141	  G	  0.3	  0.6	0.000	0.000	0.000
142	  P	  0.0	  0.6	0.000	0.000	0.000
143	  L	  0.0	  0.6	0.281	0.000	0.000
144	  A	  0.0	  0.3	1.298	0.000	0.000
145	  E	  0.1	  0.1	2.111	0.000	0.000
146	  E	  0.8	  0.1	2.517	0.000	0.000
147	  F	  1.6	  0.3	2.517	0.000	0.000
148	  R	  1.6	  0.2	2.659	0.000	0.000
149	  D	  0.9	  0.2	2.796	0.000	0.000
150	  R	  3.9	  0.2	2.796	0.000	0.000
151	  I	  6.1	  0.0	2.796	0.000	0.000
152	  R	  6.5	  0.1	2.796	0.000	0.000
153	  Q	  3.3	  0.0	2.406	0.000	0.000
154	  R	  6.3	  0.0	1.121	0.000	0.000
155	  V	  6.8	  0.1	0.000	0.000	0.000
156	  D	  6.3	  0.1	0.604	0.000	0.000
157	  S	  3.1	  0.1	0.828	0.000	0.000
158	  L	  4.1	  0.1	0.828	0.000	0.000
159	  R	  5.6	  0.1	0.828	0.000	0.000
160	  V	  8.5	  0.0	0.828	0.000	0.000
161	  Q	  6.6	  0.0	0.828	0.000	0.000
162	  L	  5.1	  0.0	0.462	0.000	0.000
163	  A	  0.4	  0.5	0.462	0.000	0.000
164	  P	  0.0	  0.6	0.000	0.000	0.000
165	  H	  0.0	  1.4	0.000	0.000	0.000
166	  G	  0.0	  1.4	5.268	0.000	0.000
167	  D	  0.0	  1.0	21.583	0.000	0.000
168	  K	  0.5	  0.9	22.610	0.000	0.000
169	  L	  0.6	  0.1	23.742	0.000	0.000
170	  R	  0.6	  0.4	25.356	0.000	0.000
171	  E	  0.1	  0.4	26.568	0.000	0.000
172	  D	  0.1	  0.4	35.485	0.000	0.000
173	  L	  0.0	  0.3	35.449	0.000	0.000
174	  A	  0.1	  0.0	36.129	0.000	0.000
175	  Q	  0.3	  0.0	35.893	0.000	0.000
176	  R	  0.4	  0.0	34.311	0.000	0.000
177	  L	  0.3	  0.0	33.610	0.000	0.000
178	  A	  0.2	  0.0	32.602	0.000	0.000
179	  E	  1.0	  0.0	31.353	0.000	0.000
180	  L	  1.2	  0.2	26.616	0.000	0.000
181	  K	  1.1	  0.2	22.776	0.000	0.000
182	  D	  0.2	  0.2	10.693	0.000	0.000
183	  N	  0.0	  0.4	8.122	0.000	0.000
184	  P	  0.0	  0.2	0.000	0.000	0.000
185	  T	  0.6	  0.2	0.152	0.000	0.000
186	  L	  0.7	  0.2	0.152	0.000	0.000
187	  I	  4.0	  0.0	0.152	0.000	0.000
188	  E	  7.3	  0.0	0.152	0.000	0.000
189	  Y	  8.0	  0.0	0.152	0.000	0.000
190	  H	  6.0	  0.0	0.152	0.000	0.000
191	  T	  2.4	  0.1	0.000	0.000	0.000
192	  K	  1.9	  0.1	0.000	0.000	0.000
193	  A	  0.9	  0.3	0.000	0.000	0.000
194	  K	  0.4	  0.3	0.000	0.000	0.000
195	  D	  0.1	  0.3	0.000	0.000	0.000
196	  H	  0.8	  0.3	0.211	0.000	0.000
197	  L	  1.1	  0.1	0.211	0.000	0.000
198	  Q	  1.2	  0.0	0.211	0.000	0.000
199	  A	  1.1	  0.0	0.211	0.000	0.000
200	  I	  1.1	  0.0	0.211	0.000	0.000
201	  R	  1.0	  0.1	0.211	0.000	0.000
202	  E	  0.6	  0.1	0.211	0.000	0.000
203	  K	  1.1	  0.1	0.211	0.000	0.000
204	  A	  1.1	  0.1	0.000	0.000	0.000
205	  T	  1.0	  0.0	0.000	0.000	0.000
206	  P	  0.1	  0.0	0.000	0.000	0.000
207	  A	  0.3	  0.0	0.000	0.000	0.000
208	  L	  0.5	  0.2	0.000	0.000	0.000
209	  Q	  0.6	  0.2	0.000	0.000	0.000
210	  D	  0.6	  0.2	0.000	0.000	0.000
211	  L	  1.7	  0.2	0.000	0.000	0.000
212	  T	  3.8	  0.1	0.000	0.000	0.000
213	  H	  3.8	  0.1	0.000	0.000	0.000
214	  S	  3.1	  0.1	0.000	0.000	0.000
215	  L	  1.0	  0.1	0.000	0.000	0.000
216	  V	  0.8	  0.1	0.000	0.000	0.000
217	  P	  0.2	  0.0	0.000	0.000	0.000
218	  M	  0.1	  0.0	0.000	0.000	0.000
219	  L	  0.2	  0.1	0.000	0.000	0.000
220	  E	  0.2	  0.1	0.000	0.000	0.000
221	  T	  3.5	  0.1	0.000	0.000	0.000
222	  L	  3.7	  0.1	0.000	0.000	0.000
223	  K	  4.1	  0.1	0.000	0.000	0.000
224	  T	  1.5	  0.1	0.000	0.000	0.000
225	  Q	  2.4	  0.1	0.000	0.000	0.000
226	  V	  4.0	  0.1	0.000	0.000	0.000
227	  K	  3.2	  0.1	0.000	0.000	0.000
228	  N	  2.2	  0.1	0.000	0.000	0.000
229	  A	  0.5	  0.1	0.000	0.000	0.000
230	  V	  0.7	  0.0	0.000	0.000	0.000
231	  D	  0.6	  0.1	0.218	0.000	0.000
232	  K	  0.5	  0.1	0.218	0.000	0.000
233	  A	  0.2	  0.2	0.218	0.000	0.000
234	  S	  0.2	  0.2	0.218	0.000	0.000
235	  E	  0.1	  0.2	0.218	0.000	0.000
236	  K	  0.7	  0.2	0.218	0.000	0.000
237	  L	  1.0	  0.4	0.000	0.000	0.000
238	  S	  1.1	  0.3	0.000	0.000	0.000
239	  S	  0.5	  0.2	0.000	0.000	0.000
240	  W	  0.2	  0.2	0.000	0.000	0.000
