res	aa	Beta	Turn	Helix	Aggregation	Conc-Stab_Aggregation
01	  D	  0.0	  0.0	0.000	0.000	0.000
02	  E	  0.0	  0.0	0.000	0.000	0.000
03	  P	  0.0	  0.1	0.000	0.000	0.000
04	  Q	  0.1	  0.1	0.000	0.000	0.000
05	  T	  1.6	  0.1	0.000	0.000	0.000
06	  S	  7.4	  0.5	0.000	0.000	0.000
07	  W	  7.5	  0.5	0.000	0.000	0.000
08	  D	  6.1	  0.5	0.660	0.000	0.000
09	  R	  0.6	  0.5	0.660	0.000	0.000
10	  M	  0.6	  0.6	0.660	0.000	0.000
11	  K	  0.7	  0.6	0.660	0.116	0.116
12	  D	  0.4	  0.6	0.933	0.116	0.116
13	  F	  1.0	  0.6	0.933	50.184	50.184
14	  A	  1.1	  0.0	0.584	50.877	50.877
15	  A	  1.2	  0.0	0.584	50.877	50.877
16	  L	  1.2	  0.0	0.584	50.877	50.877
17	  Y	  2.6	  0.1	0.446	50.877	50.877
18	  V	  3.1	  0.1	0.000	46.809	46.809
19	  D	  2.4	  0.1	0.000	0.000	0.000
20	  A	  1.0	  0.1	0.000	0.000	0.000
21	  I	  0.5	  0.0	0.000	0.000	0.000
22	  Q	  0.4	  0.3	0.000	0.000	0.000
23	  E	  0.2	  0.5	0.000	0.000	0.000
24	  S	  0.1	  0.8	0.000	0.000	0.000
25	  G	  0.1	  1.4	0.000	0.000	0.000
26	  K	  0.2	  1.1	0.000	0.000	0.000
27	  D	  0.3	  0.9	0.000	0.000	0.000
28	  C	  2.1	  0.6	0.000	0.000	0.000
29	  A	  2.0	  0.0	0.000	0.000	0.000
30	  A	  2.2	  0.0	0.000	0.000	0.000
31	  Q	  1.2	  0.0	0.000	0.000	0.000
32	  L	  1.3	  0.0	0.000	0.000	0.000
33	  D	  1.1	  2.0	2.080	0.000	0.000
34	  A	  0.5	  2.0	2.080	0.000	0.000
35	  S	  0.4	  2.2	2.671	0.000	0.000
36	  A	  0.4	  2.4	2.671	0.000	0.000
37	  L	  0.2	  0.5	2.671	0.000	0.000
38	  G	  0.1	  0.5	2.836	0.000	0.000
39	  K	  0.2	  0.3	2.310	0.000	0.000
40	  Q	  1.1	  0.2	0.987	0.000	0.000
41	  L	  2.7	  0.1	0.504	0.000	0.000
42	  N	  3.0	  0.4	1.767	0.000	0.000
43	  L	  3.7	  0.4	1.634	0.233	0.233
44	  N	  2.1	  0.4	1.805	0.233	0.233
45	  L	  1.9	  0.4	1.434	0.413	0.413
46	  L	  0.3	  0.6	1.434	0.413	0.413
47	  A	  0.4	  0.5	1.434	0.413	0.413
48	  N	  0.9	  1.0	0.992	0.180	0.180
49	  W	  1.4	  1.0	0.310	0.180	0.180
50	  N	  1.4	  0.5	0.000	0.000	0.000
51	  T	  3.5	  0.5	0.000	0.000	0.000
52	  L	  3.5	  0.1	0.000	0.000	0.000
53	  T	  4.3	  0.1	0.000	0.000	0.000
54	  S	  2.2	  0.1	0.000	0.000	0.000
55	  T	 10.9	  0.1	0.000	0.000	0.000
56	  F	 10.6	  0.3	0.000	0.000	0.000
57	  N	  9.9	  0.2	0.000	0.000	0.000
58	  N	  1.3	  0.2	0.669	0.000	0.000
59	  L	  0.7	  0.2	0.669	0.000	0.000
60	  R	  0.8	  0.1	0.669	0.000	0.000
61	  E	  0.1	  0.1	0.669	0.000	0.000
62	  Q	  0.1	  0.1	0.669	0.000	0.000
63	  L	  0.1	  0.2	0.669	0.000	0.000
64	  G	  0.1	  0.2	0.751	0.000	0.000
65	  S	  4.2	  0.1	0.487	0.000	0.000
66	  V	  6.1	  0.1	0.216	0.000	0.000
67	  T	  6.9	  0.1	0.216	0.000	0.000
68	  K	  3.0	  0.1	0.216	0.000	0.000
69	  E	  1.4	  0.1	0.216	0.000	0.000
70	  F	  1.9	  0.2	0.000	0.000	0.000
71	  W	  2.0	  0.4	0.000	0.000	0.000
72	  D	  1.5	  0.5	0.000	0.000	0.000
73	  N	  0.3	  0.7	0.000	0.000	0.000
74	  L	  0.0	  0.7	0.000	0.000	0.000
75	  G	  0.0	  0.7	0.273	0.000	0.000
76	  E	  0.1	  0.6	0.273	0.000	0.000
77	  D	  0.7	  0.4	0.665	0.000	0.000
78	  T	  5.9	  0.3	3.163	0.000	0.000
79	  V	  8.4	  0.0	3.163	0.000	0.000
80	  W	  8.4	  0.0	3.163	0.000	0.000
81	  L	  3.7	  0.0	3.027	0.000	0.000
82	  R	  1.4	  0.1	3.027	0.000	0.000
83	  Q	  1.1	  0.1	2.874	0.000	0.000
84	  Q	  1.8	  0.1	1.532	0.000	0.000
85	  M	  1.6	  0.1	0.978	0.000	0.000
86	  N	  1.2	  0.9	0.993	0.000	0.000
87	  K	  0.2	  0.9	0.741	0.000	0.000
88	  D	  0.3	  0.9	5.530	0.000	0.000
89	  L	  0.3	  0.9	5.611	0.000	0.000
90	  E	  0.3	  0.1	5.906	0.000	0.000
91	  E	 13.6	  0.0	6.050	0.000	0.000
92	  V	 15.5	  0.1	5.932	0.000	0.000
93	  K	 15.7	  0.0	5.932	0.000	0.000
94	  Q	  2.9	  0.0	4.860	0.000	0.000
95	  K	  2.2	  0.0	4.014	0.000	0.000
96	  V	  3.1	  0.1	1.998	0.000	0.000
97	  Q	  3.6	  0.1	1.998	0.000	0.000
98	  S	  2.8	  0.1	0.968	0.000	0.000
99	  Y	  2.6	  0.2	0.761	0.000	0.000
100	  L	  1.7	  0.4	0.435	0.000	0.000
101	  D	  1.2	  0.4	0.624	0.000	0.000
102	  N	  1.3	  0.4	3.001	0.000	0.000
103	  F	  3.3	  0.3	3.001	0.000	0.000
104	  Q	  3.3	  0.1	2.870	0.000	0.000
105	  K	  2.4	  0.1	2.566	0.000	0.000
106	  K	  2.3	  0.1	2.566	0.000	0.000
107	  V	  2.3	  0.0	2.377	0.000	0.000
108	  N	  2.2	  0.1	3.694	0.000	0.000
109	  E	  0.3	  0.1	2.993	0.000	0.000
110	  E	  2.3	  0.1	2.642	0.000	0.000
111	  V	  4.0	  0.1	2.056	0.000	0.000
112	  E	  4.3	  0.1	2.056	0.000	0.000
113	  R	  3.2	  0.1	2.056	0.000	0.000
114	  Y	  2.3	  0.3	2.056	0.000	0.000
115	  R	  2.0	  0.2	0.209	0.000	0.000
116	  D	  0.9	  0.2	0.000	0.000	0.000
117	  K	  3.6	  0.2	0.000	0.000	0.000
118	  V	  4.0	  0.0	0.000	0.000	0.000
119	  Q	  3.9	  0.3	0.000	0.000	0.000
120	  P	  0.4	  0.5	0.000	0.000	0.000
121	  L	  0.0	  0.5	0.000	0.000	0.000
122	  G	  0.0	  0.6	0.000	0.000	0.000
123	  K	  0.1	  0.4	0.000	0.000	0.000
124	  E	  1.5	  0.2	0.000	0.000	0.000
125	  L	  1.8	  0.1	0.000	0.000	0.000
126	  H	  1.9	  0.7	0.000	0.000	0.000
127	  K	  0.6	  0.6	0.000	0.000	0.000
128	  D	  0.3	  0.8	0.307	0.000	0.000
129	  A	  0.2	  0.9	0.307	0.000	0.000
130	  Q	  0.5	  0.3	0.307	0.000	0.000
131	  Q	  0.8	  0.3	0.307	0.000	0.000
132	  K	  1.9	  0.1	0.307	0.000	0.000
133	  L	  1.7	  0.1	0.307	0.000	0.000
134	  K	  1.4	  0.1	0.307	0.000	0.000
135	  E	  0.6	  0.1	0.307	0.000	0.000
136	  L	  0.6	  0.1	0.307	0.000	0.000
137	  Q	  0.6	  0.1	0.307	0.000	0.000
138	  E	  0.3	  0.1	0.150	0.000	0.000
139	  K	  1.1	  0.1	0.150	0.000	0.000
140	  L	  1.0	  0.1	0.000	0.000	0.000
141	  A	  1.0	  0.4	0.000	0.000	0.000
142	  P	  0.1	  0.6	0.000	0.000	0.000
143	  L	  0.0	  0.6	0.000	0.000	0.000
144	  G	  0.0	  0.8	1.371	0.000	0.000
145	  Q	  0.2	  0.4	1.371	0.000	0.000
146	  D	  2.3	  0.3	1.677	0.000	0.000
147	  I	  4.8	  0.2	1.677	0.000	0.000
148	  R	  5.1	  0.1	1.677	0.000	0.000
149	  Q	  3.1	  0.1	1.677	0.000	0.000
150	  R	  0.8	  0.1	1.462	0.000	0.000
151	  A	  0.3	  0.1	1.206	0.000	0.000
152	  R	  0.4	  0.1	0.995	0.000	0.000
153	  E	  0.4	  0.0	0.580	0.000	0.000
154	  Y	  1.9	  0.1	0.445	0.000	0.000
155	  V	  2.4	  0.1	0.000	0.000	0.000
156	  D	  2.3	  0.2	0.239	0.000	0.000
157	  A	  1.0	  0.2	0.239	0.000	0.000
158	  L	  0.5	  0.2	0.239	0.000	0.000
159	  R	  0.9	  0.2	0.239	0.000	0.000
160	  T	  1.6	  0.1	0.239	0.000	0.000
161	  H	  1.5	  0.3	0.239	0.000	0.000
162	  L	  1.2	  1.4	0.000	0.000	0.000
163	  G	  0.2	  1.4	0.000	0.000	0.000
164	  S	  8.3	  1.4	0.000	0.000	0.000
165	  Y	 12.3	  1.1	0.000	0.000	0.000
166	  T	 12.3	  0.3	0.233	0.000	0.000
167	  Q	  4.4	  0.3	0.233	0.000	0.000
168	  G	  0.1	  0.3	0.233	0.000	0.000
169	  M	  0.4	  0.4	0.233	0.000	0.000
170	  R	  0.5	  0.2	0.233	0.000	0.000
171	  Q	  0.5	  0.3	0.233	0.000	0.000
172	  G	  0.2	  0.3	2.706	0.000	0.000
173	  L	  0.2	  0.1	2.473	0.000	0.000
174	  A	  0.3	  0.1	2.473	0.000	0.000
175	  K	  0.4	  0.1	2.473	0.000	0.000
176	  R	  0.8	  0.1	2.660	0.000	0.000
177	  L	  0.9	  0.1	2.660	0.000	0.000
178	  E	  0.7	  0.0	2.660	0.000	0.000
179	  A	  0.5	  0.0	2.385	0.000	0.000
180	  L	  0.3	  0.1	2.101	0.000	0.000
181	  K	  0.4	  0.2	1.746	0.000	0.000
182	  E	  0.3	  0.2	0.767	0.000	0.000
183	  S	  0.4	  0.2	0.315	0.000	0.000
184	  A	  0.3	  0.1	0.000	0.000	0.000
185	  P	  0.1	  0.0	0.000	0.000	0.000
186	  V	  0.5	  0.1	0.000	0.000	0.000
187	  S	  0.5	  0.1	0.499	0.000	0.000
188	  E	  2.0	  0.1	0.499	0.000	0.000
189	  Y	  4.5	  0.1	0.499	0.000	0.000
190	  Q	  5.6	  0.0	0.499	0.000	0.000
191	  V	  6.4	  0.0	0.499	0.000	0.000
192	  K	  3.7	  0.0	0.499	0.000	0.000
193	  A	  2.8	  0.1	0.499	0.000	0.000
194	  S	  0.7	  0.1	0.499	0.000	0.000
195	  K	  0.6	  0.1	0.193	0.000	0.000
196	  H	  0.8	  0.1	0.000	0.000	0.000
197	  L	  0.7	  0.2	0.000	0.000	0.000
198	  K	  1.2	  0.1	0.000	0.000	0.000
199	  T	 31.7	  0.1	0.166	0.000	0.000
200	  F	 32.0	  0.2	0.166	0.000	0.000
201	  S	 31.6	  0.1	0.166	0.000	0.000
202	  E	  0.9	  0.1	0.166	0.000	0.000
203	  K	  0.6	  0.1	0.166	0.000	0.000
204	  A	  0.6	  0.1	0.166	0.000	0.000
205	  K	  0.5	  0.0	0.166	0.000	0.000
206	  P	  0.0	  0.0	0.000	0.000	0.000
207	  A	  0.1	  0.0	0.000	0.000	0.000
208	  L	  0.2	  0.3	0.000	0.000	0.000
209	  E	  0.2	  0.3	0.000	0.000	0.000
210	  D	  0.5	  0.3	0.000	0.000	0.000
211	  L	  0.8	  0.4	0.000	0.000	0.000
212	  R	  0.8	  0.3	0.000	0.000	0.000
213	  Q	  0.4	  0.3	0.000	0.000	0.000
214	  G	  0.1	  0.3	0.000	0.000	0.000
215	  L	  0.1	  0.2	0.000	0.000	0.000
216	  M	  0.2	  0.0	0.000	0.000	0.000
217	  P	  0.1	  0.0	0.000	0.000	0.000
218	  V	  1.9	  0.0	0.000	0.000	0.000
219	  M	  2.1	  0.1	0.000	0.000	0.000
220	  E	  2.1	  0.1	0.243	0.000	0.000
221	  S	  0.8	  0.1	0.450	0.000	0.000
222	  L	  1.0	  0.2	0.450	0.000	0.000
223	  K	  1.2	  0.2	0.450	0.000	0.000
224	  A	  1.3	  0.2	0.450	0.000	0.000
225	  S	  1.5	  0.2	0.450	0.150	0.150
226	  F	  2.4	  0.1	0.208	0.362	0.362
227	  L	  2.1	  0.1	0.000	0.362	0.362
228	  S	  1.6	  0.1	0.000	0.362	0.362
229	  S	  3.9	  0.4	0.000	0.362	0.362
230	  I	  4.7	  0.4	0.000	0.362	0.362
231	  D	  4.6	  0.4	1.099	0.000	0.000
232	  Q	  1.5	  0.4	1.099	0.000	0.000
233	  A	  0.5	  0.1	1.099	0.000	0.000
234	  S	  0.7	  0.2	1.099	0.000	0.000
235	  K	  0.7	  0.2	1.099	0.000	0.000
236	  Q	  1.3	  0.2	1.099	0.000	0.000
237	  L	  1.8	  0.1	0.437	0.000	0.000
238	  S	  1.9	  0.0	0.175	0.000	0.000
239	  A	  1.1	  0.0	0.000	0.000	0.000
240	  Q	  0.3	  0.0	0.000	0.000	0.000
