res	aa	Beta	Turn	Helix	Aggregation	Conc-Stab_Aggregation
01	  D	  0.0	  0.0	0.000	0.000	0.000
02	  A	  0.0	  0.4	0.000	0.000	0.000
03	  P	  0.0	  0.5	0.000	0.000	0.000
04	  S	  0.3	  0.5	0.152	0.000	0.000
05	  A	  0.8	  0.5	0.152	0.000	0.000
06	  V	  2.9	  0.0	0.152	0.000	0.000
07	  A	  2.7	  0.0	0.152	0.000	0.000
08	  H	  2.6	  0.2	0.152	0.000	0.000
09	  A	  0.5	  0.2	0.152	0.000	0.000
10	  R	  0.5	  0.2	0.152	0.000	0.000
11	  A	  0.3	  0.2	0.000	0.000	0.000
12	  A	  0.4	  0.0	0.000	0.000	0.000
13	  L	  2.7	  0.0	0.000	0.000	0.000
14	  D	  5.1	  0.0	0.000	0.000	0.000
15	  V	  8.2	  0.0	0.000	0.000	0.000
16	  Y	  6.4	  0.0	0.000	0.000	0.000
17	  L	  3.8	  0.0	0.000	0.000	0.000
18	  T	  0.9	  0.0	0.000	0.000	0.000
19	  E	 14.5	  0.0	0.000	0.000	0.000
20	  V	 16.0	  0.0	0.000	0.000	0.000
21	  K	 15.8	  0.1	0.000	0.000	0.000
22	  E	  1.9	  0.1	0.000	0.000	0.000
23	  S	  0.4	  0.1	1.334	0.000	0.000
24	  A	  0.5	  0.2	1.334	0.000	0.000
25	  Q	  0.5	  0.1	1.334	0.000	0.000
26	  R	  0.4	  0.2	1.334	0.000	0.000
27	  A	  0.3	  0.4	1.334	0.000	0.000
28	  L	  0.3	  0.4	1.334	0.000	0.000
29	  G	  0.1	  0.4	0.847	0.000	0.000
30	  Q	  0.8	  0.2	0.515	0.000	0.000
31	  L	  0.9	  0.2	0.000	0.000	0.000
32	  D	  0.9	  0.3	0.000	0.000	0.000
33	  D	  0.3	  0.3	0.199	0.000	0.000
34	  T	  0.4	  0.3	0.650	0.000	0.000
35	  E	  3.8	  0.1	0.650	0.000	0.000
36	  Y	  4.4	  0.1	0.650	0.000	0.000
37	  K	  4.3	  0.1	0.650	0.000	0.000
38	  E	  4.3	  0.1	0.650	0.000	0.000
39	  F	  4.0	  0.6	0.650	0.000	0.000
40	  K	  3.9	  0.6	0.176	0.000	0.000
41	  D	  0.8	  0.6	0.000	0.000	0.000
42	  L	  0.8	  0.6	0.000	0.000	0.000
43	  I	  1.5	  0.1	0.000	0.000	0.000
44	  S	  1.6	  0.1	0.000	0.000	0.000
45	  S	  1.5	  0.1	0.365	0.000	0.000
46	  R	  4.3	  0.1	0.365	0.000	0.000
47	  I	  4.2	  0.1	0.365	0.000	0.000
48	  E	  3.7	  0.1	0.365	0.000	0.000
49	  E	  1.6	  0.1	0.365	0.000	0.000
50	  L	  1.6	  0.1	0.365	0.000	0.000
51	  H	  2.6	  0.1	0.189	0.000	0.000
52	  T	  2.3	  0.1	0.000	0.000	0.000
53	  Q	  3.1	  0.1	0.000	0.000	0.000
54	  L	  3.9	  0.1	0.000	0.000	0.000
55	  K	  5.0	  0.0	0.000	0.000	0.000
56	  V	  7.8	  0.0	0.000	0.000	0.000
57	  V	  6.1	  0.1	0.000	0.000	0.000
58	  Q	  4.1	  0.2	0.000	0.000	0.000
59	  G	  0.2	  0.2	0.000	0.000	0.000
60	  S	 10.5	  0.2	0.000	0.000	0.000
61	  I	 10.8	  0.1	0.000	0.000	0.000
62	  S	 10.8	  0.0	0.000	0.000	0.000
63	  P	  0.3	  0.0	0.000	0.000	0.000
64	  I	  0.5	  0.1	0.000	0.000	0.000
65	  T	  0.5	  0.3	0.000	0.000	0.000
66	  D	  0.5	  0.3	0.000	0.000	0.000
67	  G	  0.0	  0.3	0.000	0.536	0.536
68	  V	  4.3	  0.2	0.000	7.233	7.233
69	  V	  5.3	  0.0	0.000	7.389	7.389
70	  A	  6.2	  0.0	0.000	7.389	7.389
71	  T	 15.2	  0.0	0.000	7.389	7.389
72	  I	 14.3	  0.0	0.000	7.389	7.389
73	  S	 13.5	  0.1	0.192	0.885	0.885
74	  E	  0.9	  0.1	0.192	0.000	0.000
75	  L	  1.0	  0.1	0.192	0.000	0.000
76	  T	  1.6	  0.3	0.192	0.000	0.000
77	  Q	  1.5	  0.3	0.192	0.000	0.000
78	  D	  1.8	  0.3	1.236	0.000	0.000
79	  F	  1.7	  0.3	1.044	0.000	0.000
80	  Q	  1.4	  0.1	1.044	0.000	0.000
81	  T	  2.8	  0.1	1.044	0.000	0.000
82	  K	  4.0	  0.1	1.044	0.000	0.000
83	  V	  4.6	  0.0	1.044	0.000	0.000
84	  N	  2.7	  0.9	1.044	0.000	0.000
85	  A	  1.0	  0.9	0.485	0.000	0.000
86	  D	  0.9	  1.3	7.482	0.000	0.000
87	  I	  2.2	  1.3	7.288	0.000	0.000
88	  D	  2.1	  0.4	9.248	0.000	0.000
89	  T	  4.3	  0.4	9.564	0.000	0.000
90	  L	  4.5	  0.0	9.564	0.000	0.000
91	  K	  5.9	  0.0	9.564	0.000	0.000
92	  V	  7.5	  0.0	8.093	0.000	0.000
93	  Q	  7.6	  0.0	7.981	0.000	0.000
94	  L	  6.3	  0.0	5.532	0.000	0.000
95	  K	  2.1	  0.0	5.125	0.000	0.000
96	  P	  0.1	  0.0	0.129	0.000	0.000
97	  L	  0.3	  0.0	0.129	0.000	0.000
98	  N	  0.4	  0.0	0.129	0.000	0.000
99	  A	  0.7	  0.0	0.129	0.000	0.000
100	  K	  1.0	  0.0	0.129	0.000	0.000
101	  L	  1.1	  0.1	0.000	0.000	0.000
102	  H	  1.4	  0.1	0.000	0.000	0.000
103	  D	  2.0	  0.0	0.000	0.000	0.000
104	  V	  6.9	  0.0	0.000	0.000	0.000
105	  V	  6.7	  0.0	0.000	0.000	0.000
106	  N	  5.5	  0.1	0.000	0.000	0.000
107	  K	  0.7	  0.1	0.000	0.000	0.000
108	  H	  2.5	  0.1	0.000	0.000	0.000
109	  V	  3.1	  0.1	0.000	0.000	0.000
110	  E	  2.9	  0.1	0.000	0.000	0.000
111	  E	  1.5	  0.1	0.000	0.000	0.000
112	  Y	  1.5	  0.2	0.000	0.000	0.000
113	  R	  1.7	  0.1	0.000	0.000	0.000
114	  T	  1.9	  0.1	0.000	0.000	0.000
115	  L	  1.5	  0.1	0.000	0.000	0.000
116	  L	  1.2	  0.0	0.000	0.000	0.000
117	  E	  0.3	  0.0	0.000	0.000	0.000
118	  P	  0.1	  0.0	0.000	0.000	0.000
119	  V	  3.2	  0.0	0.000	0.000	0.000
120	  V	  4.0	  0.0	0.000	0.000	0.000
121	  T	  4.3	  0.0	0.907	0.000	0.000
122	  E	  2.6	  0.0	1.148	0.000	0.000
123	  Y	  4.4	  0.0	1.148	0.000	0.000
124	  Q	  4.4	  0.0	1.148	0.000	0.000
125	  A	  3.0	  0.1	1.148	0.000	0.000
126	  K	  0.9	  0.1	1.148	0.000	0.000
127	  H	  0.8	  0.1	1.365	0.000	0.000
128	  E	  0.7	  0.1	0.646	0.000	0.000
129	  A	  0.4	  0.1	0.617	0.000	0.000
130	  E	  0.3	  0.1	1.582	0.000	0.000
131	  M	  0.4	  0.0	1.726	0.000	0.000
132	  A	  0.8	  0.0	1.873	0.000	0.000
133	  S	  1.3	  0.0	2.930	0.000	0.000
134	  L	  1.5	  0.1	2.930	0.000	0.000
135	  K	  1.2	  0.1	2.930	0.000	0.000
136	  A	  1.0	  0.1	2.374	0.000	0.000
137	  K	  4.6	  0.1	2.217	0.000	0.000
138	  L	  4.4	  0.0	1.255	0.000	0.000
139	  E	  4.1	  0.0	0.985	0.000	0.000
140	  P	  0.1	  0.0	0.474	0.000	0.000
141	  V	  1.7	  0.0	1.833	0.000	0.000
142	  M	  1.7	  0.1	2.595	0.000	0.000
143	  E	  1.7	  0.1	4.087	0.000	0.000
144	  E	  0.4	  0.1	4.521	0.000	0.000
145	  L	  0.6	  0.1	4.521	0.000	0.000
146	  Q	  0.8	  0.1	4.521	0.000	0.000
147	  K	  0.6	  0.1	4.521	0.000	0.000
148	  K	  1.6	  0.1	3.972	0.000	0.000
149	  I	  4.6	  0.0	2.267	11.513	11.513
150	  A	  4.7	  0.0	2.267	11.513	11.513
151	  V	 16.1	  0.0	1.511	11.513	11.513
152	  N	 16.7	  0.0	1.511	11.513	11.513
153	  V	 16.8	  0.0	0.000	11.513	11.513
154	  E	  5.3	  0.1	0.000	0.000	0.000
155	  E	  1.0	  0.1	0.000	0.000	0.000
156	  T	  4.0	  0.2	0.000	0.000	0.000
157	  K	  4.4	  0.2	0.000	0.000	0.000
158	  S	  4.1	  0.2	0.000	0.000	0.000
159	  A	  1.0	  0.2	0.000	0.000	0.000
160	  L	  0.6	  0.0	0.000	0.000	0.000
161	  T	  0.5	  0.0	0.000	0.000	0.000
162	  P	  0.2	  0.0	0.000	0.000	0.000
163	  I	  1.9	  0.0	0.000	0.000	0.000
164	  I	  3.0	  0.0	0.159	0.000	0.000
165	  E	  3.0	  0.0	0.288	0.000	0.000
166	  A	  1.7	  0.0	0.288	0.000	0.000
167	  V	  1.1	  0.0	0.288	0.000	0.000
168	  R	  1.1	  0.1	0.288	0.000	0.000
169	  E	  0.6	  0.1	0.288	0.000	0.000
170	  K	  5.9	  0.1	0.288	0.000	0.000
171	  V	 10.7	  0.0	0.000	0.000	0.000
172	  T	 12.6	  0.0	0.000	0.000	0.000
173	  H	  7.5	  0.1	0.000	0.000	0.000
174	  R	  3.1	  0.1	0.000	0.000	0.000
175	  L	  1.1	  0.3	0.000	0.000	0.000
176	  E	  0.5	  0.3	0.000	0.000	0.000
177	  D	  0.3	  0.3	0.535	0.000	0.000
178	  L	  0.3	  0.3	0.535	0.000	0.000
179	  K	  0.7	  0.1	0.535	0.000	0.000
180	  E	  1.4	  0.0	0.535	0.000	0.000
181	  I	  3.8	  0.0	0.535	0.000	0.000
182	  A	  3.3	  0.0	0.535	0.000	0.000
183	  A	  2.5	  0.0	0.360	0.000	0.000
184	  P	  0.0	  0.0	0.000	0.000	0.000
185	  Y	  1.6	  0.0	0.000	0.000	0.000
186	  V	  2.3	  0.1	0.000	0.000	0.000
187	  Q	  2.7	  0.1	0.000	0.000	0.000
188	  E	  4.5	  0.1	0.000	0.000	0.000
189	  Y	  4.3	  0.3	0.000	0.000	0.000
190	  K	  4.0	  0.2	0.000	0.000	0.000
191	  D	  0.6	  0.2	0.000	0.000	0.000
192	  Q	  1.4	  0.2	0.000	0.000	0.000
193	  M	  1.5	  0.1	0.000	0.000	0.000
194	  Q	  1.5	  0.1	0.000	0.000	0.000
195	  T	  1.2	  0.1	0.181	0.000	0.000
196	  A	  1.4	  0.1	0.181	0.000	0.000
197	  Y	  2.1	  0.1	0.181	0.000	0.000
198	  K	  1.3	  0.1	0.181	0.000	0.000
199	  Q	  1.2	  0.1	0.181	0.000	0.000
200	  A	  0.5	  0.2	0.181	0.000	0.000
201	  K	  0.8	  0.1	0.181	0.000	0.000
202	  S	  4.2	  0.1	0.000	0.000	0.000
203	  V	  6.8	  0.1	0.000	0.000	0.000
204	  T	  6.7	  0.0	10.307	0.000	0.000
205	  A	  3.1	  0.2	10.307	0.000	0.000
206	  E	  0.3	  0.2	10.714	0.000	0.000
207	  D	  0.0	  0.2	17.636	0.000	0.000
208	  L	  0.1	  0.2	18.002	0.000	0.000
209	  A	  0.2	  0.0	18.002	0.000	0.000
210	  A	  0.5	  0.0	17.741	0.000	0.000
211	  M	  0.4	  0.0	16.853	0.000	0.000
212	  K	  0.6	  0.1	14.954	0.000	0.000
213	  E	  0.4	  0.1	11.207	0.000	0.000
214	  K	  2.7	  0.1	10.155	0.000	0.000
215	  I	  2.7	  0.0	6.219	0.000	0.000
216	  N	  2.7	  0.0	6.219	0.000	0.000
217	  P	  0.3	  0.0	0.000	0.000	0.000
218	  L	  0.2	  0.0	0.000	0.000	0.000
219	  V	  1.1	  0.1	0.577	0.000	0.000
220	  E	  1.1	  0.1	1.714	0.000	0.000
221	  D	  2.3	  0.1	8.520	0.000	0.000
222	  V	  3.7	  0.1	8.520	0.000	0.000
223	  K	  3.9	  0.0	8.520	0.000	0.000
224	  A	  2.8	  0.0	8.520	0.000	0.000
225	  K	  1.1	  0.0	8.520	0.000	0.000
226	  L	  0.9	  0.1	8.010	3.816	3.816
227	  Q	  0.8	  0.1	6.819	4.466	4.466
228	  T	  2.9	  0.0	1.877	7.869	7.869
229	  I	  4.2	  0.0	1.877	13.761	13.761
230	  F	  4.6	  0.1	1.877	14.320	14.320
231	  Q	  2.1	  0.1	0.477	14.087	14.087
232	  T	  3.3	  0.1	0.000	14.087	14.087
233	  I	  3.5	  0.1	0.000	14.087	14.087
234	  F	  3.8	  0.1	0.000	13.045	13.045
235	  E	  1.5	  0.1	0.000	0.000	0.000
236	  T	  9.4	  0.2	0.000	0.000	0.000
237	  F	  9.5	  8.1	0.000	0.000	0.000
238	  N	  9.3	  8.0	0.000	0.000	0.000
239	  G	  0.7	  8.1	0.000	0.000	0.000
240	  K	  0.4	  8.0	0.000	0.000	0.000
241	  A	  0.4	  0.4	0.000	0.000	0.000
242	  E	  0.4	  0.3	0.000	0.000	0.000
243	  D	  0.1	  0.3	0.000	0.000	0.000
244	  S	  0.1	  0.3	0.000	0.000	0.000
