res	aa	Beta	Turn	Helix	Aggregation	Conc-Stab_Aggregation
01	  D	  0.0	  1.4	0.000	0.000	0.000
02	  E	  0.1	  1.5	0.000	0.000	0.000
03	  S	  0.2	  1.5	1.497	0.000	0.000
04	  Q	  0.5	  1.5	1.497	0.000	0.000
05	  A	  0.5	  0.1	1.497	0.000	0.000
06	  K	  0.9	  0.0	1.497	0.000	0.000
07	  W	  0.9	  0.1	1.497	0.000	0.000
08	  D	  0.8	  0.1	2.384	0.000	0.000
09	  R	  1.9	  0.1	1.508	0.000	0.000
10	  V	  3.3	  0.2	1.233	0.328	0.328
11	  K	  3.3	  0.1	1.233	0.328	0.328
12	  D	  1.7	  0.1	2.816	0.328	0.328
13	  L	  0.2	  0.1	2.816	30.952	30.952
14	  A	  0.3	  0.0	2.816	31.908	31.908
15	  A	  0.5	  0.0	2.816	31.908	31.908
16	  L	  1.1	  0.0	2.588	31.908	31.908
17	  Y	  2.5	  0.0	2.360	31.908	31.908
18	  V	  3.4	  0.1	0.404	29.420	29.420
19	  D	  2.8	  0.1	0.404	0.000	0.000
20	  S	  3.1	  0.1	0.171	0.000	0.000
21	  V	  3.5	  0.2	0.000	0.000	0.000
22	  K	  3.3	  0.5	0.000	0.000	0.000
23	  D	  1.6	  5.7	0.000	0.000	0.000
24	  N	  0.1	  5.9	0.000	0.000	0.000
25	  G	  0.0	  6.1	0.000	0.000	0.000
26	  R	  0.3	  5.7	0.000	0.000	0.000
27	  D	  0.7	  0.5	0.000	0.000	0.000
28	  Y	  3.1	  0.3	0.000	0.752	0.752
29	  V	  4.5	  0.0	0.000	0.752	0.752
30	  A	  4.4	  0.0	0.000	0.752	0.752
31	  Q	  9.0	  0.0	0.000	0.752	0.752
32	  F	  9.8	  0.0	0.134	0.752	0.752
33	  E	  9.6	  0.0	0.382	0.000	0.000
34	  A	  2.8	  0.1	0.382	0.000	0.000
35	  S	  0.5	  0.3	1.061	0.000	0.000
36	  A	  0.4	  0.4	1.061	0.000	0.000
37	  L	  0.2	  0.5	1.061	0.000	0.000
38	  G	  0.1	  0.5	1.061	0.000	0.000
39	  K	  0.2	  0.3	0.927	0.000	0.000
40	  Q	  1.1	  0.2	0.678	0.000	0.000
41	  L	  2.8	  0.1	0.441	0.000	0.000
42	  N	  2.9	  0.0	2.674	0.000	0.000
43	  L	  3.5	  0.0	2.523	0.000	0.000
44	  K	  2.2	  0.0	2.387	0.000	0.000
45	  L	  1.9	  0.0	2.233	0.000	0.000
46	  L	  0.5	  0.2	2.233	0.000	0.000
47	  E	  0.2	  0.2	2.233	0.000	0.000
48	  N	  0.4	  1.1	1.336	0.000	0.000
49	  L	  0.6	  1.2	0.406	0.000	0.000
50	  D	  0.6	  1.1	0.248	0.000	0.000
51	  S	  5.9	  1.3	0.000	0.000	0.000
52	  L	  5.7	  0.4	0.000	0.000	0.000
53	  S	  6.4	  0.4	0.000	0.000	0.000
54	  T	  3.2	  0.3	0.367	0.000	0.000
55	  T	  7.6	  0.1	0.942	0.000	0.000
56	  V	  7.1	  0.0	0.942	0.000	0.000
57	  D	  4.9	  0.1	2.939	0.000	0.000
58	  K	  1.0	  0.1	3.073	0.000	0.000
59	  L	  0.8	  0.1	3.073	0.000	0.000
60	  R	  0.8	  0.2	3.073	0.000	0.000
61	  E	  0.1	  0.1	3.073	0.000	0.000
62	  Q	  0.1	  0.1	2.937	0.000	0.000
63	  L	  0.1	  0.1	1.543	0.000	0.000
64	  G	  0.1	  0.1	1.357	0.000	0.000
65	  P	  0.0	  0.0	0.000	0.000	0.000
66	  V	  4.1	  0.0	0.000	0.000	0.000
67	  T	  4.6	  0.1	0.000	0.000	0.000
68	  Q	  5.0	  0.1	0.000	0.000	0.000
69	  E	  1.4	  0.1	0.000	0.000	0.000
70	  F	  2.1	  0.1	0.000	0.000	0.000
71	  W	  2.3	  0.2	0.000	0.000	0.000
72	  D	  1.9	  0.3	0.000	0.000	0.000
73	  S	  1.8	  0.3	0.000	0.000	0.000
74	  L	  1.3	  0.5	0.000	0.000	0.000
75	  E	  1.3	  0.3	0.000	0.000	0.000
76	  N	  0.1	  0.3	2.285	0.000	0.000
77	  E	  0.0	  0.4	2.285	0.000	0.000
78	  T	  0.1	  0.2	3.904	0.000	0.000
79	  E	  0.1	  0.2	3.904	0.000	0.000
80	  A	  0.3	  0.0	3.904	0.000	0.000
81	  L	  0.3	  0.0	3.904	0.000	0.000
82	  N	  0.3	  0.0	3.904	0.000	0.000
83	  R	  0.2	  0.0	3.633	0.000	0.000
84	  E	  1.2	  0.0	2.683	0.000	0.000
85	  M	  1.4	  0.1	1.240	0.000	0.000
86	  N	  1.4	  0.1	2.243	0.000	0.000
87	  K	  0.4	  0.1	2.060	0.000	0.000
88	  E	  0.3	  0.1	2.017	0.000	0.000
89	  L	  0.3	  0.1	2.302	0.000	0.000
90	  E	  0.2	  0.1	2.612	0.000	0.000
91	  E	 14.0	  0.0	2.764	0.000	0.000
92	  V	 15.9	  0.1	2.479	0.000	0.000
93	  K	 16.2	  0.0	2.479	0.000	0.000
94	  Q	  3.1	  0.0	1.961	0.000	0.000
95	  K	  3.7	  0.0	1.653	0.000	0.000
96	  V	  3.8	  0.0	0.667	0.000	0.000
97	  Q	  3.3	  0.0	0.667	0.000	0.000
98	  P	  0.4	  0.0	0.000	0.000	0.000
99	  Y	  1.0	  0.1	0.000	0.000	0.000
100	  L	  1.0	  0.2	0.000	0.000	0.000
101	  D	  1.1	  0.2	1.696	0.000	0.000
102	  R	  1.5	  0.2	1.696	0.000	0.000
103	  F	  3.6	  0.1	1.696	0.000	0.000
104	  Q	  3.7	  0.0	1.696	0.000	0.000
105	  K	  2.3	  0.0	1.696	0.000	0.000
106	  K	  1.0	  0.0	1.696	0.000	0.000
107	  W	  1.5	  0.0	1.686	0.000	0.000
108	  Q	  1.5	  0.1	2.007	0.000	0.000
109	  E	  0.8	  0.1	1.751	0.000	0.000
110	  E	  0.8	  0.1	1.613	0.000	0.000
111	  V	  3.6	  0.0	1.404	0.000	0.000
112	  V	  6.0	  0.0	1.404	0.000	0.000
113	  R	  6.7	  0.0	1.404	0.000	0.000
114	  Y	  5.6	  0.0	1.404	0.000	0.000
115	  Q	  3.5	  0.1	0.518	0.000	0.000
116	  Q	  2.8	  0.1	0.000	0.000	0.000
117	  K	  6.2	  0.1	0.000	0.000	0.000
118	  V	  6.4	  0.0	0.000	0.000	0.000
119	  A	  5.8	  0.4	0.000	0.000	0.000
120	  P	  0.5	  0.4	0.000	0.000	0.000
121	  L	  0.0	  0.4	0.000	0.000	0.000
122	  G	  0.0	  0.5	1.025	0.000	0.000
123	  E	  0.0	  0.2	1.025	0.000	0.000
124	  E	  0.3	  0.2	1.025	0.000	0.000
125	  L	  0.5	  0.3	1.025	0.000	0.000
126	  R	  0.5	  0.3	1.822	0.000	0.000
127	  D	  0.3	  0.3	3.430	0.000	0.000
128	  S	  0.9	  0.3	7.090	0.000	0.000
129	  A	  1.0	  0.2	7.263	0.000	0.000
130	  R	  1.3	  0.1	7.263	0.000	0.000
131	  Q	  0.8	  0.1	7.127	0.000	0.000
132	  K	  1.2	  0.1	7.787	0.000	0.000
133	  L	  1.0	  0.1	7.760	0.000	0.000
134	  Q	  0.7	  0.1	7.542	0.000	0.000
135	  E	  0.4	  0.1	7.385	0.000	0.000
136	  L	  0.6	  0.2	7.136	0.000	0.000
137	  R	  0.5	  0.2	7.189	0.000	0.000
138	  D	  0.2	  0.2	6.795	0.000	0.000
139	  R	  0.2	  0.2	6.027	0.000	0.000
140	  A	  0.3	  0.2	5.821	0.000	0.000
141	  R	  0.8	  0.2	4.936	0.000	0.000
142	  S	  1.0	  0.1	2.246	0.000	0.000
143	  H	  2.3	  0.2	0.205	0.000	0.000
144	  V	  2.8	  0.1	0.000	0.000	0.000
145	  D	  2.4	  0.1	0.303	0.000	0.000
146	  T	  3.6	  0.1	0.303	0.000	0.000
147	  L	  3.0	  0.1	0.303	0.000	0.000
148	  R	  3.4	  0.1	0.303	0.000	0.000
149	  Q	  1.2	  0.1	0.303	0.000	0.000
150	  Q	  1.2	  0.1	0.303	0.000	0.000
151	  L	  0.8	  0.1	0.000	0.000	0.000
152	  A	  0.4	  0.1	0.000	0.000	0.000
153	  P	  0.0	  0.1	0.000	0.000	0.000
154	  Y	  0.2	  0.4	0.000	0.000	0.000
155	  S	  0.3	  1.3	4.472	0.000	0.000
156	  D	  0.3	  1.2	11.622	0.000	0.000
157	  D	  0.3	  1.2	22.814	0.000	0.000
158	  L	  0.4	  1.0	22.814	0.000	0.000
159	  R	  0.4	  0.1	22.814	0.000	0.000
160	  E	  0.1	  0.1	22.814	0.000	0.000
161	  R	  0.2	  0.1	22.554	0.000	0.000
162	  L	  0.2	  0.1	22.060	0.000	0.000
163	  A	  0.4	  0.0	20.780	0.000	0.000
164	  T	  0.6	  0.0	17.799	0.000	0.000
165	  R	  1.0	  0.0	17.427	0.000	0.000
166	  L	  1.1	  0.0	14.996	0.000	0.000
167	  Q	  0.9	  0.0	13.339	0.000	0.000
168	  A	  0.7	  0.0	10.315	0.000	0.000
169	  L	  0.4	  0.1	9.109	0.000	0.000
170	  K	  0.3	  0.3	7.509	0.000	0.000
171	  E	  0.1	  0.4	3.828	0.000	0.000
172	  S	  0.2	  0.5	2.192	0.000	0.000
173	  G	  0.1	  0.5	0.334	0.000	0.000
174	  T	  3.1	  0.2	0.151	0.781	0.781
175	  I	  4.6	  0.1	0.151	1.842	1.842
176	  L	  5.2	  0.1	0.151	1.842	1.842
177	  S	  2.6	  0.1	0.151	1.842	1.842
178	  A	  1.6	  0.1	0.151	1.842	1.842
179	  Y	  1.9	  0.1	0.151	1.666	1.666
180	  H	  1.7	  0.1	0.000	0.000	0.000
181	  N	  1.1	  0.1	0.819	0.000	0.000
182	  K	  0.3	  0.1	0.819	0.000	0.000
183	  A	  0.2	  0.1	0.819	0.000	0.000
184	  S	  0.2	  0.2	3.909	0.000	0.000
185	  E	  0.1	  0.2	3.909	0.000	0.000
186	  Q	  0.9	  0.2	3.909	0.000	0.000
187	  L	  2.6	  0.1	3.536	0.000	0.000
188	  R	  3.0	  0.0	3.536	0.000	0.000
189	  L	  2.7	  0.0	3.392	0.000	0.000
190	  L	  1.0	  0.1	2.553	0.000	0.000
191	  S	  0.6	  1.8	1.973	0.000	0.000
192	  E	  0.1	  1.8	0.888	0.000	0.000
193	  N	  0.2	  1.8	0.440	0.000	0.000
194	  A	  0.2	  1.8	0.145	0.000	0.000
195	  K	  0.2	  0.0	0.145	0.000	0.000
196	  P	  0.0	  0.0	0.000	0.000	0.000
197	  A	  0.1	  0.0	0.155	0.000	0.000
198	  L	  0.2	  0.3	0.155	0.000	0.000
199	  E	  0.2	  0.3	0.155	0.000	0.000
200	  D	  0.1	  0.3	0.320	0.000	0.000
201	  L	  0.2	  0.3	0.320	0.000	0.000
202	  L	  0.3	  0.1	0.320	0.000	0.000
203	  Q	  0.3	  0.1	0.320	0.000	0.000
204	  G	  0.1	  0.1	0.165	0.000	0.000
205	  L	  0.1	  0.1	0.165	0.000	0.000
206	  L	  0.1	  0.2	0.165	0.000	0.000
207	  P	  0.1	  0.2	0.000	0.000	0.000
208	  M	  0.2	  0.2	0.000	0.000	0.000
209	  W	  0.2	  0.6	0.000	0.000	0.000
210	  E	  0.2	  0.4	0.000	0.000	0.000
211	  G	  0.1	  0.4	0.000	0.000	0.000
212	  F	  0.6	  1.2	0.000	0.000	0.000
213	  K	  0.6	  1.5	0.000	0.000	0.000
214	  D	  0.6	  1.5	0.000	0.000	0.000
215	  G	  0.0	  1.5	0.475	0.146	0.146
216	  V	  1.9	  0.7	0.475	0.146	0.146
217	  L	  2.7	  0.0	0.475	0.146	0.146
218	  T	  3.3	  0.0	1.579	0.146	0.146
219	  A	  1.5	  0.0	1.772	0.146	0.146
220	  M	  0.7	  0.1	1.962	0.000	0.000
221	  E	  0.1	  0.1	2.225	0.000	0.000
222	  E	  0.7	  0.1	2.448	0.000	0.000
223	  L	  1.2	  0.1	2.448	0.000	0.000
224	  T	  2.4	  0.1	2.273	0.000	0.000
225	  K	  1.8	  0.1	2.273	0.000	0.000
226	  K	  1.5	  0.1	2.067	0.000	0.000
227	  L	  0.8	  0.1	0.625	0.000	0.000
228	  L	  0.7	  0.0	0.625	0.000	0.000
229	  A	  0.4	  0.0	0.000	0.000	0.000
