res	aa	Beta	Turn	Helix	Aggregation	Conc-Stab_Aggregation
01	  D	  0.0	  0.0	0.000	0.000	0.000
02	  A	  0.0	  0.0	0.000	0.000	0.000
03	  P	  0.0	  0.0	0.000	0.000	0.000
04	  F	  3.8	  0.0	0.000	0.000	0.000
05	  Q	  5.3	  0.0	0.000	0.000	0.000
06	  L	  5.7	  0.1	0.000	0.000	0.000
07	  E	  2.1	  0.1	0.000	0.000	0.000
08	  H	  2.8	  0.1	0.000	0.000	0.000
09	  V	  4.2	  0.1	0.000	0.000	0.000
10	  K	  4.2	  0.1	0.000	0.000	0.000
11	  E	  2.0	  0.1	0.000	0.000	0.000
12	  A	  0.6	  0.1	0.000	0.000	0.000
13	  M	  0.5	  0.0	0.000	0.000	0.000
14	  M	  1.6	  0.0	0.000	0.000	0.000
15	  E	  1.3	  0.0	0.000	0.000	0.000
16	  Y	  2.0	  0.0	0.000	0.000	0.000
17	  M	  1.0	  0.0	0.000	0.000	0.000
18	  A	  1.1	  0.0	0.000	0.000	0.000
19	  Q	  1.4	  0.0	0.000	0.000	0.000
20	  V	  3.1	  0.0	0.000	0.000	0.000
21	  K	  3.2	  0.1	0.000	0.000	0.000
22	  E	  2.1	  0.1	0.000	0.000	0.000
23	  T	  1.6	  0.1	0.000	0.000	0.000
24	  A	  1.4	  0.1	0.000	0.000	0.000
25	  Q	  1.7	  0.1	0.000	0.000	0.000
26	  R	  1.3	  0.1	0.000	0.000	0.000
27	  S	  4.5	  0.4	0.000	0.000	0.000
28	  I	  7.2	  0.4	0.000	0.000	0.000
29	  D	  6.4	  0.3	0.000	0.000	0.000
30	  L	  3.5	  0.3	0.000	0.000	0.000
31	  L	  0.5	  0.1	0.000	0.000	0.000
32	  D	  0.5	  0.2	1.731	0.000	0.000
33	  D	  0.2	  0.2	4.125	0.000	0.000
34	  T	  0.4	  0.2	7.530	0.000	0.000
35	  E	  3.6	  0.1	7.825	0.000	0.000
36	  Y	  4.6	  0.0	7.825	0.000	0.000
37	  K	  4.5	  0.0	7.825	0.000	0.000
38	  A	  1.6	  0.0	7.660	0.000	0.000
39	  Y	  1.9	  0.0	7.515	0.000	0.000
40	  K	  2.4	  0.0	5.436	0.000	0.000
41	  M	  4.0	  0.0	3.812	0.000	0.000
42	  Q	  3.3	  0.0	2.413	0.000	0.000
43	  L	  2.9	  0.1	1.630	0.000	0.000
44	  S	  2.7	  0.6	1.630	0.000	0.000
45	  Q	  2.1	  0.6	0.657	0.000	0.000
46	  S	  4.5	  1.5	0.284	0.000	0.000
47	  L	  2.9	  1.5	0.284	0.000	0.000
48	  D	  2.7	  1.0	0.284	0.000	0.000
49	  N	  0.4	  1.0	0.284	0.000	0.000
50	  L	  0.4	  0.2	0.284	0.000	0.000
51	  Q	  1.8	  0.1	0.284	0.000	0.000
52	  Q	  2.1	  0.1	0.135	0.000	0.000
53	  Y	  2.5	  0.1	0.000	0.000	0.000
54	  A	  1.2	  0.1	0.000	0.000	0.000
55	  Q	  0.7	  0.1	0.000	0.000	0.000
56	  T	  3.2	  0.2	0.000	0.000	0.000
57	  A	  3.4	  0.3	0.000	0.000	0.000
58	  S	  5.1	  0.8	0.000	0.000	0.000
59	  Q	  2.3	  0.8	0.000	0.000	0.000
60	  S	  2.7	  0.7	0.000	0.000	0.000
61	  L	  1.0	  0.6	0.000	0.000	0.000
62	  V	  0.8	  0.0	0.000	0.000	0.000
63	  P	  0.2	  0.0	0.000	0.000	0.000
64	  Y	  0.7	  0.1	0.000	0.000	0.000
65	  S	  0.7	  0.1	0.000	0.000	0.000
66	  E	  2.3	  0.1	0.000	0.000	0.000
67	  V	  4.2	  0.1	0.000	80.408	80.408
68	  F	 14.1	  0.0	0.000	87.506	87.506
69	  T	 21.8	  0.0	0.000	88.638	88.638
70	  V	 22.9	  0.0	0.000	90.329	90.329
71	  Q	 13.8	  0.0	0.000	90.399	90.399
72	  V	  6.3	  0.0	0.000	91.180	91.180
73	  I	  3.6	  0.0	0.000	90.359	90.359
74	  Y	  5.1	  0.0	0.000	81.861	81.861
75	  T	  3.8	  0.1	0.140	51.508	51.508
76	  T	  2.5	  0.1	0.140	33.729	33.729
77	  N	  0.8	  0.1	0.140	22.623	22.623
78	  A	  0.9	  0.1	0.140	22.230	22.230
79	  V	  1.6	  0.0	0.140	20.444	20.444
80	  R	  1.5	  0.0	0.140	0.080	0.080
81	  T	  1.1	  0.0	0.000	0.080	0.080
82	  E	  0.5	  0.0	0.000	0.080	0.080
83	  I	  1.4	  0.0	0.000	0.080	0.080
84	  M	  1.5	  0.2	0.000	0.024	0.024
85	  K	  1.5	  0.2	0.000	0.000	0.000
86	  D	  3.0	  0.2	3.381	0.000	0.000
87	  V	  3.4	  0.2	3.734	0.000	0.000
88	  E	  3.2	  0.1	3.879	0.000	0.000
89	  E	  0.9	  0.1	3.879	0.000	0.000
90	  L	  0.9	  0.1	3.879	0.000	0.000
91	  R	  1.2	  0.1	3.879	0.000	0.000
92	  S	  1.2	  0.2	3.260	0.000	0.000
93	  Q	  4.3	  0.2	1.866	0.000	0.000
94	  L	  4.0	  0.1	0.621	0.000	0.000
95	  E	  3.8	  0.0	1.402	0.000	0.000
96	  P	  0.1	  0.0	0.989	0.000	0.000
97	  M	  0.6	  0.0	0.989	0.000	0.000
98	  R	  0.7	  0.0	1.274	0.000	0.000
99	  A	  0.8	  0.1	1.274	0.000	0.000
100	  E	  1.6	  0.1	1.869	0.000	0.000
101	  L	  1.6	  0.1	1.436	0.000	0.000
102	  K	  2.1	  0.1	1.436	0.000	0.000
103	  E	  1.2	  0.0	1.134	0.000	0.000
104	  V	  4.1	  0.0	1.134	0.000	0.000
105	  L	  3.6	  0.0	1.134	0.000	0.000
106	  D	  3.1	  0.1	1.282	0.000	0.000
107	  K	  0.2	  0.1	1.282	0.000	0.000
108	  H	  0.9	  0.3	0.516	0.000	0.000
109	  M	  0.9	  0.4	0.304	0.000	0.000
110	  D	  0.9	  0.5	5.764	0.000	0.000
111	  E	  0.8	  0.5	6.541	0.000	0.000
112	  Y	  2.2	  0.3	6.541	0.000	0.000
113	  R	  2.2	  0.2	6.541	0.000	0.000
114	  K	  1.6	  0.1	6.541	0.000	0.000
115	  K	  4.0	  0.1	6.541	0.000	0.000
116	  L	  4.1	  0.1	5.140	0.000	0.000
117	  E	  4.0	  0.0	4.626	0.000	0.000
118	  P	  0.1	  0.0	1.143	0.000	0.000
119	  L	  0.4	  0.0	1.334	0.371	0.371
120	  I	  0.7	  0.1	1.504	0.371	0.371
121	  K	  0.9	  0.1	1.777	0.371	0.371
122	  D	  0.6	  0.1	1.970	0.371	0.371
123	  I	  1.3	  0.1	1.970	0.371	0.371
124	  L	  1.2	  0.1	1.970	0.371	0.371
125	  K	  1.3	  0.1	1.970	0.000	0.000
126	  Q	  0.6	  0.1	1.775	0.000	0.000
127	  R	  0.8	  0.1	0.320	0.000	0.000
128	  R	  0.7	  0.1	0.000	0.000	0.000
129	  T	  0.5	  0.1	1.796	0.000	0.000
130	  E	  0.4	  0.1	1.796	0.000	0.000
131	  M	  0.6	  0.1	1.796	0.000	0.000
132	  E	  0.6	  0.1	1.796	0.000	0.000
133	  A	  0.8	  0.1	1.796	0.000	0.000
134	  F	  4.4	  0.1	1.796	0.000	0.000
135	  R	  5.8	  0.0	0.740	0.000	0.000
136	  V	 13.7	  0.0	0.457	0.000	0.000
137	  K	 13.9	  0.0	0.457	0.000	0.000
138	  M	 12.5	  0.0	0.199	0.000	0.000
139	  E	  5.2	  0.0	0.199	0.000	0.000
140	  P	  0.1	  0.0	0.140	0.000	0.000
141	  V	  4.1	  0.0	0.665	0.000	0.000
142	  V	  4.8	  0.0	1.765	0.000	0.000
143	  E	  4.8	  0.0	3.058	0.000	0.000
144	  E	  0.9	  0.0	3.425	0.000	0.000
145	  M	  0.8	  0.0	3.425	0.000	0.000
146	  R	  0.9	  0.0	3.425	0.000	0.000
147	  A	  1.0	  0.0	3.425	0.000	0.000
148	  K	  1.7	  0.0	3.425	0.000	0.000
149	  V	  3.7	  0.0	1.317	0.000	0.000
150	  S	  3.9	  1.5	1.317	0.000	0.000
151	  A	  2.8	  1.5	0.450	0.000	0.000
152	  N	  5.0	  1.5	0.858	0.000	0.000
153	  V	  5.1	  1.5	0.535	0.000	0.000
154	  E	  5.0	  0.1	1.315	0.000	0.000
155	  E	  1.2	  0.1	1.529	0.000	0.000
156	  T	  1.1	  0.1	2.362	0.000	0.000
157	  K	  1.4	  0.1	2.362	0.000	0.000
158	  A	  1.1	  0.1	2.362	0.000	0.000
159	  K	  1.2	  0.1	2.362	0.000	0.000
160	  L	  1.0	  0.0	1.965	0.000	0.000
161	  M	  0.8	  0.0	1.783	0.000	0.000
162	  P	  0.1	  0.0	0.000	0.000	0.000
163	  I	  2.9	  0.0	0.000	0.000	0.000
164	  V	  3.5	  0.0	0.200	0.000	0.000
165	  E	  3.5	  0.0	0.378	0.000	0.000
166	  T	  8.4	  0.0	3.732	0.000	0.000
167	  V	  8.9	  0.0	3.732	0.000	0.000
168	  R	  8.9	  0.0	3.732	0.000	0.000
169	  A	  1.7	  0.0	3.732	0.000	0.000
170	  K	  2.3	  0.0	3.867	0.000	0.000
171	  L	  2.2	  0.0	3.489	0.000	0.000
172	  T	  2.2	  0.1	4.082	0.000	0.000
173	  E	  0.3	  0.1	4.082	0.000	0.000
174	  R	  0.7	  0.1	3.576	0.000	0.000
175	  L	  0.6	  0.1	3.109	0.000	0.000
176	  E	  0.6	  0.1	3.109	0.000	0.000
177	  K	  1.0	  0.1	2.811	0.000	0.000
178	  L	  1.1	  0.1	2.245	0.000	0.000
179	  R	  1.3	  0.1	1.814	0.000	0.000
180	  T	  1.1	  0.1	0.952	0.000	0.000
181	  L	  1.6	  0.1	0.952	0.000	0.000
182	  A	  1.3	  0.0	0.796	0.000	0.000
183	  V	  0.8	  0.0	0.380	0.000	0.000
184	  P	  0.1	  0.0	0.000	0.000	0.000
185	  Y	  0.4	  0.0	0.000	0.000	0.000
186	  A	  0.4	  0.1	0.000	0.000	0.000
187	  E	  0.5	  0.1	0.150	0.000	0.000
188	  E	  3.5	  0.1	0.302	0.000	0.000
189	  Y	  4.3	  0.1	0.302	0.000	0.000
190	  K	  4.4	  0.1	0.302	0.000	0.000
191	  E	  1.0	  0.1	0.302	0.000	0.000
192	  Q	  1.5	  0.1	0.302	0.000	0.000
193	  M	  1.7	  0.1	0.302	0.000	0.000
194	  F	  3.0	  0.1	0.302	0.000	0.000
195	  K	  1.9	  0.1	0.000	0.000	0.000
196	  A	  1.8	  0.1	0.000	0.000	0.000
197	  V	  0.5	  0.1	0.000	0.000	0.000
198	  G	  0.3	  0.0	0.137	0.000	0.000
199	  E	  2.0	  0.0	0.137	0.000	0.000
200	  V	  2.4	  0.1	0.137	0.000	0.000
201	  R	  2.4	  0.1	0.137	0.000	0.000
202	  E	  0.7	  0.1	0.137	0.000	0.000
203	  K	  5.5	  0.1	0.137	0.000	0.000
204	  V	  6.0	  0.0	0.000	0.000	0.000
205	  A	  5.9	  0.0	0.000	0.000	0.000
206	  P	  0.5	  0.0	0.000	0.000	0.000
207	  L	  0.5	  0.0	0.000	0.000	0.000
208	  T	  1.0	  0.3	0.000	0.000	0.000
209	  K	  1.1	  0.3	0.000	0.000	0.000
210	  D	  1.1	  0.3	0.000	0.000	0.000
211	  F	  1.0	  1.3	0.000	0.000	0.000
212	  K	  0.9	  1.0	0.000	0.000	0.000
213	  G	  0.4	  1.0	0.000	0.000	0.000
214	  Q	  0.1	  1.0	0.000	0.000	0.000
215	  V	  0.2	  0.4	0.000	0.000	0.000
216	  G	  0.4	  0.4	0.596	0.000	0.000
217	  S	  1.2	  0.4	1.697	0.000	0.000
218	  A	  1.0	  0.4	1.697	0.000	0.000
219	  T	  1.1	  0.1	4.370	0.000	0.000
220	  E	  0.2	  0.1	4.546	0.000	0.000
221	  Q	  0.4	  0.1	4.546	0.000	0.000
222	  A	  0.3	  0.2	4.209	0.000	0.000
223	  K	  0.6	  0.1	4.209	0.000	0.000
224	  E	  0.4	  0.1	3.551	0.000	0.000
225	  K	  0.7	  0.1	2.935	0.205	0.205
226	  L	  0.7	  0.1	1.833	9.313	9.313
227	  M	  0.9	  0.0	1.542	9.313	9.313
228	  A	  0.9	  0.0	0.941	9.313	9.313
229	  F	  2.9	  0.0	0.778	9.313	9.313
230	  Y	  3.0	  0.1	0.280	9.313	9.313
231	  E	  2.8	  0.1	0.000	0.205	0.205
232	  T	 14.2	  0.1	0.000	0.205	0.205
233	  I	 14.9	  0.2	0.000	0.205	0.205
234	  S	 15.0	  0.1	0.000	0.000	0.000
235	  Q	  1.6	  0.1	0.000	0.000	0.000
236	  A	  0.5	  0.1	0.000	0.000	0.000
237	  M	  0.9	  0.0	0.000	0.000	0.000
238	  K	  0.7	  0.0	0.000	0.000	0.000
239	  A	  0.5	  0.0	0.000	0.000	0.000
