res	aa	Beta	Turn	Helix	Aggregation	Conc-Stab_Aggregation
01	  D	  0.0	  0.0	0.000	0.000	0.000
02	  A	  0.0	  0.3	0.000	0.000	0.000
03	  P	  0.0	  0.4	0.000	0.000	0.000
04	  S	  0.2	  0.5	0.449	0.000	0.000
05	  Q	  1.8	  0.5	0.449	0.000	0.000
06	  L	  2.2	  0.2	0.449	0.000	0.000
07	  E	  2.1	  0.1	0.881	0.000	0.000
08	  H	  2.3	  0.1	1.274	0.000	0.000
09	  V	  3.3	  0.1	1.274	0.000	0.000
10	  R	  3.2	  0.0	1.472	0.000	0.000
11	  A	  1.6	  0.0	1.472	0.000	0.000
12	  A	  0.5	  0.0	1.472	0.000	0.000
13	  L	  2.2	  0.0	1.472	0.000	0.000
14	  R	  2.8	  0.0	1.472	0.000	0.000
15	  M	  3.4	  0.0	0.835	0.000	0.000
16	  Y	  2.5	  0.0	0.000	0.000	0.000
17	  I	  6.2	  0.0	0.000	0.000	0.000
18	  T	  6.3	  0.0	0.133	0.000	0.000
19	  Q	  6.5	  0.0	0.133	0.000	0.000
20	  L	  3.7	  0.0	0.133	0.000	0.000
21	  K	  3.2	  0.0	0.133	0.000	0.000
22	  M	  3.1	  0.0	0.133	0.000	0.000
23	  S	  1.8	  0.0	0.133	0.000	0.000
24	  A	  1.3	  0.1	0.000	0.000	0.000
25	  Q	  0.7	  0.1	0.000	0.000	0.000
26	  R	  1.3	  0.1	0.000	0.000	0.000
27	  S	  4.5	  0.4	0.000	0.000	0.000
28	  I	  7.3	  0.4	0.000	0.000	0.000
29	  D	  6.5	  0.3	0.000	0.000	0.000
30	  L	  3.6	  0.3	0.000	0.000	0.000
31	  L	  0.5	  0.1	0.000	0.000	0.000
32	  D	  0.5	  0.2	0.279	0.000	0.000
33	  D	  0.3	  0.2	0.871	0.000	0.000
34	  T	  0.4	  0.2	1.676	0.000	0.000
35	  E	  3.7	  0.1	1.676	0.000	0.000
36	  Y	  4.3	  0.1	1.676	0.000	0.000
37	  K	  4.2	  0.1	1.676	0.000	0.000
38	  E	  4.2	  0.1	1.676	0.000	0.000
39	  Y	  4.9	  0.1	1.676	0.000	0.000
40	  K	  5.4	  0.0	0.985	0.000	0.000
41	  M	  4.2	  0.0	0.384	0.000	0.000
42	  Q	  3.6	  0.0	0.000	0.000	0.000
43	  L	  3.3	  0.0	0.000	0.000	0.000
44	  T	  3.7	  0.1	0.000	0.000	0.000
45	  Q	  3.0	  0.1	0.000	0.000	0.000
46	  S	  5.2	  0.8	0.310	0.000	0.000
47	  L	  3.2	  0.9	0.310	0.000	0.000
48	  D	  2.9	  0.9	0.776	0.000	0.000
49	  S	  1.1	  0.8	1.215	0.000	0.000
50	  L	  1.0	  0.2	1.215	0.000	0.000
51	  Q	  1.7	  0.2	1.215	0.000	0.000
52	  K	  1.6	  0.1	1.078	0.000	0.000
53	  Y	  1.8	  0.1	0.905	0.000	0.000
54	  A	  1.1	  0.1	0.439	0.000	0.000
55	  E	  0.5	  0.1	0.439	0.000	0.000
56	  T	  3.2	  0.2	0.174	0.000	0.000
57	  A	  3.4	  0.3	0.174	0.000	0.000
58	  S	  5.1	  0.8	0.174	0.000	0.000
59	  Q	  2.3	  0.8	0.000	0.000	0.000
60	  S	  2.4	  0.7	0.000	0.000	0.000
61	  L	  0.6	  0.6	0.000	0.000	0.000
62	  A	  0.4	  0.2	0.000	0.000	0.000
63	  P	  0.1	  0.1	0.000	0.000	0.000
64	  Y	  0.8	  0.2	0.000	0.000	0.000
65	  S	  0.8	  0.3	0.000	0.000	0.000
66	  E	  0.9	  0.1	0.000	0.000	0.000
67	  A	  0.3	  0.1	0.000	0.000	0.000
68	  F	  0.3	  0.3	0.000	0.000	0.000
69	  G	  0.2	  0.3	0.000	0.000	0.000
70	  T	  1.2	  0.3	0.000	0.000	0.000
71	  Q	  2.1	  0.3	0.000	0.000	0.000
72	  L	  2.4	  0.1	0.000	0.000	0.000
73	  T	  1.4	  0.1	1.090	0.000	0.000
74	  D	  0.4	  0.4	2.549	0.000	0.000
75	  A	  0.3	  0.4	2.549	0.541	0.541
76	  T	  0.6	  0.3	4.444	0.541	0.541
77	  A	  0.7	  0.3	4.444	0.541	0.541
78	  A	  1.1	  0.0	4.444	0.541	0.541
79	  V	  2.1	  0.0	4.151	0.541	0.541
80	  R	  2.1	  0.0	4.151	0.000	0.000
81	  A	  1.6	  0.0	3.356	0.000	0.000
82	  Q	  0.9	  0.0	3.015	0.000	0.000
83	  V	  2.2	  0.0	0.772	0.000	0.000
84	  M	  2.2	  0.2	0.772	0.000	0.000
85	  K	  1.9	  0.2	0.280	0.000	0.000
86	  D	  3.0	  0.2	0.883	0.000	0.000
87	  V	  3.4	  0.2	0.740	0.000	0.000
88	  E	  3.2	  0.1	0.896	0.000	0.000
89	  E	  2.0	  0.1	0.896	0.000	0.000
90	  L	  1.7	  0.1	0.896	0.000	0.000
91	  H	  2.0	  0.2	0.896	0.000	0.000
92	  A	  1.0	  0.2	0.576	0.000	0.000
93	  Q	  4.3	  0.2	0.576	0.000	0.000
94	  L	  4.2	  0.2	0.150	0.000	0.000
95	  E	  3.9	  0.0	1.571	0.000	0.000
96	  P	  0.2	  0.1	1.421	0.000	0.000
97	  K	  0.3	  0.1	1.421	0.000	0.000
98	  R	  0.3	  0.1	1.421	0.000	0.000
99	  A	  0.5	  0.1	1.421	0.000	0.000
100	  E	  1.6	  0.1	1.986	0.000	0.000
101	  L	  1.6	  0.1	1.496	0.000	0.000
102	  K	  2.1	  0.1	1.222	0.000	0.000
103	  E	  1.2	  0.0	0.849	0.000	0.000
104	  V	  4.0	  0.0	0.849	0.000	0.000
105	  L	  3.5	  0.0	0.849	0.000	0.000
106	  D	  3.0	  0.1	1.261	0.000	0.000
107	  K	  0.7	  0.1	1.261	0.000	0.000
108	  H	  5.9	  0.1	0.735	0.000	0.000
109	  I	  6.1	  0.1	0.533	0.000	0.000
110	  D	  5.5	  0.2	5.577	0.000	0.000
111	  E	  0.9	  0.2	6.325	0.000	0.000
112	  Y	  2.1	  0.2	6.325	0.000	0.000
113	  R	  2.1	  0.2	6.325	0.000	0.000
114	  K	  1.5	  0.1	6.325	0.000	0.000
115	  K	  4.1	  0.1	6.194	0.000	0.000
116	  L	  4.1	  0.1	4.729	0.000	0.000
117	  E	  4.0	  0.0	3.536	0.000	0.000
118	  P	  0.1	  0.0	0.000	0.000	0.000
119	  L	  0.4	  0.0	0.000	0.000	0.000
120	  I	  1.2	  0.0	0.000	0.000	0.000
121	  K	  1.4	  0.1	0.000	0.000	0.000
122	  E	  1.2	  0.1	0.000	0.000	0.000
123	  H	  5.6	  0.1	0.513	0.000	0.000
124	  I	  8.2	  0.1	0.714	0.000	0.000
125	  E	  8.3	  0.0	4.487	0.000	0.000
126	  L	  3.4	  0.0	4.487	0.000	0.000
127	  R	  0.9	  0.1	5.010	0.000	0.000
128	  R	  1.0	  0.0	5.010	0.000	0.000
129	  L	  1.6	  0.0	4.874	0.000	0.000
130	  E	  1.4	  0.0	5.640	0.000	0.000
131	  M	  1.2	  0.1	5.408	0.000	0.000
132	  E	  0.6	  0.1	5.790	0.000	0.000
133	  A	  0.7	  0.1	5.636	0.000	0.000
134	  F	  1.6	  0.1	5.484	0.000	0.000
135	  K	  1.8	  0.0	3.658	0.000	0.000
136	  A	  1.8	  0.0	2.932	0.000	0.000
137	  K	  5.0	  0.0	2.756	0.000	0.000
138	  M	  4.9	  0.0	1.379	0.000	0.000
139	  E	  4.6	  0.0	0.846	0.000	0.000
140	  P	  0.1	  0.0	0.000	0.000	0.000
141	  V	  4.3	  0.0	0.000	0.000	0.000
142	  V	  5.0	  0.0	0.162	0.000	0.000
143	  E	  5.0	  0.0	0.162	0.000	0.000
144	  E	  1.0	  0.0	0.162	0.000	0.000
145	  M	  0.5	  0.1	0.162	0.000	0.000
146	  R	  0.7	  0.1	0.162	0.000	0.000
147	  T	  2.2	  0.1	0.162	0.000	0.000
148	  K	  3.2	  0.1	0.162	0.000	0.000
149	  V	  7.3	  0.0	0.000	0.000	0.000
150	  S	 14.5	  0.3	0.000	0.000	0.000
151	  Y	 15.0	  0.3	0.000	0.000	0.000
152	  N	 11.4	  0.3	0.957	0.000	0.000
153	  L	  2.3	  0.3	1.077	0.000	0.000
154	  E	  0.5	  0.1	2.151	0.000	0.000
155	  E	  0.6	  0.1	2.377	0.000	0.000
156	  T	  1.1	  0.1	3.261	0.000	0.000
157	  K	  1.4	  0.1	3.261	0.000	0.000
158	  A	  1.2	  0.1	3.121	0.000	0.000
159	  K	  1.2	  0.1	2.993	0.000	0.000
160	  L	  1.0	  0.0	2.455	0.000	0.000
161	  M	  0.8	  0.0	2.076	0.000	0.000
162	  P	  0.1	  0.0	0.368	0.000	0.000
163	  M	  0.3	  0.0	0.368	0.000	0.000
164	  V	  7.9	  0.0	0.614	0.000	0.000
165	  E	  8.3	  0.0	0.887	0.000	0.000
166	  I	 12.8	  0.0	0.887	0.000	0.000
167	  V	  6.4	  0.0	0.887	0.000	0.000
168	  R	  6.1	  0.0	0.887	0.000	0.000
169	  A	  1.6	  0.0	0.887	0.000	0.000
170	  K	  2.4	  0.0	0.887	0.000	0.000
171	  L	  2.4	  0.0	0.000	0.000	0.000
172	  T	  2.3	  0.1	0.334	0.000	0.000
173	  E	  0.3	  0.1	0.334	0.000	0.000
174	  R	  0.7	  0.1	1.218	0.000	0.000
175	  L	  0.5	  0.1	1.218	0.000	0.000
176	  E	  0.5	  0.1	1.218	0.000	0.000
177	  E	  0.3	  0.1	1.218	0.000	0.000
178	  L	  0.5	  0.1	1.218	0.000	0.000
179	  R	  0.8	  0.1	1.218	0.000	0.000
180	  T	  1.1	  0.1	0.768	0.000	0.000
181	  L	  1.2	  0.1	0.768	0.000	0.000
182	  A	  0.8	  0.0	0.768	0.000	0.000
183	  A	  0.3	  0.2	0.512	0.000	0.000
184	  P	  0.0	  0.2	0.000	0.000	0.000
185	  Y	  0.4	  0.2	0.000	0.000	0.000
186	  A	  0.4	  0.2	0.178	0.000	0.000
187	  E	  0.5	  0.1	0.896	0.000	0.000
188	  E	  3.5	  0.1	1.677	0.000	0.000
189	  Y	  4.3	  0.1	1.839	0.000	0.000
190	  K	  4.3	  0.1	1.981	0.000	0.000
191	  E	  1.0	  0.1	1.981	0.000	0.000
192	  Q	  0.8	  0.1	1.981	0.000	0.000
193	  M	  1.1	  0.1	1.981	0.000	0.000
194	  L	  1.4	  0.0	1.981	0.000	0.000
195	  K	  1.0	  0.0	1.981	0.000	0.000
196	  A	  0.8	  0.0	1.681	0.000	0.000
197	  I	  0.4	  0.1	0.672	0.000	0.000
198	  G	  0.2	  0.1	0.811	0.000	0.000
199	  E	  2.0	  0.1	0.473	0.000	0.000
200	  V	  2.4	  0.1	0.139	0.000	0.000
201	  R	  2.5	  0.1	0.139	0.000	0.000
202	  E	  0.7	  0.1	0.139	0.000	0.000
203	  K	  3.6	  0.1	0.139	0.000	0.000
204	  V	  4.2	  0.0	0.000	0.000	0.000
205	  V	  4.1	  0.0	0.000	0.000	0.000
206	  P	  0.7	  0.0	0.000	0.000	0.000
207	  L	  0.1	  0.1	0.000	0.000	0.000
208	  S	  0.1	  2.3	0.517	0.000	0.000
209	  E	  0.2	  2.3	0.517	0.000	0.000
210	  D	  0.6	  2.3	0.517	0.000	0.000
211	  F	  1.0	  3.1	0.517	0.000	0.000
212	  K	  0.9	  0.9	0.517	0.000	0.000
213	  G	  0.4	  0.9	0.517	0.000	0.000
214	  Q	  0.1	  0.9	0.299	0.000	0.000
215	  V	  0.1	  0.1	0.000	0.000	0.000
216	  G	  0.1	  0.1	1.700	0.000	0.000
217	  P	  0.0	  0.1	1.991	0.000	0.000
218	  A	  0.0	  0.1	2.874	0.000	0.000
219	  A	  0.0	  0.1	4.045	0.000	0.000
220	  E	  0.0	  0.1	5.535	0.000	0.000
221	  E	  0.5	  0.1	6.838	0.000	0.000
222	  A	  0.6	  0.1	6.681	0.000	0.000
223	  K	  0.9	  0.1	6.681	0.000	0.000
224	  Q	  0.8	  0.1	5.980	0.000	0.000
225	  K	  1.0	  0.1	5.064	0.000	0.000
226	  L	  0.9	  0.1	4.118	18.988	18.988
227	  M	  0.9	  0.0	3.386	18.988	18.988
228	  A	  0.9	  0.0	2.179	18.988	18.988
229	  F	  2.9	  0.0	1.867	18.988	18.988
230	  Y	  3.0	  0.1	0.743	18.988	18.988
231	  E	  2.7	  0.1	0.000	0.000	0.000
232	  T	 14.1	  0.1	0.000	0.000	0.000
233	  I	 14.8	  0.1	0.000	0.000	0.000
234	  S	 14.9	  0.1	0.000	0.000	0.000
235	  Q	  1.6	  0.1	0.000	0.000	0.000
236	  A	  0.7	  0.1	0.000	0.000	0.000
237	  I	  2.3	  0.0	0.000	0.000	0.000
238	  K	  2.2	  0.0	0.000	0.000	0.000
239	  A	  1.8	  0.0	0.000	0.000	0.000
