res	aa	Beta	Turn	Helix	Aggregation	Conc-Stab_Aggregation
01	  E	  0.0	  0.0	0.000	0.000	0.000
02	  A	  0.2	  0.0	0.000	0.000	0.000
03	  L	  0.4	  0.0	0.000	0.000	0.000
04	  D	  0.5	  0.0	0.000	0.000	0.000
05	  Q	  2.2	  0.0	0.000	0.000	0.000
06	  V	  5.2	  0.1	0.000	0.000	0.000
07	  E	  5.6	  0.1	0.000	0.000	0.000
08	  H	  5.8	  0.1	0.000	0.000	0.000
09	  F	  3.8	  0.2	0.000	0.000	0.000
10	  K	  3.6	  0.1	0.000	0.000	0.000
11	  S	  1.6	  0.1	0.477	0.296	0.296
12	  A	  0.6	  0.1	0.477	3.787	3.787
13	  A	  0.3	  0.0	0.477	12.462	12.462
14	  A	  0.9	  0.0	0.477	14.467	14.467
15	  V	  4.8	  0.0	0.477	15.646	15.646
16	  Y	  5.7	  0.0	0.477	15.646	15.646
17	  L	  5.3	  0.0	0.000	15.168	15.168
18	  S	  1.6	  0.0	0.000	5.459	5.459
19	  Q	  1.5	  0.0	0.000	3.296	3.296
20	  V	  3.0	  0.2	0.000	3.296	3.296
21	  K	  2.9	  0.1	0.000	0.000	0.000
22	  D	  1.8	  0.2	0.000	0.000	0.000
23	  Q	  0.6	  0.2	0.000	0.000	0.000
24	  A	  0.8	  0.1	0.000	0.000	0.000
25	  Y	  2.1	  0.1	0.000	0.000	0.000
26	  K	  1.8	  0.1	0.000	0.000	0.000
27	  A	  1.5	  0.1	0.000	0.000	0.000
28	  L	  0.3	  0.3	0.000	0.000	0.000
29	  E	  0.2	  0.2	0.000	0.000	0.000
30	  N	  0.4	  3.1	0.000	0.000	0.000
31	  L	  0.4	  3.2	0.000	0.000	0.000
32	  D	  0.4	  3.3	0.000	0.000	0.000
33	  G	  0.1	  4.5	0.000	0.000	0.000
34	  G	  0.0	  1.6	0.821	0.000	0.000
35	  D	  1.5	  1.5	1.573	0.000	0.000
36	  Y	  2.7	  1.3	1.725	0.000	0.000
37	  E	  2.8	  0.1	1.871	0.000	0.000
38	  Q	  3.5	  0.1	1.871	0.000	0.000
39	  Y	  3.8	  0.1	1.871	0.000	0.000
40	  K	  4.8	  0.0	1.871	0.000	0.000
41	  L	  4.1	  0.1	1.578	0.000	0.000
42	  K	  4.6	  0.1	1.284	0.000	0.000
43	  L	  3.6	  0.0	0.336	0.000	0.000
44	  T	  2.3	  0.2	0.000	0.000	0.000
45	  E	  0.4	  0.2	0.000	0.000	0.000
46	  S	  2.9	  1.0	0.842	0.000	0.000
47	  L	  2.7	  1.2	0.842	0.000	0.000
48	  D	  2.7	  1.0	1.418	0.000	0.000
49	  N	  0.4	  1.0	2.197	0.000	0.000
50	  L	  0.5	  0.2	2.197	0.000	0.000
51	  Q	  1.2	  0.1	2.197	0.000	0.000
52	  K	  1.6	  0.1	1.889	0.000	0.000
53	  Y	  1.8	  0.1	1.552	0.000	0.000
54	  A	  1.1	  0.1	0.955	0.000	0.000
55	  E	  0.6	  0.1	0.812	0.000	0.000
56	  S	  2.5	  0.3	0.350	0.000	0.000
57	  T	  3.4	  0.4	0.000	0.000	0.000
58	  S	  5.5	  0.5	0.000	0.000	0.000
59	  T	  3.8	  0.5	0.000	0.000	0.000
60	  S	  4.1	  0.3	0.000	0.000	0.000
61	  L	  1.9	  0.3	0.000	0.000	0.000
62	  K	  1.3	  0.0	0.000	0.000	0.000
63	  P	  0.1	  0.0	0.000	0.000	0.000
64	  Y	  0.4	  0.0	0.000	1.098	1.098
65	  A	  0.7	  0.0	0.000	1.098	1.098
66	  T	  1.6	  0.0	0.000	1.098	1.098
67	  Q	  2.0	  0.0	0.000	1.098	1.098
68	  V	  6.1	  0.0	0.000	1.098	1.098
69	  V	  5.5	  0.1	0.000	1.098	1.098
70	  E	  4.7	  0.2	0.000	0.000	0.000
71	  G	  0.3	  0.3	0.140	0.000	0.000
72	  T	  0.9	  0.3	0.306	0.000	0.000
73	  Q	  1.3	  0.2	0.306	0.000	0.000
74	  T	  9.4	  0.1	0.657	0.000	0.000
75	  V	  9.1	  0.1	0.657	0.000	0.000
76	  R	  8.9	  0.0	0.657	0.000	0.000
77	  E	  0.8	  0.0	0.657	0.000	0.000
78	  Y	  1.3	  0.0	0.657	0.000	0.000
79	  I	  2.1	  0.0	0.350	0.000	0.000
80	  L	  2.1	  0.0	0.350	0.000	0.000
81	  K	  1.1	  0.0	0.350	0.000	0.000
82	  E	  1.1	  0.1	0.179	0.000	0.000
83	  M	  1.2	  0.3	0.000	0.000	0.000
84	  D	  1.1	  0.3	1.114	0.000	0.000
85	  D	  0.2	  0.3	1.482	0.000	0.000
86	  L	  0.4	  0.2	1.482	0.000	0.000
87	  H	  0.7	  0.1	1.482	0.000	0.000
88	  A	  1.0	  0.0	1.482	0.000	0.000
89	  K	 17.5	  0.0	1.482	0.000	0.000
90	  V	 18.0	  0.0	0.635	0.000	0.000
91	  E	 17.7	  0.0	0.635	0.000	0.000
92	  P	  0.8	  0.0	0.000	0.000	0.000
93	  H	  0.3	  0.0	0.120	0.000	0.000
94	  R	  0.4	  0.0	0.299	0.000	0.000
95	  A	  0.5	  0.1	0.299	0.000	0.000
96	  E	  0.5	  0.1	1.251	0.000	0.000
97	  L	  0.7	  0.1	1.251	0.000	0.000
98	  R	  0.9	  0.1	1.251	0.000	0.000
99	  Q	  0.7	  0.1	1.251	0.000	0.000
100	  A	  0.6	  0.1	1.251	0.000	0.000
101	  I	  1.1	  0.0	1.251	0.000	0.000
102	  E	  1.6	  0.1	1.251	0.000	0.000
103	  K	  1.5	  0.1	1.083	0.000	0.000
104	  H	  1.4	  0.1	0.282	0.000	0.000
105	  L	  0.7	  0.2	0.000	0.000	0.000
106	  E	  0.7	  0.1	0.000	0.000	0.000
107	  E	  0.1	  0.1	0.000	0.000	0.000
108	  Y	  0.3	  0.4	0.000	0.000	0.000
109	  G	  0.2	  0.4	0.000	0.000	0.000
110	  E	  0.2	  0.4	0.000	0.000	0.000
111	  R	  1.3	  0.4	0.000	0.000	0.000
112	  L	  1.4	  0.1	0.000	0.000	0.000
113	  I	  1.4	  0.0	0.000	0.000	0.000
114	  P	  0.2	  0.0	0.000	0.000	0.000
115	  I	  1.7	  0.0	0.000	0.000	0.000
116	  F	  2.5	  0.2	0.000	0.000	0.000
117	  R	  2.7	  0.2	0.000	0.000	0.000
118	  D	  1.1	  0.2	0.875	0.000	0.000
119	  Y	  1.1	  0.2	0.875	0.000	0.000
120	  M	  0.9	  0.4	0.875	0.000	0.000
121	  A	  0.8	  0.5	0.875	0.000	0.000
122	  D	  0.1	  0.5	2.177	0.000	0.000
123	  N	  0.2	  0.6	4.317	0.000	0.000
124	  Q	  0.7	  0.3	4.018	0.000	0.000
125	  K	  0.8	  0.2	4.355	0.000	0.000
126	  E	  0.8	  0.1	4.923	0.000	0.000
127	  L	  0.4	  0.2	5.465	0.000	0.000
128	  E	  0.3	  0.2	5.605	0.000	0.000
129	  S	  2.2	  0.1	6.864	0.000	0.000
130	  L	  2.4	  0.2	6.444	0.000	0.000
131	  R	  2.7	  0.1	6.444	0.000	0.000
132	  Q	  1.0	  0.1	5.996	0.000	0.000
133	  K	  1.9	  0.1	3.742	0.000	0.000
134	  L	  1.7	  0.1	2.459	0.000	0.000
135	  Q	  1.4	  0.0	2.201	0.000	0.000
136	  P	  0.1	  0.0	0.000	0.000	0.000
137	  A	  0.1	  0.0	0.156	0.000	0.000
138	  L	  0.2	  0.2	0.298	0.000	0.000
139	  E	  0.2	  0.3	1.102	0.000	0.000
140	  D	  0.3	  0.3	4.005	0.000	0.000
141	  L	  0.5	  0.3	4.005	0.000	0.000
142	  K	  0.8	  0.0	4.005	0.000	0.000
143	  A	  1.0	  0.0	4.005	0.000	0.000
144	  K	  7.9	  0.0	4.005	0.000	0.000
145	  V	  8.3	  0.0	3.157	0.000	0.000
146	  E	  8.1	  0.1	3.001	0.000	0.000
147	  T	  1.4	  0.1	0.917	0.000	0.000
148	  N	  3.3	  0.1	0.917	0.000	0.000
149	  F	  4.0	  0.1	0.220	0.000	0.000
150	  E	  3.4	  0.1	0.000	0.000	0.000
151	  E	  1.3	  0.1	0.000	0.000	0.000
152	  T	  2.3	  0.2	0.000	0.000	0.000
153	  K	  3.1	  0.1	0.000	0.000	0.000
154	  T	  3.5	  0.1	0.000	0.000	0.000
155	  K	  2.7	  0.1	0.000	0.000	0.000
156	  L	  1.9	  0.1	0.000	0.000	0.000
157	  A	  0.9	  0.0	0.000	0.000	0.000
158	  P	  0.1	  0.0	0.000	0.000	0.000
159	  I	  3.2	  0.0	0.000	0.000	0.000
160	  V	  5.0	  0.0	0.000	0.000	0.000
161	  E	  5.1	  0.0	0.000	0.000	0.000
162	  A	  2.5	  0.0	0.000	0.000	0.000
163	  V	  1.3	  0.1	0.000	0.000	0.000
164	  S	  1.4	  0.5	0.000	0.000	0.000
165	  G	  0.8	  0.5	0.347	0.000	0.000
166	  R	  2.7	  0.5	1.090	0.000	0.000
167	  L	  2.7	  0.4	1.258	0.000	0.000
168	  N	  2.7	  0.1	6.150	0.000	0.000
169	  E	  0.1	  0.1	6.432	0.000	0.000
170	  R	  0.6	  0.1	6.586	0.000	0.000
171	  L	  0.8	  0.2	6.586	0.000	0.000
172	  Q	  0.9	  0.2	6.586	0.000	0.000
173	  N	  0.8	  0.1	7.664	0.000	0.000
174	  L	  0.7	  0.3	6.281	0.000	0.000
175	  K	  0.5	  0.2	5.813	0.000	0.000
176	  D	  0.2	  0.2	4.928	0.000	0.000
177	  L	  0.1	  0.2	4.204	0.000	0.000
178	  A	  0.1	  0.0	4.028	0.000	0.000
179	  N	  0.1	  0.0	3.851	0.000	0.000
180	  P	  0.0	  0.0	0.000	0.000	0.000
181	  V	  0.8	  0.0	0.000	0.000	0.000
182	  A	  0.8	  0.1	0.000	0.000	0.000
183	  E	  0.9	  0.1	0.000	0.000	0.000
184	  E	  3.5	  0.1	0.000	0.000	0.000
185	  Y	  4.3	  0.1	0.000	0.000	0.000
186	  K	  4.4	  0.1	0.000	0.000	0.000
187	  E	  1.1	  0.1	0.000	0.000	0.000
188	  H	  2.1	  0.1	0.000	0.000	0.000
189	  V	  3.2	  0.1	0.000	0.000	0.000
190	  L	  3.5	  0.0	0.000	0.000	0.000
191	  K	  2.0	  0.0	0.000	0.000	0.000
192	  A	  1.0	  0.0	0.000	0.000	0.000
193	  V	  1.6	  0.1	0.000	0.000	0.000
194	  E	  1.3	  0.1	0.000	0.000	0.000
195	  D	  2.5	  0.1	1.097	0.000	0.000
196	  V	  3.3	  0.1	1.097	0.000	0.000
197	  K	  3.6	  0.1	1.097	0.000	0.000
198	  E	  2.2	  0.1	1.097	0.000	0.000
199	  K	  1.5	  0.1	1.097	0.000	0.000
200	  L	  1.2	  0.1	1.097	0.000	0.000
201	  V	  1.2	  0.0	0.658	0.000	0.000
202	  P	  0.2	  0.0	0.000	0.000	0.000
203	  H	  0.9	  0.0	0.000	0.000	0.000
204	  T	  2.2	  0.0	0.000	0.000	0.000
205	  A	  2.5	  0.1	0.000	0.000	0.000
206	  Q	  2.8	  0.0	0.000	0.000	0.000
207	  L	  1.5	  0.3	0.000	0.000	0.000
208	  Q	  1.2	  0.3	0.000	0.000	0.000
209	  G	  0.1	  0.3	0.000	0.000	0.000
210	  Q	  7.1	  0.3	0.000	0.000	0.000
211	  I	  7.5	  0.0	0.000	0.000	0.000
212	  E	  7.5	  0.0	0.000	0.000	0.000
213	  P	  0.5	  0.0	0.000	0.000	0.000
214	  Y	  2.1	  0.0	0.000	0.000	0.000
215	  V	  2.7	  0.0	0.499	0.000	0.000
216	  E	  2.8	  0.0	0.937	0.000	0.000
217	  T	  3.2	  0.0	4.226	0.000	0.000
218	  L	  3.0	  0.1	4.226	0.000	0.000
219	  R	  3.1	  0.0	4.226	0.000	0.000
220	  A	  0.8	  0.0	4.226	0.000	0.000
221	  K	  0.6	  0.0	4.226	0.000	0.000
222	  F	  1.7	  0.0	3.585	6.388	6.388
223	  M	  3.7	  0.0	1.521	6.388	6.388
224	  S	  3.7	  0.0	0.643	6.388	6.388
225	  I	  3.2	  0.0	0.376	6.388	6.388
226	  Y	  1.5	  0.1	0.376	6.388	6.388
227	  E	  1.2	  0.1	0.208	0.000	0.000
228	  T	 19.0	  0.1	0.000	0.000	0.000
229	  V	 20.3	  0.1	0.000	0.000	0.000
230	  S	 20.4	  0.0	0.000	0.000	0.000
231	  Q	  2.4	  0.0	0.000	0.000	0.000
232	  A	  0.4	  0.0	0.000	0.000	0.000
233	  I	  0.7	  0.0	0.000	0.000	0.000
234	  Q	  0.6	  0.0	0.000	0.000	0.000
235	  A	  0.4	  0.0	0.000	0.000	0.000
