res	aa	Beta	Turn	Helix	Aggregation	Conc-Stab_Aggregation
01	  D	  0.0	  0.0	0.000	0.000	0.000
02	  A	  0.0	  0.3	0.000	0.000	0.000
03	  P	  0.0	  0.4	0.000	0.000	0.000
04	  S	  0.5	  0.4	0.820	0.000	0.000
05	  Q	  7.8	  0.4	0.820	0.000	0.000
06	  Y	  8.9	  0.2	0.937	0.000	0.000
07	  E	  8.4	  0.1	1.113	0.000	0.000
08	  Q	  2.4	  0.1	1.113	0.000	0.000
09	  I	  2.6	  0.1	1.113	0.000	0.000
10	  R	  2.7	  0.0	1.113	0.000	0.000
11	  A	  2.0	  0.0	0.972	2.349	2.349
12	  S	  1.5	  0.0	1.019	5.029	5.029
13	  V	  4.3	  0.0	0.228	50.599	50.599
14	  V	 12.9	  0.0	0.228	51.208	51.208
15	  T	 15.3	  0.0	0.228	51.208	51.208
16	  Y	 12.8	  0.0	0.228	51.114	51.114
17	  L	  3.8	  0.0	0.228	50.406	50.406
18	  G	  0.4	  0.0	0.228	8.127	8.127
19	  Q	  1.1	  0.0	0.228	4.021	4.021
20	  V	  2.8	  0.1	0.000	4.021	4.021
21	  K	  3.1	  0.1	0.000	0.000	0.000
22	  D	  2.0	  0.2	0.000	0.000	0.000
23	  T	  1.7	  0.2	0.427	0.000	0.000
24	  A	  1.5	  0.1	0.427	0.000	0.000
25	  Q	  1.5	  0.1	0.427	0.000	0.000
26	  K	  0.5	  0.1	0.427	0.000	0.000
27	  A	  0.7	  0.1	0.427	0.000	0.000
28	  I	  1.2	  0.0	0.427	0.000	0.000
29	  A	  1.2	  0.0	0.427	0.000	0.000
30	  H	  1.7	  0.3	0.259	0.000	0.000
31	  L	  1.2	  0.4	0.000	0.000	0.000
32	  D	  0.9	  0.5	2.026	0.000	0.000
33	  D	  0.1	  0.5	4.689	0.000	0.000
34	  A	  0.2	  0.2	4.689	0.000	0.000
35	  E	  3.4	  0.0	4.689	0.000	0.000
36	  F	  3.9	  0.3	4.689	0.000	0.000
37	  K	  3.9	  0.3	4.689	0.000	0.000
38	  D	  1.1	  0.3	4.631	0.000	0.000
39	  Y	  1.8	  0.3	4.250	0.000	0.000
40	  K	  1.8	  0.0	3.884	0.000	0.000
41	  A	  1.6	  0.0	3.433	0.000	0.000
42	  R	  1.2	  0.0	3.264	0.000	0.000
43	  L	  1.4	  0.1	2.744	0.000	0.000
44	  T	  1.2	  0.2	1.763	0.000	0.000
45	  Q	  0.4	  0.2	1.763	0.000	0.000
46	  G	  0.1	  0.4	0.556	0.000	0.000
47	  L	  0.2	  0.4	0.000	0.000	0.000
48	  D	  0.3	  0.3	0.000	0.000	0.000
49	  N	  3.3	  0.3	3.475	0.000	0.000
50	  I	  3.8	  0.1	3.475	0.000	0.000
51	  E	  3.7	  0.0	3.475	0.000	0.000
52	  T	  4.4	  0.0	3.475	0.000	0.000
53	  V	  5.0	  0.0	3.475	0.000	0.000
54	  L	  5.4	  0.1	3.475	0.000	0.000
55	  K	  2.0	  0.1	3.026	0.000	0.000
56	  S	  3.9	  0.9	2.207	0.000	0.000
57	  A	  3.6	  1.0	0.512	0.000	0.000
58	  S	  3.4	  1.7	0.216	0.000	0.000
59	  E	  0.3	  1.7	0.000	0.000	0.000
60	  S	  0.6	  0.9	0.000	0.000	0.000
61	  L	  0.4	  0.9	0.000	0.000	0.000
62	  A	  0.4	  0.0	0.000	0.000	0.000
63	  P	  0.1	  0.0	0.000	0.000	0.000
64	  V	  0.6	  0.1	0.000	0.000	0.000
65	  R	  0.6	  0.3	0.000	0.000	0.000
66	  E	  0.6	  0.4	0.000	0.000	0.000
67	  G	  0.0	  0.4	0.000	0.000	0.000
68	  L	  0.0	  0.3	0.000	0.000	0.000
69	  G	  0.0	  0.4	0.000	0.000	0.000
70	  P	  0.0	  0.3	0.000	0.000	0.000
71	  Q	  1.8	  0.3	0.000	0.000	0.000
72	  I	  2.9	  0.2	0.000	0.000	0.000
73	  V	  3.6	  0.0	0.000	0.000	0.000
74	  D	  1.8	  0.2	0.000	0.000	0.000
75	  A	  1.0	  0.3	0.000	0.000	0.000
76	  L	  0.5	  0.5	0.000	0.000	0.000
77	  S	  0.5	  0.5	0.000	0.000	0.000
78	  G	  0.3	  0.3	0.000	0.000	0.000
79	  V	  0.6	  0.2	0.000	0.000	0.000
80	  R	  0.6	  0.1	0.000	0.000	0.000
81	  E	  0.7	  0.1	0.000	0.000	0.000
82	  R	  1.5	  0.1	0.000	0.000	0.000
83	  V	  4.0	  0.1	0.000	0.000	0.000
84	  S	  4.7	  0.4	0.000	0.000	0.000
85	  H	  3.5	  0.4	0.140	0.000	0.000
86	  D	  1.3	  0.4	5.310	0.000	0.000
87	  L	  0.5	  0.4	6.463	0.000	0.000
88	  E	  0.3	  0.1	7.327	0.000	0.000
89	  E	  0.3	  0.1	7.706	0.000	0.000
90	  L	  0.5	  0.1	7.706	0.000	0.000
91	  R	  0.7	  0.1	7.706	0.000	0.000
92	  K	  0.6	  0.1	7.351	0.000	0.000
93	  E	  0.7	  0.1	4.923	0.000	0.000
94	  L	  0.6	  0.1	3.215	0.000	0.000
95	  E	  0.6	  0.0	3.375	0.000	0.000
96	  P	  0.1	  0.1	0.664	0.000	0.000
97	  K	  0.4	  0.1	1.144	0.000	0.000
98	  R	  0.4	  0.1	1.685	0.000	0.000
99	  E	  0.4	  0.2	1.685	0.000	0.000
100	  E	  0.3	  0.1	2.073	0.000	0.000
101	  L	  0.6	  0.1	1.921	0.000	0.000
102	  R	  1.2	  0.1	1.921	0.000	0.000
103	  Q	  1.8	  0.0	1.921	0.000	0.000
104	  V	  4.5	  0.0	1.324	0.000	0.000
105	  V	  4.6	  0.0	1.324	0.000	0.000
106	  K	  3.9	  0.1	1.324	0.000	0.000
107	  K	  0.9	  0.1	0.654	0.000	0.000
108	  H	  0.9	  0.3	0.000	0.000	0.000
109	  L	  0.9	  0.3	0.000	0.000	0.000
110	  D	  0.8	  0.4	1.141	0.000	0.000
111	  E	  0.8	  0.4	1.390	0.000	0.000
112	  Y	  1.5	  0.3	1.390	0.000	0.000
113	  R	  1.5	  0.2	1.390	0.000	0.000
114	  E	  0.8	  0.1	1.390	0.000	0.000
115	  K	  4.3	  0.1	1.390	0.000	0.000
116	  L	  4.3	  0.1	1.106	0.000	0.000
117	  E	  4.3	  0.0	0.840	0.000	0.000
118	  P	  0.1	  0.0	0.000	0.000	0.000
119	  V	  1.3	  0.0	0.000	0.000	0.000
120	  L	  1.3	  0.1	0.000	0.000	0.000
121	  K	  1.5	  0.1	0.000	0.000	0.000
122	  E	  1.8	  0.1	0.000	0.000	0.000
123	  Y	  2.4	  0.2	0.000	0.000	0.000
124	  S	  2.3	  0.2	3.588	0.000	0.000
125	  E	  1.1	  0.3	3.588	0.000	0.000
126	  K	  0.4	  0.3	3.588	0.000	0.000
127	  N	  0.4	  0.3	4.252	0.000	0.000
128	  R	  0.3	  0.3	4.252	0.000	0.000
129	  K	  0.4	  0.1	4.252	0.000	0.000
130	  Q	  2.2	  0.1	2.451	0.000	0.000
131	  V	  2.6	  0.1	1.301	0.000	0.000
132	  E	  2.5	  0.1	1.932	0.000	0.000
133	  E	  3.7	  0.1	2.436	0.000	0.000
134	  F	  4.2	  0.1	2.436	0.000	0.000
135	  K	  4.5	  0.0	1.979	0.000	0.000
136	  A	  1.6	  0.0	1.657	0.000	0.000
137	  K	  8.9	  0.0	1.657	0.000	0.000
138	  F	  9.3	  0.0	1.197	0.000	0.000
139	  E	  9.1	  0.0	0.500	0.000	0.000
140	  P	  0.7	  0.0	0.000	0.000	0.000
141	  V	  2.7	  0.0	0.000	0.000	0.000
142	  I	  3.6	  0.0	0.000	0.000	0.000
143	  K	  3.7	  0.1	0.000	0.000	0.000
144	  E	  1.4	  0.1	0.000	0.000	0.000
145	  L	  0.5	  0.1	0.000	0.000	0.000
146	  Q	  0.6	  0.1	0.000	0.000	0.000
147	  E	  0.2	  0.1	0.000	0.000	0.000
148	  K	  0.7	  0.1	0.000	0.000	0.000
149	  I	  1.4	  0.0	0.000	0.000	0.000
150	  Q	  1.9	  0.0	0.000	0.000	0.000
151	  V	 14.7	  0.0	0.000	0.000	0.000
152	  N	 17.8	  0.0	0.000	0.000	0.000
153	  V	 17.8	  0.0	0.000	0.000	0.000
154	  E	  5.6	  0.1	0.000	0.000	0.000
155	  E	  1.0	  0.1	0.000	0.000	0.000
156	  T	  3.9	  0.2	0.000	0.000	0.000
157	  K	  4.5	  0.2	0.000	0.000	0.000
158	  S	  4.2	  0.2	0.000	0.000	0.000
159	  K	  4.2	  0.2	0.000	0.000	0.000
160	  L	  3.7	  0.1	0.000	0.000	0.000
161	  T	  3.5	  0.0	0.326	0.000	0.000
162	  P	  0.2	  0.0	0.326	0.000	0.000
163	  I	  2.9	  0.0	0.469	0.000	0.000
164	  V	  3.5	  0.0	1.118	0.000	0.000
165	  E	  3.6	  0.0	1.118	0.000	0.000
166	  T	  7.9	  0.0	2.636	0.000	0.000
167	  I	  7.5	  0.1	2.636	0.000	0.000
168	  R	  7.5	  0.1	2.636	0.000	0.000
169	  N	  0.3	  0.1	2.636	0.000	0.000
170	  K	  2.0	  0.1	2.285	0.000	0.000
171	  L	  2.5	  0.1	1.517	0.000	0.000
172	  T	  2.6	  0.3	1.134	0.000	0.000
173	  K	  0.6	  0.2	1.134	0.000	0.000
174	  G	  0.1	  0.2	1.248	0.000	0.000
175	  L	  0.0	  0.2	0.376	0.000	0.000
176	  E	  0.1	  0.1	0.376	0.000	0.000
177	  E	 14.2	  0.0	0.376	0.000	0.000
178	  V	 15.6	  0.1	0.376	0.000	0.000
179	  K	 16.5	  0.0	0.376	0.000	0.000
180	  T	  6.0	  0.0	0.000	0.000	0.000
181	  T	  5.3	  0.0	0.000	0.000	0.000
182	  F	  4.4	  0.2	0.000	0.000	0.000
183	  G	  1.0	  0.5	0.000	0.000	0.000
184	  P	  0.0	  0.5	0.000	0.000	0.000
185	  H	  0.3	  0.7	0.000	0.000	0.000
186	  A	  0.3	  0.5	0.000	0.000	0.000
187	  Q	  0.7	  0.2	0.000	0.000	0.000
188	  E	  1.2	  0.2	0.000	0.000	0.000
189	  Y	  1.9	  0.1	0.000	0.000	0.000
190	  R	  1.5	  0.1	0.000	0.000	0.000
191	  E	  0.7	  0.1	0.000	0.000	0.000
192	  Q	  3.0	  0.1	0.000	0.000	0.000
193	  I	  3.4	  0.2	0.000	0.000	0.000
194	  E	  3.3	  0.2	0.000	0.000	0.000
195	  G	  0.4	  0.2	0.000	0.000	0.000
196	  V	  3.1	  0.2	0.000	0.000	0.000
197	  F	  4.5	  0.1	0.000	0.000	0.000
198	  T	  4.5	  0.1	0.205	0.000	0.000
199	  E	  1.7	  0.1	0.205	0.000	0.000
200	  L	  1.2	  0.1	0.205	0.000	0.000
201	  R	  1.5	  0.1	0.205	0.000	0.000
202	  H	  1.9	  0.1	0.205	0.000	0.000
203	  K	  4.7	  0.1	0.205	0.000	0.000
204	  Y	  5.6	  0.4	0.000	0.000	0.000
205	  E	  4.9	  0.5	0.209	0.000	0.000
206	  S	  1.4	  0.7	2.203	0.000	0.000
207	  G	  0.1	  0.7	6.365	0.000	0.000
208	  E	  0.4	  0.4	8.178	0.000	0.000
209	  L	  0.4	  0.3	8.401	0.000	0.000
210	  Q	  0.5	  0.1	10.104	0.000	0.000
211	  E	  0.2	  0.1	10.104	0.000	0.000
212	  K	  1.3	  0.1	10.104	0.000	0.000
213	  L	  1.3	  0.2	9.876	0.000	0.000
214	  K	  1.3	  0.2	9.876	0.000	0.000
215	  N	  0.3	  0.2	10.578	0.000	0.000
216	  L	  0.1	  0.4	6.531	0.000	0.000
217	  A	  0.1	  0.3	5.021	0.000	0.000
218	  D	  0.0	  0.4	4.262	0.000	0.000
219	  E	  0.6	  0.4	3.225	0.000	0.000
220	  L	  0.7	  0.2	2.567	0.000	0.000
221	  R	  0.7	  0.3	2.201	0.000	0.000
222	  P	  0.2	  0.2	0.000	0.000	0.000
223	  Q	  1.2	  0.2	0.000	0.000	0.000
224	  L	  1.2	  0.3	0.000	0.000	0.000
225	  Q	  1.3	  0.2	0.000	0.000	0.000
226	  G	  0.1	  0.2	0.000	0.000	0.000
227	  I	  0.4	  0.2	0.000	1.124	1.124
228	  Y	  1.5	  0.1	0.000	1.124	1.124
229	  N	  2.8	  0.1	0.164	1.124	1.124
230	  T	  7.0	  0.1	0.164	1.124	1.124
231	  I	  6.7	  0.1	0.164	1.124	1.124
232	  E	  5.4	  0.0	0.164	0.000	0.000
233	  K	  1.1	  0.0	0.164	0.000	0.000
234	  A	  0.9	  0.0	0.164	0.000	0.000
235	  I	  2.6	  0.0	0.000	0.000	0.000
236	  K	  2.3	  0.0	0.000	0.000	0.000
237	  A	  1.8	  0.0	0.000	0.000	0.000
