res	aa	Beta	Turn	Helix	Aggregation	Conc-Stab_Aggregation
01	  D	  0.0	  0.0	0.000	0.000	0.000
02	  A	  0.0	  0.2	0.000	0.000	0.000
03	  P	  0.0	  0.2	0.000	0.000	0.000
04	  T	  2.5	  0.2	0.109	0.000	0.000
05	  Q	  9.3	  0.2	0.109	0.000	0.000
06	  Y	 11.2	  0.1	0.109	0.000	0.000
07	  E	  9.0	  0.1	0.109	0.000	0.000
08	  H	  8.2	  0.1	0.109	0.000	0.000
09	  I	  7.5	  0.1	0.109	0.000	0.000
10	  R	  7.4	  0.2	0.109	0.000	0.000
11	  A	  1.4	  0.2	0.109	1.812	1.812
12	  G	  0.1	  0.2	0.109	3.964	3.964
13	  V	  3.0	  0.2	0.000	57.341	57.341
14	  V	 12.1	  0.0	0.000	59.152	59.152
15	  T	 15.4	  0.0	0.000	59.152	59.152
16	  Y	 13.0	  0.0	0.000	59.152	59.152
17	  L	  4.2	  0.0	0.000	58.714	58.714
18	  T	  1.8	  0.0	0.434	23.881	23.881
19	  Q	  2.3	  0.0	0.434	1.845	1.845
20	  L	  2.4	  0.1	0.434	1.562	1.562
21	  K	  1.6	  0.1	0.434	0.000	0.000
22	  A	  0.8	  0.0	0.434	0.000	0.000
23	  S	  0.8	  0.2	0.434	0.000	0.000
24	  A	  0.8	  0.2	0.000	0.000	0.000
25	  H	  1.0	  0.2	0.000	0.000	0.000
26	  K	  0.8	  0.2	0.000	0.000	0.000
27	  A	  1.0	  0.1	0.000	0.000	0.000
28	  I	  1.9	  0.1	0.000	0.000	0.000
29	  N	  1.7	  0.1	0.000	0.000	0.000
30	  S	  3.9	  1.0	0.000	0.000	0.000
31	  L	  2.7	  1.1	0.000	0.000	0.000
32	  D	  2.6	  1.1	2.049	0.000	0.000
33	  D	  0.1	  1.0	4.651	0.000	0.000
34	  A	  0.2	  0.2	4.651	0.000	0.000
35	  E	  3.4	  0.0	4.651	0.000	0.000
36	  F	  3.9	  0.3	4.651	0.000	0.000
37	  K	  3.9	  0.3	4.651	0.000	0.000
38	  D	  1.1	  0.3	4.588	0.000	0.000
39	  Y	  1.8	  0.3	4.210	0.000	0.000
40	  K	  1.8	  0.0	3.847	0.000	0.000
41	  A	  1.6	  0.0	3.400	0.000	0.000
42	  R	  1.2	  0.0	3.234	0.000	0.000
43	  L	  1.4	  0.1	2.718	0.000	0.000
44	  T	  1.2	  0.2	1.745	0.000	0.000
45	  Q	  0.4	  0.2	1.745	0.000	0.000
46	  G	  0.3	  0.2	0.548	0.000	0.000
47	  I	  0.6	  0.2	0.000	0.000	0.000
48	  D	  0.7	  0.1	0.610	0.000	0.000
49	  K	  4.8	  0.0	0.950	0.000	0.000
50	  I	  4.8	  0.1	0.950	0.000	0.000
51	  E	  4.7	  0.1	0.950	0.000	0.000
52	  E	  0.3	  0.1	0.950	0.000	0.000
53	  S	  0.6	  0.1	0.950	0.000	0.000
54	  L	  0.9	  0.2	0.766	0.000	0.000
55	  K	  1.5	  0.1	0.766	0.000	0.000
56	  S	 12.0	  0.1	0.421	0.000	0.000
57	  V	 12.1	  0.1	0.000	0.000	0.000
58	  S	 11.8	  0.8	0.000	0.000	0.000
59	  E	  0.7	  0.8	0.000	0.000	0.000
60	  S	  0.5	  0.8	0.000	0.000	0.000
61	  L	  0.4	  0.8	0.000	0.000	0.000
62	  A	  0.4	  0.0	0.000	0.000	0.000
63	  P	  0.1	  0.0	0.000	0.000	0.000
64	  V	  0.6	  0.1	0.000	0.000	0.000
65	  R	  0.6	  0.3	0.000	0.000	0.000
66	  E	  0.6	  0.5	0.000	0.000	0.000
67	  G	  0.0	  0.5	0.000	0.000	0.000
68	  I	  0.0	  0.5	0.000	0.000	0.000
69	  G	  0.0	  0.5	0.000	0.000	0.000
70	  P	  0.0	  0.3	0.000	0.000	0.000
71	  Q	  1.8	  0.3	0.000	0.000	0.000
72	  I	  2.8	  0.3	0.000	0.000	0.000
73	  V	  5.0	  0.1	0.000	0.000	0.000
74	  D	  3.7	  0.1	0.000	0.000	0.000
75	  F	  3.4	  0.1	0.000	7.654	7.654
76	  I	  2.5	  0.0	0.000	7.654	7.654
77	  F	  6.2	  0.0	0.000	7.654	7.654
78	  S	  6.3	  0.0	0.121	7.654	7.654
79	  A	  5.1	  0.1	0.121	7.654	7.654
80	  R	  1.0	  0.1	0.121	0.000	0.000
81	  E	  0.1	  0.1	0.121	0.000	0.000
82	  E	  1.2	  0.1	0.121	0.000	0.000
83	  I	  1.8	  0.1	0.121	0.000	0.000
84	  S	  2.3	  1.3	1.640	0.000	0.000
85	  K	  1.1	  1.3	1.859	0.000	0.000
86	  D	  0.7	  1.3	19.955	0.000	0.000
87	  L	  0.3	  1.4	21.251	0.000	0.000
88	  E	  0.2	  0.1	22.279	0.000	0.000
89	  E	  0.2	  0.1	22.597	0.000	0.000
90	  L	  0.4	  0.1	22.469	0.000	0.000
91	  R	  0.5	  0.1	22.469	0.000	0.000
92	  R	  0.3	  0.1	21.378	0.000	0.000
93	  E	  0.5	  0.1	17.715	0.000	0.000
94	  L	  0.5	  0.1	11.955	0.000	0.000
95	  E	  0.5	  0.0	9.658	0.000	0.000
96	  P	  0.1	  0.0	0.596	0.000	0.000
97	  K	  0.6	  0.0	0.596	0.000	0.000
98	  Y	  1.0	  0.2	0.461	0.000	0.000
99	  A	  1.1	  0.2	0.461	0.000	0.000
100	  E	  0.8	  0.2	1.124	0.000	0.000
101	  L	  0.4	  0.2	0.975	0.000	0.000
102	  R	  0.6	  0.1	1.133	0.000	0.000
103	  E	  1.0	  0.0	1.133	0.000	0.000
104	  V	  4.1	  0.0	1.133	0.000	0.000
105	  V	  4.6	  0.0	1.133	0.000	0.000
106	  K	  3.9	  0.1	1.133	0.000	0.000
107	  K	  0.9	  0.1	0.814	0.000	0.000
108	  H	  0.9	  0.3	0.212	0.000	0.000
109	  L	  0.9	  0.3	0.000	0.000	0.000
110	  D	  0.8	  0.4	0.265	0.000	0.000
111	  E	  0.9	  0.4	0.265	0.000	0.000
112	  Y	  1.5	  0.4	0.265	0.000	0.000
113	  R	  1.8	  0.3	0.265	0.000	0.000
114	  T	  1.9	  0.1	0.265	0.000	0.000
115	  L	  1.5	  0.1	0.265	0.000	0.000
116	  L	  1.2	  0.0	0.265	0.000	0.000
117	  E	  0.3	  0.0	0.750	0.000	0.000
118	  P	  0.1	  0.0	0.485	0.000	0.000
119	  A	  0.2	  0.0	0.485	0.000	0.000
120	  L	  0.3	  0.1	0.485	0.000	0.000
121	  K	  0.5	  0.1	0.485	0.000	0.000
122	  E	  1.9	  0.1	0.485	0.000	0.000
123	  Y	  2.6	  0.2	0.244	0.000	0.000
124	  S	  2.4	  0.2	0.276	0.000	0.000
125	  E	  0.9	  0.3	0.276	0.000	0.000
126	  Q	  0.5	  0.3	0.276	0.000	0.000
127	  N	  0.6	  0.3	0.276	0.000	0.000
128	  Q	  1.1	  0.1	0.276	0.000	0.000
129	  K	  2.9	  0.0	0.276	0.000	0.000
130	  V	  6.6	  0.0	0.000	0.000	0.000
131	  V	  6.1	  0.0	0.000	0.000	0.000
132	  D	  4.2	  0.0	2.625	0.000	0.000
133	  E	  3.2	  0.0	3.109	0.000	0.000
134	  F	  4.1	  0.1	3.109	0.000	0.000
135	  K	  4.3	  0.0	3.109	0.000	0.000
136	  A	  1.6	  0.0	3.109	0.000	0.000
137	  K	  8.7	  0.0	3.109	0.000	0.000
138	  F	  9.1	  0.0	2.341	0.000	0.000
139	  E	  8.9	  0.0	1.238	0.000	0.000
140	  P	  0.7	  0.0	0.000	0.000	0.000
141	  V	  2.9	  0.0	0.000	0.000	0.000
142	  V	  4.5	  0.1	0.000	0.000	0.000
143	  K	  4.6	  0.1	0.000	0.000	0.000
144	  D	  1.8	  0.1	0.528	0.000	0.000
145	  L	  0.2	  0.2	0.528	0.000	0.000
146	  Q	  0.3	  0.1	0.528	0.000	0.000
147	  E	  0.2	  0.1	0.528	0.000	0.000
148	  K	  4.3	  0.1	0.528	0.000	0.000
149	  V	 19.0	  0.0	0.528	0.000	0.000
150	  K	 20.5	  0.0	0.528	0.000	0.000
151	  V	 19.5	  0.0	0.195	0.000	0.000
152	  N	  7.1	  0.0	0.195	0.000	0.000
153	  F	  5.6	  0.0	0.000	0.000	0.000
154	  E	  3.0	  0.1	0.000	0.000	0.000
155	  E	  1.2	  0.1	0.000	0.000	0.000
156	  T	  4.1	  0.2	0.000	0.000	0.000
157	  K	  4.6	  0.2	0.000	0.000	0.000
158	  S	  4.3	  0.2	0.000	0.000	0.000
159	  K	  4.2	  0.2	0.000	0.000	0.000
160	  L	  3.7	  0.1	0.000	0.000	0.000
161	  T	  3.5	  0.0	0.000	0.000	0.000
162	  P	  0.2	  0.0	0.000	0.000	0.000
163	  I	  2.9	  0.0	0.000	0.816	0.816
164	  V	 10.6	  0.0	0.000	0.816	0.816
165	  E	 10.8	  0.0	0.000	0.816	0.816
166	  I	 11.9	  0.0	0.113	0.816	0.816
167	  I	  4.4	  0.1	0.113	0.816	0.816
168	  R	  4.2	  0.1	0.113	0.816	0.816
169	  D	  0.2	  0.2	3.577	0.000	0.000
170	  K	  2.0	  0.2	3.577	0.000	0.000
171	  L	  2.5	  0.1	3.577	0.000	0.000
172	  T	  3.4	  0.1	3.917	0.000	0.000
173	  K	  2.0	  0.0	3.917	0.000	0.000
174	  I	  2.2	  0.0	3.917	0.000	0.000
175	  L	  1.4	  0.2	3.917	0.000	0.000
176	  E	  0.8	  0.2	3.917	0.000	0.000
177	  D	  0.2	  0.2	12.742	0.000	0.000
178	  L	  0.3	  0.3	11.943	0.000	0.000
179	  K	  1.1	  0.1	11.786	0.000	0.000
180	  T	  2.2	  0.2	10.059	0.000	0.000
181	  K	  2.3	  0.2	10.059	0.000	0.000
182	  Y	  1.6	  0.4	9.726	0.000	0.000
183	  G	  0.2	  0.6	3.311	0.000	0.000
184	  P	  0.0	  0.4	0.000	0.000	0.000
185	  H	  1.6	  0.4	0.000	0.000	0.000
186	  V	  2.3	  0.3	0.000	0.000	0.000
187	  Q	  2.7	  0.1	0.000	0.000	0.000
188	  E	  1.9	  0.1	0.000	0.000	0.000
189	  Y	  1.8	  0.1	0.000	0.000	0.000
190	  R	  1.4	  0.1	0.000	0.000	0.000
191	  E	  0.7	  0.1	0.000	0.000	0.000
192	  Q	  2.9	  0.1	0.000	0.000	0.000
193	  I	 11.1	  0.0	0.000	0.000	0.000
194	  E	 12.7	  0.0	0.000	0.000	0.000
195	  V	 13.2	  0.0	0.314	0.000	0.000
196	  A	  5.1	  0.0	0.947	0.000	0.000
197	  I	  3.8	  0.1	1.278	0.000	0.000
198	  E	  0.7	  0.1	1.483	0.000	0.000
199	  S	  2.5	  0.1	5.084	0.000	0.000
200	  L	  2.2	  0.1	5.084	0.000	0.000
201	  R	  2.3	  0.1	5.084	0.000	0.000
202	  K	  0.4	  0.1	5.084	0.000	0.000
203	  K	  3.6	  0.1	4.308	0.000	0.000
204	  Y	  4.8	  0.4	3.601	0.000	0.000
205	  E	  4.7	  0.5	2.449	0.000	0.000
206	  S	  1.4	  0.7	3.027	0.000	0.000
207	  G	  0.1	  0.7	5.494	0.000	0.000
208	  E	  0.4	  0.4	6.220	0.000	0.000
209	  L	  0.4	  0.3	6.448	0.000	0.000
210	  Q	  0.5	  0.1	7.660	0.000	0.000
211	  E	  0.2	  0.1	7.660	0.000	0.000
212	  K	  1.3	  0.1	7.660	0.000	0.000
213	  L	  1.4	  0.2	7.432	0.000	0.000
214	  K	  1.4	  0.2	7.432	0.000	0.000
215	  N	  0.3	  0.4	7.061	0.000	0.000
216	  L	  0.1	  0.8	2.966	0.000	0.000
217	  G	  0.0	  0.7	1.437	0.000	0.000
218	  D	  0.0	  0.7	0.699	0.000	0.000
219	  E	 13.4	  0.5	0.527	0.000	0.000
220	  I	 13.9	  0.0	0.527	0.000	0.000
221	  K	 13.8	  0.2	0.527	0.000	0.000
222	  P	  0.5	  0.2	0.000	0.000	0.000
223	  H	  0.6	  0.3	0.000	0.000	0.000
224	  L	  0.8	  0.7	0.000	0.000	0.000
225	  H	  1.0	  0.7	0.000	0.000	0.000
226	  G	  0.5	  0.7	0.000	1.504	1.504
227	  I	  2.0	  0.5	0.000	18.396	18.396
228	  Y	  7.5	  0.1	0.000	18.396	18.396
229	  T	  7.9	  0.0	1.533	18.396	18.396
230	  A	  6.6	  0.0	1.533	18.396	18.396
231	  I	  1.1	  0.0	1.533	18.396	18.396
232	  D	  0.6	  0.1	1.533	0.131	0.131
233	  K	  0.4	  0.1	1.533	0.131	0.131
234	  A	  0.5	  0.1	1.533	0.131	0.131
235	  F	  1.3	  0.0	0.942	0.131	0.131
236	  K	  1.2	  0.0	0.000	0.000	0.000
237	  E	  0.8	  0.0	0.000	0.000	0.000
