res	aa	Beta	Turn	Helix	Aggregation	Conc-Stab_Aggregation
01	  D	  0.0	  0.0	0.000	0.000	0.000
02	  E	  0.0	  0.0	0.000	0.000	0.000
03	  P	  0.0	  0.1	0.000	0.000	0.000
04	  Q	  0.1	  0.1	0.000	0.000	0.000
05	  S	  0.4	  0.1	0.000	0.000	0.000
06	  S	  6.1	  0.6	0.000	0.000	0.000
07	  W	  6.2	  0.5	0.000	0.000	0.000
08	  D	  6.0	  0.5	0.273	0.000	0.000
09	  R	  3.1	  0.5	0.273	0.000	0.000
10	  I	  3.1	  0.3	0.273	0.382	0.382
11	  K	  3.1	  0.3	0.273	0.473	0.473
12	  D	  0.4	  0.3	1.563	0.473	0.473
13	  F	  0.5	  0.5	1.563	44.170	44.170
14	  A	  1.2	  0.2	1.290	44.718	44.718
15	  T	  7.3	  0.2	1.290	44.718	44.718
16	  V	 10.6	  0.2	1.290	44.718	44.718
17	  Y	 10.8	  0.1	1.290	44.718	44.718
18	  L	  5.0	  0.1	0.744	37.577	37.577
19	  D	  1.3	  0.1	0.682	0.356	0.356
20	  A	  1.1	  0.1	0.549	0.356	0.356
21	  V	  2.5	  0.1	0.549	0.356	0.356
22	  K	  2.5	  0.3	0.549	0.356	0.356
23	  D	  1.7	  1.1	0.143	0.000	0.000
24	  S	  0.2	  1.5	0.143	0.000	0.000
25	  G	  0.1	  1.7	0.000	0.000	0.000
26	  R	  0.4	  1.5	0.000	0.000	0.000
27	  D	  0.7	  0.7	0.157	0.000	0.000
28	  Y	  1.5	  0.3	0.157	0.551	0.551
29	  V	  5.1	  0.0	0.157	0.551	0.551
30	  T	  7.3	  0.0	0.157	0.551	0.551
31	  Q	 13.3	  0.0	0.157	0.551	0.551
32	  F	 10.0	  0.1	0.157	0.551	0.551
33	  E	  7.6	  0.1	0.133	0.000	0.000
34	  T	  1.0	  0.1	0.483	0.000	0.000
35	  S	  0.7	  0.4	1.180	0.000	0.000
36	  A	  0.7	  0.4	1.180	0.000	0.000
37	  L	  0.2	  0.5	1.180	0.000	0.000
38	  G	  0.1	  0.5	1.180	0.000	0.000
39	  K	  0.2	  0.3	1.180	0.000	0.000
40	  Q	  1.1	  0.2	0.697	0.000	0.000
41	  L	  2.8	  0.1	0.452	0.000	0.000
42	  N	  3.0	  0.0	1.274	0.000	0.000
43	  L	  3.6	  0.0	1.118	0.000	0.000
44	  K	  2.2	  0.0	0.979	0.000	0.000
45	  L	  2.2	  0.0	0.821	0.000	0.000
46	  L	  0.8	  0.3	0.821	0.000	0.000
47	  D	  0.6	  0.3	0.821	0.000	0.000
48	  N	  0.8	  0.9	0.357	0.000	0.000
49	  W	  1.2	  1.0	0.000	0.000	0.000
50	  D	  1.2	  0.9	0.000	0.000	0.000
51	  S	  5.5	  1.1	0.000	0.000	0.000
52	  L	  5.2	  0.6	0.000	0.000	0.000
53	  S	  5.5	  0.5	0.000	0.000	0.000
54	  S	  1.1	  0.4	0.000	0.000	0.000
55	  T	 18.1	  0.1	0.000	0.000	0.000
56	  V	 18.6	  0.1	0.000	0.000	0.000
57	  S	 18.6	  0.0	0.200	0.000	0.000
58	  K	  3.0	  0.0	0.200	0.000	0.000
59	  V	  2.4	  0.0	0.200	0.000	0.000
60	  R	  2.1	  0.1	0.200	0.000	0.000
61	  E	  0.5	  0.1	0.200	0.000	0.000
62	  Q	  0.2	  0.1	0.200	0.000	0.000
63	  I	  0.1	  0.1	0.000	0.000	0.000
64	  G	  0.1	  0.0	0.000	0.000	0.000
65	  P	  0.0	  0.0	0.000	0.000	0.000
66	  V	  2.1	  0.1	0.000	0.000	0.000
67	  S	  2.9	  1.5	0.000	0.000	0.000
68	  Q	  3.4	  1.5	0.000	0.000	0.000
69	  D	  2.3	  1.5	0.000	0.000	0.000
70	  F	  2.7	  1.5	0.000	0.000	0.000
71	  W	  2.4	  0.2	0.000	0.000	0.000
72	  D	  1.5	  0.3	0.201	0.000	0.000
73	  K	  2.0	  0.3	0.201	0.000	0.000
74	  L	  1.9	  0.2	0.201	0.000	0.000
75	  E	  2.1	  0.2	0.201	0.000	0.000
76	  K	  0.6	  0.2	0.201	0.000	0.000
77	  D	  0.9	  0.2	0.455	0.000	0.000
78	  T	 19.0	  0.1	0.653	0.000	0.000
79	  V	 23.0	  0.0	0.653	0.000	0.000
80	  S	 24.3	  0.0	0.653	0.000	0.000
81	  L	  7.4	  0.0	0.653	0.000	0.000
82	  R	  2.4	  0.1	0.653	0.000	0.000
83	  Q	  0.6	  0.1	0.531	0.000	0.000
84	  E	  1.2	  0.1	0.297	0.000	0.000
85	  M	  1.2	  0.0	0.293	0.000	0.000
86	  N	  1.1	  0.8	2.269	0.000	0.000
87	  K	  0.2	  0.8	2.694	0.000	0.000
88	  D	  0.2	  0.8	16.646	0.000	0.000
89	  L	  0.2	  0.8	18.057	0.000	0.000
90	  E	  0.2	  0.0	19.690	0.000	0.000
91	  E	 11.4	  0.0	19.877	0.000	0.000
92	  V	 12.8	  0.0	19.755	0.000	0.000
93	  K	 13.1	  0.0	19.755	0.000	0.000
94	  R	  2.4	  0.0	18.681	0.000	0.000
95	  K	  3.2	  0.0	17.781	0.000	0.000
96	  V	  3.2	  0.0	6.577	0.000	0.000
97	  Q	  2.7	  0.0	6.206	0.000	0.000
98	  P	  0.3	  0.0	0.000	0.000	0.000
99	  Y	  0.7	  0.1	0.112	0.000	0.000
100	  L	  0.7	  0.1	0.260	0.000	0.000
101	  D	  0.8	  0.1	22.212	0.000	0.000
102	  E	  1.2	  0.1	23.250	0.000	0.000
103	  F	  2.8	  0.1	23.250	0.000	0.000
104	  Q	  2.9	  0.0	23.250	0.000	0.000
105	  K	  1.9	  0.0	23.250	0.000	0.000
106	  R	  1.0	  0.0	23.250	0.000	0.000
107	  W	  1.3	  0.0	23.029	0.000	0.000
108	  Q	  1.2	  0.2	22.310	0.000	0.000
109	  E	  0.5	  0.2	19.901	0.000	0.000
110	  D	  1.9	  0.2	22.180	0.000	0.000
111	  V	  3.1	  0.2	21.644	0.000	0.000
112	  E	  3.3	  0.1	21.742	0.000	0.000
113	  R	  2.4	  0.1	21.383	0.000	0.000
114	  Y	  2.9	  0.1	20.745	0.000	0.000
115	  R	  3.0	  0.1	13.343	0.000	0.000
116	  Q	  2.3	  0.1	10.992	0.000	0.000
117	  Q	  4.5	  0.1	5.287	0.000	0.000
118	  V	  4.8	  0.0	0.842	0.000	0.000
119	  E	  4.6	  0.0	0.745	0.000	0.000
120	  P	  0.7	  0.0	0.000	0.000	0.000
121	  L	  0.3	  0.0	0.000	0.000	0.000
122	  S	  0.9	  0.1	1.487	0.000	0.000
123	  K	  1.0	  0.2	1.487	0.000	0.000
124	  E	  0.9	  0.2	1.487	0.000	0.000
125	  L	  0.4	  0.2	1.487	0.000	0.000
126	  R	  0.3	  0.5	2.171	0.000	0.000
127	  E	  0.1	  0.7	2.171	0.000	0.000
128	  G	  0.0	  0.7	3.739	0.000	0.000
129	  A	  0.2	  0.6	3.210	0.000	0.000
130	  R	  0.5	  0.3	2.966	0.000	0.000
131	  Q	  0.9	  0.1	2.761	0.000	0.000
132	  K	  1.0	  0.1	2.761	0.000	0.000
133	  L	  0.7	  0.1	2.374	0.000	0.000
134	  L	  1.2	  0.1	2.100	0.000	0.000
135	  E	  2.2	  0.0	1.903	0.000	0.000
136	  L	  2.2	  0.0	1.524	0.000	0.000
137	  H	  1.8	  0.2	0.912	0.000	0.000
138	  E	  0.5	  0.2	0.198	0.000	0.000
139	  K	  1.4	  0.2	0.000	0.000	0.000
140	  L	  1.2	  0.1	0.000	0.000	0.000
141	  S	  1.1	  0.6	0.000	0.000	0.000
142	  P	  0.1	  0.8	0.000	0.000	0.000
143	  L	  0.0	  0.8	0.000	0.000	0.000
144	  G	  0.0	  0.9	3.605	0.000	0.000
145	  Q	  0.1	  0.3	3.605	0.000	0.000
146	  E	  0.4	  0.1	3.605	0.000	0.000
147	  M	  0.7	  0.2	3.605	0.000	0.000
148	  R	  0.6	  0.2	3.605	0.000	0.000
149	  D	  0.3	  0.3	3.605	0.000	0.000
150	  R	  0.2	  0.3	3.277	0.000	0.000
151	  A	  0.2	  0.1	2.613	0.000	0.000
152	  R	  0.6	  0.1	1.823	0.000	0.000
153	  T	  2.4	  0.1	0.270	0.000	0.000
154	  H	  3.9	  0.1	0.270	0.000	0.000
155	  V	  4.2	  0.0	0.000	0.000	0.000
156	  D	  2.2	  0.2	0.228	0.000	0.000
157	  A	  1.0	  0.2	0.228	0.000	0.000
158	  L	  0.5	  0.2	0.228	0.000	0.000
159	  R	  0.9	  0.2	0.228	0.000	0.000
160	  T	  1.7	  0.1	0.228	0.000	0.000
161	  H	  2.3	  0.1	0.228	0.000	0.000
162	  L	  1.9	  0.0	0.000	0.000	0.000
163	  A	  0.8	  0.1	0.000	0.000	0.000
164	  P	  0.0	  0.1	0.000	0.000	0.000
165	  Y	  0.1	  0.2	0.518	0.000	0.000
166	  S	  0.1	  0.2	31.453	0.000	0.000
167	  D	  0.1	  0.2	51.701	0.000	0.000
168	  E	  0.1	  0.2	56.254	0.000	0.000
169	  L	  0.3	  0.1	56.325	0.000	0.000
170	  R	  0.5	  0.1	56.325	0.000	0.000
171	  Q	  0.5	  0.0	56.325	0.000	0.000
172	  R	  0.4	  0.0	55.582	0.000	0.000
173	  L	  0.3	  0.0	54.567	0.000	0.000
174	  A	  0.2	  0.0	53.252	0.000	0.000
175	  A	  0.2	  0.0	50.414	0.000	0.000
176	  R	  0.4	  0.0	44.457	0.000	0.000
177	  L	  0.4	  0.0	36.501	0.000	0.000
178	  E	  0.3	  0.0	33.986	0.000	0.000
179	  A	  0.3	  0.0	29.888	0.000	0.000
180	  L	  0.2	  0.1	26.995	0.000	0.000
181	  K	  0.2	  0.3	22.695	0.000	0.000
182	  E	  0.1	  0.8	10.610	0.000	0.000
183	  G	  0.0	  1.0	4.948	0.000	0.000
184	  S	  0.3	  0.9	1.967	0.000	0.000
185	  S	  0.9	  0.6	1.636	0.000	0.000
186	  F	  1.3	  0.1	1.425	0.000	0.000
187	  A	  1.1	  0.0	1.562	0.000	0.000
188	  E	  2.1	  0.0	1.562	0.000	0.000
189	  Y	  4.4	  0.0	1.562	0.000	0.000
190	  Q	  4.5	  0.0	1.562	0.000	0.000
191	  A	  3.0	  0.0	1.297	0.000	0.000
192	  K	  0.9	  0.0	1.153	0.000	0.000
193	  A	  0.7	  0.0	0.338	0.000	0.000
194	  T	  0.8	  0.1	0.129	0.000	0.000
195	  E	  0.3	  0.1	0.129	0.000	0.000
196	  H	  1.1	  0.1	0.129	0.000	0.000
197	  L	  1.7	  0.1	0.000	0.000	0.000
198	  S	  1.8	  0.3	0.000	0.000	0.000
199	  A	  1.0	  0.3	0.000	0.000	0.000
200	  L	  0.2	  0.4	0.000	0.000	0.000
201	  G	  0.1	  0.4	0.000	0.000	0.000
202	  E	  0.1	  0.2	0.000	0.000	0.000
203	  K	  0.8	  0.2	0.000	0.000	0.000
204	  A	  0.8	  0.1	0.000	0.000	0.000
205	  K	  0.7	  0.0	0.000	0.000	0.000
206	  P	  0.0	  0.0	0.000	0.000	0.000
207	  A	  0.1	  0.0	0.000	0.000	0.000
208	  L	  0.2	  0.3	0.000	0.000	0.000
209	  E	  0.2	  0.3	0.000	0.000	0.000
210	  D	  0.5	  0.3	0.000	0.000	0.000
211	  L	  0.8	  0.4	0.000	0.000	0.000
212	  R	  0.8	  0.3	0.000	0.000	0.000
213	  Q	  0.4	  0.3	0.000	0.000	0.000
214	  G	  0.1	  0.3	0.000	0.000	0.000
215	  L	  0.1	  0.1	0.000	0.000	0.000
216	  L	  0.1	  0.0	0.000	0.000	0.000
217	  P	  0.1	  0.0	0.000	0.000	0.000
218	  V	  1.6	  0.0	0.000	0.000	0.000
219	  L	  1.8	  0.1	0.000	0.000	0.000
220	  E	  1.8	  0.1	0.166	0.000	0.000
221	  S	  0.8	  0.1	0.344	0.000	0.000
222	  L	  2.1	  0.2	0.344	0.000	0.000
223	  K	  2.6	  0.1	0.344	0.000	0.000
224	  L	  4.4	  0.0	0.344	1.791	1.791
225	  S	  4.0	  0.0	0.344	2.082	2.082
226	  F	  5.2	  0.0	0.178	2.492	2.492
227	  W	  4.8	  0.0	0.000	2.492	2.492
228	  S	  4.0	  0.0	0.000	2.492	2.492
229	  A	  2.5	  0.0	0.000	2.492	2.492
230	  V	  0.7	  0.1	0.000	2.178	2.178
231	  D	  0.4	  0.1	20.402	0.000	0.000
232	  E	  0.4	  0.1	20.402	0.000	0.000
233	  A	  0.5	  0.1	20.402	0.000	0.000
234	  T	  1.4	  0.1	20.402	0.000	0.000
235	  K	  1.2	  0.1	20.402	0.000	0.000
236	  K	  1.7	  0.1	20.402	0.000	0.000
237	  L	  1.1	  0.1	9.266	0.000	0.000
238	  N	  1.3	  0.0	5.549	0.000	0.000
239	  T	  0.6	  0.0	0.774	0.000	0.000
240	  Q	  0.3	  0.0	0.398	0.000	0.000
