res	aa	Beta	Turn	Helix	Aggregation	Conc-Stab_Aggregation
01	  D	  0.0	  0.0	0.000	0.000	0.000
02	  D	  0.0	  0.6	0.000	0.000	0.000
03	  P	  0.0	  0.6	0.000	0.000	0.000
04	  Q	  0.0	  0.6	0.000	0.000	0.000
05	  S	  0.0	  0.9	0.173	0.000	0.000
06	  P	  0.0	  0.3	0.173	0.000	0.000
07	  W	  0.2	  0.3	0.173	0.000	0.000
08	  D	  0.3	  0.3	0.382	0.000	0.000
09	  R	  2.0	  0.1	0.382	0.000	0.000
10	  V	  3.4	  0.4	0.382	0.706	0.706
11	  K	  3.4	  0.3	0.382	0.845	0.845
12	  D	  1.8	  0.3	0.866	0.845	0.845
13	  F	  0.5	  0.5	0.866	61.446	61.446
14	  A	  1.1	  0.2	0.657	62.281	62.281
15	  T	  7.2	  0.2	0.657	62.281	62.281
16	  V	 12.9	  0.2	0.657	62.281	62.281
17	  Y	 13.6	  0.0	0.657	62.281	62.281
18	  V	  8.3	  0.1	0.126	57.344	57.344
19	  D	  2.1	  0.1	0.265	0.544	0.544
20	  A	  1.4	  0.1	0.265	0.544	0.544
21	  V	  2.4	  0.1	0.265	0.544	0.544
22	  K	  2.4	  0.3	0.265	0.544	0.544
23	  D	  1.7	  1.1	0.139	0.000	0.000
24	  S	  0.2	  1.5	0.139	0.000	0.000
25	  G	  0.1	  1.7	0.000	0.000	0.000
26	  R	  0.4	  1.5	0.000	0.000	0.000
27	  D	  0.7	  0.7	0.000	0.000	0.000
28	  Y	  2.4	  0.3	0.000	0.000	0.000
29	  V	  4.0	  0.1	0.000	0.000	0.000
30	  S	  4.1	  0.1	0.000	0.000	0.000
31	  Q	  9.6	  0.1	0.000	0.000	0.000
32	  F	  9.0	  0.2	0.000	0.000	0.000
33	  E	  8.6	  0.2	0.000	0.000	0.000
34	  S	  1.6	  0.2	0.421	0.000	0.000
35	  S	  0.3	  0.5	0.802	0.000	0.000
36	  A	  0.3	  0.5	0.802	0.000	0.000
37	  L	  0.2	  0.5	0.802	0.000	0.000
38	  G	  0.1	  0.5	0.802	0.000	0.000
39	  K	  0.2	  0.3	0.802	0.000	0.000
40	  Q	  1.1	  0.2	0.381	0.000	0.000
41	  L	  2.8	  0.1	0.135	0.000	0.000
42	  N	  2.8	  0.0	0.308	0.000	0.000
43	  L	  3.1	  0.0	0.173	0.000	0.000
44	  H	  2.0	  0.0	0.173	0.000	0.000
45	  L	  2.3	  0.0	0.173	0.000	0.000
46	  L	  1.2	  0.3	0.173	0.000	0.000
47	  D	  0.6	  0.3	0.173	0.000	0.000
48	  N	  0.8	  0.8	0.172	0.000	0.000
49	  W	  1.1	  0.9	0.172	0.000	0.000
50	  D	  1.0	  0.6	0.172	0.000	0.000
51	  T	  6.3	  0.6	0.172	0.000	0.000
52	  L	  6.0	  0.3	0.172	0.000	0.000
53	  S	  6.0	  0.2	0.172	0.000	0.000
54	  N	  1.2	  0.2	0.000	0.000	0.000
55	  T	  1.7	  0.3	0.338	0.000	0.000
56	  V	  1.7	  0.4	0.338	0.000	0.000
57	  G	  0.7	  0.4	0.835	0.000	0.000
58	  R	  0.8	  0.4	0.835	0.000	0.000
59	  L	  0.7	  0.3	0.835	0.000	0.000
60	  R	  0.8	  0.1	0.835	0.000	0.000
61	  E	  0.1	  0.2	0.835	0.000	0.000
62	  Q	  0.1	  0.2	0.835	0.000	0.000
63	  L	  0.1	  0.1	0.386	0.000	0.000
64	  G	  0.1	  0.1	0.386	0.000	0.000
65	  P	  0.0	  0.0	0.000	0.000	0.000
66	  V	  5.1	  0.0	0.000	0.000	0.000
67	  T	  6.2	  0.0	0.000	0.000	0.000
68	  H	  6.8	  0.0	0.000	0.000	0.000
69	  E	  2.3	  0.0	0.000	0.000	0.000
70	  F	  2.3	  0.0	0.000	0.636	0.636
71	  W	  1.9	  0.6	0.000	0.636	0.636
72	  A	  1.5	  0.6	0.000	0.636	0.636
73	  N	  0.8	  0.6	0.000	0.636	0.636
74	  L	  0.7	  0.7	0.000	0.636	0.636
75	  E	  0.9	  0.2	0.000	0.000	0.000
76	  K	  0.7	  0.2	0.000	0.000	0.000
77	  D	  0.7	  0.2	1.068	0.000	0.000
78	  T	  0.7	  0.1	4.937	0.000	0.000
79	  E	  0.4	  0.0	4.937	0.000	0.000
80	  W	  1.0	  0.0	4.937	0.000	0.000
81	  L	  1.1	  0.0	4.937	0.000	0.000
82	  R	  1.3	  0.1	4.937	0.000	0.000
83	  Q	  0.7	  0.1	4.789	0.000	0.000
84	  E	  1.4	  0.1	2.306	0.000	0.000
85	  M	  1.3	  0.0	1.362	0.000	0.000
86	  N	  1.3	  0.9	1.199	0.000	0.000
87	  K	  0.2	  0.9	0.717	0.000	0.000
88	  D	  0.3	  0.9	3.064	0.000	0.000
89	  L	  0.2	  0.9	3.275	0.000	0.000
90	  E	  0.2	  0.0	3.601	0.000	0.000
91	  E	 11.4	  0.0	3.694	0.000	0.000
92	  V	 23.3	  0.0	3.574	0.000	0.000
93	  K	 26.4	  0.0	3.574	0.000	0.000
94	  V	 28.2	  0.0	2.759	0.000	0.000
95	  K	 17.9	  0.0	2.759	0.000	0.000
96	  V	 14.3	  0.0	1.408	0.000	0.000
97	  Q	  3.1	  0.0	1.408	0.000	0.000
98	  P	  0.3	  0.0	0.000	0.000	0.000
99	  Y	  0.7	  0.1	0.000	0.000	0.000
100	  L	  0.8	  0.3	0.000	0.000	0.000
101	  D	  0.8	  0.3	8.566	0.000	0.000
102	  D	  0.6	  0.3	30.030	0.000	0.000
103	  F	  2.0	  0.3	30.030	0.000	0.000
104	  Q	  2.0	  0.0	30.030	0.000	0.000
105	  K	  1.6	  0.0	30.030	0.000	0.000
106	  K	  0.7	  0.0	30.141	0.000	0.000
107	  W	  1.0	  0.0	29.940	0.000	0.000
108	  Q	  1.0	  0.1	29.146	0.000	0.000
109	  E	  0.6	  0.1	26.197	0.000	0.000
110	  E	  1.7	  0.1	24.545	0.000	0.000
111	  V	  2.9	  0.1	23.065	0.000	0.000
112	  E	  3.1	  0.1	22.964	0.000	0.000
113	  R	  2.4	  0.1	22.190	0.000	0.000
114	  Y	  1.6	  0.1	20.808	0.000	0.000
115	  R	  1.5	  0.1	7.150	0.000	0.000
116	  E	  0.6	  0.1	5.031	0.000	0.000
117	  K	  0.5	  0.1	3.408	0.000	0.000
118	  V	  0.5	  0.1	1.250	0.000	0.000
119	  G	  0.4	  0.6	1.250	0.000	0.000
120	  P	  0.0	  0.6	0.000	0.000	0.000
121	  L	  0.0	  0.7	0.000	0.000	0.000
122	  G	  0.0	  0.6	1.017	0.000	0.000
123	  A	  0.1	  0.1	1.017	0.000	0.000
124	  E	  0.4	  0.1	1.017	0.000	0.000
125	  L	  0.4	  0.2	1.017	0.000	0.000
126	  R	  0.3	  0.5	1.413	0.000	0.000
127	  E	  0.1	  0.7	1.413	0.000	0.000
128	  G	  0.0	  0.7	2.587	0.000	0.000
129	  A	  0.2	  0.6	2.271	0.000	0.000
130	  R	  0.5	  0.3	2.124	0.000	0.000
131	  Q	  0.9	  0.1	1.978	0.000	0.000
132	  K	  1.3	  0.1	1.978	0.000	0.000
133	  L	  1.0	  0.1	1.583	0.000	0.000
134	  Q	  0.8	  0.1	1.304	0.000	0.000
135	  E	  1.5	  0.1	0.932	0.000	0.000
136	  L	  1.5	  0.1	0.657	0.000	0.000
137	  H	  1.7	  0.2	0.439	0.000	0.000
138	  E	  0.4	  0.2	0.168	0.000	0.000
139	  K	  3.9	  0.2	0.168	0.000	0.000
140	  L	  3.8	  0.1	0.000	0.000	0.000
141	  T	  3.7	  0.4	0.000	0.000	0.000
142	  P	  0.2	  0.4	0.000	0.000	0.000
143	  L	  0.0	  0.5	0.000	0.000	0.000
144	  G	  0.0	  0.9	0.938	0.000	0.000
145	  E	  0.0	  0.5	0.938	0.000	0.000
146	  D	  0.4	  0.5	2.760	0.000	0.000
147	  L	  0.6	  0.6	2.760	0.000	0.000
148	  R	  0.7	  0.2	2.760	0.000	0.000
149	  D	  0.2	  0.2	2.896	0.000	0.000
150	  R	  0.2	  0.2	2.664	0.000	0.000
151	  A	  0.5	  0.1	2.664	0.000	0.000
152	  R	  2.4	  0.1	1.936	0.000	0.000
153	  V	 11.6	  0.0	0.621	0.000	0.000
154	  H	 12.7	  0.0	0.621	0.000	0.000
155	  V	 11.5	  0.0	0.000	0.000	0.000
156	  D	  2.2	  0.1	0.505	0.000	0.000
157	  A	  0.9	  0.1	0.505	0.000	0.000
158	  L	  0.5	  0.2	0.505	0.000	0.000
159	  R	  0.8	  0.2	0.505	0.000	0.000
160	  T	  1.6	  0.1	0.505	0.000	0.000
161	  Q	  1.7	  0.1	0.505	0.000	0.000
162	  L	  1.5	  0.1	0.150	0.000	0.000
163	  A	  0.4	  0.2	0.150	0.000	0.000
164	  P	  0.0	  0.1	0.000	0.000	0.000
165	  Y	  0.3	  0.3	0.000	0.000	0.000
166	  S	  0.3	  0.4	3.668	0.000	0.000
167	  D	  0.3	  0.3	7.136	0.000	0.000
168	  Q	  1.0	  0.3	7.272	0.000	0.000
169	  M	  1.1	  0.1	7.272	0.000	0.000
170	  R	  1.1	  0.1	7.272	0.000	0.000
171	  E	  0.2	  0.1	7.272	0.000	0.000
172	  R	  0.3	  0.1	6.947	0.000	0.000
173	  L	  0.3	  0.1	5.709	0.000	0.000
174	  A	  0.4	  0.0	5.178	0.000	0.000
175	  T	  0.8	  0.0	4.453	0.000	0.000
176	  R	  0.8	  0.0	4.453	0.000	0.000
177	  L	  0.7	  0.0	3.754	0.000	0.000
178	  A	  0.5	  0.0	3.318	0.000	0.000
179	  A	  0.8	  0.0	2.973	0.000	0.000
180	  I	  1.0	  0.1	2.282	0.000	0.000
181	  R	  0.9	  0.1	2.282	0.000	0.000
182	  D	  0.3	  0.1	0.743	0.000	0.000
183	  S	  0.2	  2.5	0.312	0.000	0.000
184	  P	  0.1	  2.5	0.000	0.000	0.000
185	  S	  0.2	  2.5	0.000	1.181	1.181
186	  L	  0.6	  2.5	0.000	1.181	1.181
187	  A	  1.2	  0.0	0.000	1.181	1.181
188	  V	  4.5	  0.0	0.000	1.181	1.181
189	  Y	  5.9	  0.0	0.000	1.181	1.181
190	  H	  5.6	  0.2	0.000	0.000	0.000
191	  A	  2.3	  0.2	0.000	0.000	0.000
192	  K	  0.5	  0.2	0.000	0.000	0.000
193	  A	  0.3	  0.2	0.000	0.000	0.000
194	  S	  0.3	  0.2	0.000	0.000	0.000
195	  E	  0.2	  0.2	0.000	0.000	0.000
196	  H	  0.8	  0.2	0.000	0.000	0.000
197	  L	  0.9	  0.2	0.000	0.000	0.000
198	  K	  1.1	  0.1	0.000	0.000	0.000
199	  T	  6.5	  0.1	0.328	0.000	0.000
200	  L	  6.3	  0.1	0.328	0.000	0.000
201	  S	  6.1	  0.2	0.328	0.000	0.000
202	  E	  0.2	  0.2	0.328	0.000	0.000
203	  K	  0.8	  0.2	0.328	0.000	0.000
204	  A	  0.8	  0.1	0.328	0.000	0.000
205	  K	  0.7	  0.0	0.328	0.000	0.000
206	  P	  0.0	  0.0	0.000	0.000	0.000
207	  A	  0.1	  0.0	0.000	0.000	0.000
208	  L	  0.2	  0.3	0.000	0.000	0.000
209	  E	  0.2	  0.3	0.000	0.000	0.000
210	  D	  0.5	  0.3	0.000	0.000	0.000
211	  L	  0.8	  0.4	0.000	0.000	0.000
212	  R	  0.8	  0.3	0.000	0.000	0.000
213	  Q	  0.4	  0.3	0.000	0.000	0.000
214	  G	  0.1	  0.3	0.000	0.000	0.000
215	  L	  0.1	  0.2	0.000	0.000	0.000
216	  M	  0.2	  0.0	0.000	0.000	0.000
217	  P	  0.1	  0.0	0.000	0.000	0.000
218	  V	  1.7	  0.0	0.000	0.000	0.000
219	  L	  1.7	  0.2	0.000	0.000	0.000
220	  E	  1.8	  0.2	0.000	0.000	0.000
221	  N	  0.4	  0.2	0.432	0.000	0.000
222	  L	  0.5	  0.3	0.432	0.000	0.000
223	  K	  1.5	  0.1	0.432	0.000	0.000
224	  T	  3.6	  0.1	0.432	7.800	7.800
225	  T	  7.6	  0.1	0.432	20.645	20.645
226	  V	  7.8	  0.0	0.432	23.700	23.700
227	  L	  5.5	  0.0	0.432	23.700	23.700
228	  A	  1.6	  0.0	0.260	23.700	23.700
229	  A	  0.6	  0.0	0.260	23.394	23.394
230	  I	  0.6	  0.0	0.000	19.499	19.499
231	  D	  0.4	  0.1	5.978	0.000	0.000
232	  E	  0.3	  0.1	5.978	0.000	0.000
233	  A	  0.4	  0.2	5.978	0.000	0.000
234	  S	  0.6	  0.2	6.119	0.000	0.000
235	  K	  0.4	  0.2	6.119	0.000	0.000
236	  K	  1.1	  0.2	6.119	0.000	0.000
237	  L	  1.3	  0.1	3.678	0.000	0.000
238	  N	  1.3	  0.0	2.312	0.000	0.000
239	  A	  0.4	  0.0	1.416	0.000	0.000
240	  Q	  0.1	  0.0	0.326	0.000	0.000
