res	aa	Beta	Turn	Helix	Aggregation	Conc-Stab_Aggregation
01	  A	  0.0	  0.4	0.000	0.000	0.000
02	  P	  0.0	  0.4	0.000	0.000	0.000
03	  S	  0.2	  0.5	0.000	0.000	0.000
04	  Q	  1.0	  0.5	0.000	0.000	0.000
05	  L	  1.2	  0.2	0.000	0.000	0.000
06	  D	  1.3	  0.1	0.000	0.000	0.000
07	  Q	  1.8	  0.0	0.000	0.000	0.000
08	  I	  3.2	  0.1	0.000	0.000	0.000
09	  R	  3.1	  0.1	0.000	0.000	0.000
10	  S	  2.1	  0.1	0.503	0.000	0.000
11	  A	  0.8	  0.1	0.503	0.000	0.000
12	  V	  9.7	  0.0	0.503	0.000	0.000
13	  D	 11.8	  0.0	0.503	0.000	0.000
14	  V	 15.0	  0.0	0.503	0.787	0.787
15	  Y	  6.9	  0.0	0.503	0.787	0.787
16	  L	  4.3	  0.0	0.139	0.787	0.787
17	  T	  1.3	  0.0	0.278	0.787	0.787
18	  Q	  1.0	  0.0	0.278	0.787	0.787
19	  A	  0.7	  0.1	0.140	0.204	0.204
20	  R	  0.2	  0.2	0.140	0.000	0.000
21	  E	  0.1	  0.2	0.140	0.000	0.000
22	  S	  0.4	  0.2	1.033	0.000	0.000
23	  A	  1.0	  0.1	0.893	0.000	0.000
24	  I	  2.6	  0.0	0.893	0.000	0.000
25	  K	  2.4	  0.0	0.893	0.000	0.000
26	  A	  2.0	  0.0	0.893	0.000	0.000
27	  L	  0.5	  0.0	0.893	0.000	0.000
28	  D	  0.4	  0.1	0.384	0.000	0.000
29	  Q	  1.0	  0.4	0.192	0.000	0.000
30	  L	  0.9	  0.6	0.000	0.000	0.000
31	  D	  0.9	  0.7	0.000	0.000	0.000
32	  G	  0.1	  0.7	0.000	0.000	0.000
33	  T	  0.0	  0.7	0.000	0.000	0.000
34	  E	  0.0	  0.5	0.000	0.000	0.000
35	  G	  0.0	  0.4	0.000	0.000	0.000
36	  T	  4.4	  0.3	0.478	0.000	0.000
37	  V	  6.0	  0.1	0.478	0.000	0.000
38	  A	  6.1	  0.0	0.478	0.000	0.000
39	  Q	  2.1	  0.1	0.478	0.000	0.000
40	  R	  3.1	  0.1	0.478	0.000	0.000
41	  L	  3.1	  0.1	0.478	0.000	0.000
42	  N	  2.8	  0.1	0.478	0.000	0.000
43	  D	  0.2	  0.1	1.205	0.000	0.000
44	  M	  0.4	  0.1	0.873	0.000	0.000
45	  H	  1.5	  0.0	0.873	0.000	0.000
46	  T	  2.5	  0.1	0.873	0.000	0.000
47	  Q	  3.2	  0.1	0.873	0.000	0.000
48	  L	  2.3	  0.1	0.873	0.000	0.000
49	  K	  1.4	  0.1	0.654	0.000	0.000
50	  Q	  1.5	  0.1	0.363	0.000	0.000
51	  L	  1.6	  0.1	0.158	0.000	0.000
52	  Q	  1.8	  0.1	0.158	0.000	0.000
53	  S	  0.8	  0.1	0.000	0.000	0.000
54	  Q	  1.5	  0.1	0.000	0.000	0.000
55	  V	  1.6	  0.0	0.000	0.000	0.000
56	  S	  1.5	  0.0	0.149	0.000	0.000
57	  P	  0.4	  0.0	0.149	0.000	0.000
58	  M	  0.4	  0.1	0.149	0.000	0.000
59	  T	  1.0	  0.1	0.149	0.000	0.000
60	  D	  1.2	  0.1	0.149	0.000	0.000
61	  S	  1.8	  0.1	0.149	0.000	0.000
62	  V	  5.8	  0.1	0.000	0.189	0.189
63	  V	  7.0	  0.0	0.000	0.189	0.189
64	  S	  6.2	  0.0	0.000	0.189	0.189
65	  S	  7.4	  0.2	0.000	0.189	0.189
66	  I	  6.0	  0.3	0.000	0.189	0.189
67	  S	  5.9	  0.3	2.134	0.000	0.000
68	  D	  0.1	  0.6	2.581	0.000	0.000
69	  A	  0.2	  0.4	2.581	0.000	0.000
70	  T	  0.6	  0.3	3.086	0.000	0.000
71	  A	  0.8	  0.3	3.086	0.000	0.000
72	  E	  2.5	  0.0	3.086	0.000	0.000
73	  V	  3.4	  0.0	2.091	0.000	0.000
74	  R	  3.3	  0.0	2.091	0.000	0.000
75	  A	  2.0	  0.0	1.337	0.193	0.193
76	  S	  1.3	  0.0	1.177	0.193	0.193
77	  I	  4.3	  0.0	0.000	0.193	0.193
78	  V	  4.1	  0.1	0.000	0.193	0.193
79	  S	  3.5	  0.1	2.566	0.193	0.193
80	  D	  2.1	  0.1	3.482	0.000	0.000
81	  I	  2.8	  0.1	3.482	0.000	0.000
82	  E	  2.8	  0.0	3.482	0.000	0.000
83	  A	  1.3	  0.0	3.482	0.000	0.000
84	  L	  0.4	  0.1	3.482	0.000	0.000
85	  K	  0.8	  0.1	2.637	0.000	0.000
86	  T	  0.7	  0.1	0.667	0.000	0.000
87	  E	  0.9	  0.1	0.667	0.000	0.000
88	  L	  0.6	  0.1	0.298	0.000	0.000
89	  E	  0.5	  0.0	3.276	0.000	0.000
90	  P	  0.1	  0.0	3.765	0.000	0.000
91	  M	  0.6	  0.0	3.765	0.000	0.000
92	  R	  0.7	  0.0	3.765	0.000	0.000
93	  A	  1.0	  0.1	3.765	0.000	0.000
94	  K	  1.2	  0.1	3.765	0.000	0.000
95	  L	  1.1	  0.1	2.542	0.000	0.000
96	  R	  1.1	  0.1	2.098	0.000	0.000
97	  E	  1.0	  0.0	1.515	0.000	0.000
98	  V	  6.0	  0.0	1.020	0.000	0.000
99	  V	  6.1	  0.0	1.020	0.000	0.000
100	  N	  5.5	  0.1	1.020	0.000	0.000
101	  K	  0.5	  0.1	0.602	0.000	0.000
102	  H	  0.7	  0.1	0.133	0.000	0.000
103	  L	  0.7	  0.2	0.000	0.000	0.000
104	  E	  0.6	  0.1	0.000	0.000	0.000
105	  E	  0.9	  0.1	0.000	0.000	0.000
106	  Y	  1.5	  0.2	0.000	0.000	0.000
107	  R	  1.8	  0.1	0.000	0.000	0.000
108	  T	  2.2	  0.1	0.000	0.000	0.000
109	  H	  3.1	  0.1	0.000	0.000	0.000
110	  M	  2.9	  0.0	0.000	0.000	0.000
111	  E	  1.8	  0.0	0.000	0.000	0.000
112	  P	  0.1	  0.0	0.000	0.000	0.000
113	  V	  1.3	  0.0	0.000	0.000	0.000
114	  L	  1.3	  0.1	0.000	0.000	0.000
115	  K	  1.5	  0.1	0.785	0.000	0.000
116	  E	  1.8	  0.1	1.212	0.000	0.000
117	  Y	  4.5	  0.1	1.212	0.000	0.000
118	  Q	  4.5	  0.0	1.212	0.000	0.000
119	  A	  3.1	  0.1	1.212	0.000	0.000
120	  K	  0.5	  0.1	1.212	0.000	0.000
121	  H	  0.3	  0.1	1.023	0.000	0.000
122	  N	  0.2	  0.2	2.369	0.000	0.000
123	  E	  0.1	  0.1	2.269	0.000	0.000
124	  E	  0.2	  0.1	2.989	0.000	0.000
125	  M	  0.5	  0.1	3.169	0.000	0.000
126	  E	  0.5	  0.0	3.169	0.000	0.000
127	  A	  0.5	  0.0	3.169	0.000	0.000
128	  L	  0.4	  0.1	3.169	0.000	0.000
129	  K	  1.2	  0.1	2.798	0.000	0.000
130	  T	  2.0	  0.1	1.224	0.000	0.000
131	  K	  6.4	  0.1	1.224	0.000	0.000
132	  M	  5.8	  0.0	0.385	0.000	0.000
133	  E	  4.7	  0.0	0.550	0.000	0.000
134	  P	  0.1	  0.0	0.735	0.000	0.000
135	  I	  1.1	  0.0	1.575	0.000	0.000
136	  M	  1.1	  0.0	2.153	0.000	0.000
137	  A	  1.2	  0.0	2.153	0.000	0.000
138	  E	  0.4	  0.0	2.324	0.000	0.000
139	  L	  0.7	  0.1	2.324	0.000	0.000
140	  R	  0.9	  0.1	2.324	0.000	0.000
141	  Q	  0.9	  0.1	1.982	0.000	0.000
142	  K	  2.0	  0.1	0.894	0.000	0.000
143	  I	  2.9	  0.0	0.308	0.000	0.000
144	  A	  2.8	  0.1	0.308	0.000	0.000
145	  T	  2.1	  0.1	0.308	0.000	0.000
146	  N	  5.4	  0.1	0.308	0.000	0.000
147	  V	  6.0	  0.1	0.000	0.000	0.000
148	  E	  5.2	  0.1	0.000	0.000	0.000
149	  E	  1.2	  0.1	0.000	0.000	0.000
150	  T	  1.3	  0.1	0.228	0.000	0.000
151	  K	  1.5	  0.1	0.228	0.000	0.000
152	  E	  1.0	  0.1	0.228	0.000	0.000
153	  A	  0.7	  0.1	0.228	0.000	0.000
154	  L	  0.7	  0.0	0.228	0.000	0.000
155	  V	  0.7	  0.0	0.228	0.000	0.000
156	  P	  0.2	  0.0	0.000	0.000	0.000
157	  I	  3.3	  0.0	0.000	0.000	0.000
158	  V	  5.1	  0.0	0.000	0.000	0.000
159	  E	  5.1	  0.0	0.000	0.000	0.000
160	  A	  2.5	  0.0	0.000	0.000	0.000
161	  V	  1.4	  0.0	0.000	0.000	0.000
162	  R	  1.6	  0.0	0.000	0.000	0.000
163	  T	  2.0	  0.1	0.000	0.000	0.000
164	  K	  3.4	  0.1	0.000	0.000	0.000
165	  L	  3.5	  0.1	0.000	0.000	0.000
166	  T	  3.9	  0.1	0.000	0.000	0.000
167	  Q	  2.1	  0.1	0.000	0.000	0.000
168	  R	  2.1	  0.1	0.000	0.000	0.000
169	  L	  0.9	  0.2	0.000	0.000	0.000
170	  E	  0.6	  0.2	0.000	0.000	0.000
171	  S	  0.8	  0.1	0.210	0.000	0.000
172	  L	  0.7	  0.2	0.210	0.000	0.000
173	  K	  0.8	  0.1	0.210	0.000	0.000
174	  E	  0.3	  0.0	0.210	0.000	0.000
175	  M	  0.6	  0.0	0.210	0.000	0.000
176	  A	  0.5	  0.0	0.210	0.000	0.000
177	  A	  0.4	  0.0	0.210	0.000	0.000
178	  P	  0.0	  0.0	0.000	0.000	0.000
179	  F	  2.2	  0.0	0.000	0.000	0.000
180	  V	  2.8	  0.1	0.440	0.000	0.000
181	  E	  2.9	  0.1	1.109	0.000	0.000
182	  E	  4.0	  0.1	1.947	0.000	0.000
183	  Y	  4.2	  0.1	1.947	0.000	0.000
184	  K	  4.3	  0.1	2.179	0.000	0.000
185	  E	  1.1	  0.1	2.179	0.000	0.000
186	  Y	  1.1	  0.1	2.179	0.000	0.000
187	  L	  1.1	  0.0	2.179	0.000	0.000
188	  K	  1.0	  0.1	2.179	0.000	0.000
189	  K	  0.6	  0.1	1.493	0.000	0.000
190	  S	  8.5	  0.6	0.289	0.000	0.000
191	  Y	  8.8	  0.7	0.000	0.000	0.000
192	  D	  8.4	  0.6	0.000	0.000	0.000
193	  N	  0.5	  0.8	0.000	0.000	0.000
194	  A	  0.1	  0.4	0.000	0.000	0.000
195	  Q	  0.3	  0.3	0.000	0.000	0.000
196	  N	  1.7	  0.6	0.000	0.000	0.000
197	  I	  2.5	  0.4	0.000	0.000	0.000
198	  N	  2.4	  0.3	23.603	0.000	0.000
199	  A	  0.9	  0.4	23.896	0.000	0.000
200	  E	  0.1	  0.1	24.405	0.000	0.000
201	  E	  0.1	  0.1	25.673	0.000	0.000
202	  L	  0.2	  0.1	26.218	0.000	0.000
203	  E	  0.2	  0.1	26.353	0.000	0.000
204	  Q	  0.7	  0.1	25.875	0.000	0.000
205	  L	  0.9	  0.2	24.518	0.000	0.000
206	  R	  0.9	  0.2	23.851	0.000	0.000
207	  G	  0.2	  0.2	19.992	0.000	0.000
208	  K	  1.0	  0.2	7.849	0.000	0.000
209	  I	  1.1	  0.0	0.212	0.000	0.000
210	  Q	  1.1	  0.0	0.212	0.000	0.000
211	  P	  0.1	  0.0	0.000	0.000	0.000
212	  L	  0.0	  0.0	0.000	0.000	0.000
213	  A	  0.0	  0.0	0.331	0.000	0.000
214	  E	  0.0	  0.0	0.458	0.000	0.000
215	  E	  6.9	  0.0	0.602	0.000	0.000
216	  I	  8.4	  0.1	0.602	0.000	0.000
217	  K	  9.1	  0.0	0.602	0.000	0.000
218	  T	  3.7	  0.0	0.602	0.000	0.000
219	  K	  5.1	  0.0	0.602	0.020	0.020
220	  F	  9.8	  0.0	0.459	77.477	77.477
221	  T	  8.9	  0.0	0.000	84.125	84.125
222	  A	  6.6	  0.0	0.000	86.360	86.360
223	  I	  4.3	  0.0	0.000	88.669	88.669
224	  V	  4.1	  0.0	0.000	88.753	88.753
225	  G	  3.5	  0.0	0.000	87.004	87.004
226	  L	  0.8	  0.0	0.000	86.847	86.847
227	  I	  1.2	  0.0	0.000	85.689	85.689
228	  T	  1.3	  0.1	0.000	31.666	31.666
229	  E	  1.1	  0.1	0.000	0.020	0.020
230	  T	  9.9	  0.1	0.000	0.020	0.020
231	  F	 10.5	  0.1	0.000	0.020	0.020
232	  N	 10.2	  1.7	0.000	0.000	0.000
233	  K	  0.9	  1.7	0.000	0.000	0.000
234	  N	  0.2	  2.9	0.000	0.000	0.000
235	  S	  0.8	  2.9	0.000	0.000	0.000
236	  S	  0.7	  1.2	0.000	0.000	0.000
237	  N	  0.6	  1.2	0.000	0.000	0.000
