res	aa	Beta	Turn	Helix	Aggregation	Conc-Stab_Aggregation
01	  A	  0.0	  0.4	0.000	0.000	0.000
02	  P	  0.0	  0.4	0.000	0.000	0.000
03	  S	  0.2	  0.5	0.000	0.000	0.000
04	  Q	  0.4	  0.5	0.000	0.000	0.000
05	  L	  0.5	  0.1	0.000	0.000	0.000
06	  A	  0.3	  0.1	0.000	0.000	0.000
07	  H	  0.2	  0.0	0.000	0.000	0.000
08	  V	  0.0	  0.0	0.000	0.000	0.000
09	  R	  0.0	  0.0	0.000	0.000	0.000
10	  A	  0.0	  0.0	 -nan	0.000	0.000
11	  A	  0.0	  0.0	 -nan	0.000	0.000
12	  M	  0.0	  0.0	 -nan	0.000	0.000
13	  D	  0.0	  0.0	 -nan	0.000	0.000
14	  V	  0.0	  0.0	 -nan	0.000	0.000
15	  Y	  0.0	  0.0	 -nan	0.000	0.000
16	  L	  0.0	  0.0	 -nan	0.000	0.000
17	  T	  0.0	  0.0	 -nan	0.000	0.000
18	  Q	  0.0	  0.0	 -nan	0.000	0.000
19	  V	  0.0	  0.0	 -nan	0.000	0.000
20	  K	  0.0	  0.0	 -nan	0.000	0.000
21	  E	  0.0	  0.0	 -nan	0.000	0.000
22	  S	  0.0	  0.0	 -nan	0.000	0.000
23	  A	  0.0	  0.0	 -nan	0.000	0.000
24	  Q	  0.0	  0.0	 -nan	0.000	0.000
25	  R	  0.0	  0.0	 -nan	0.000	0.000
26	  A	  0.0	  0.0	 -nan	0.000	0.000
27	  L	  0.0	  0.0	 -nan	0.000	0.000
28	  A	  0.0	  0.0	 -nan	0.000	0.000
29	  Q	  0.0	  0.0	 -nan	0.000	0.000
30	  L	  0.0	  0.0	 -nan	0.000	0.000
31	  D	  0.0	  0.0	 -nan	0.000	0.000
32	  D	  0.0	  0.0	 -nan	0.000	0.000
33	  T	  0.0	  0.0	 -nan	0.000	0.000
34	  E	  0.0	  0.0	 -nan	0.000	0.000
35	  Y	  0.0	  0.0	 -nan	0.000	0.000
36	  K	  0.0	  0.0	 -nan	0.000	0.000
37	  D	  0.0	  0.0	 -nan	0.000	0.000
38	  L	  0.0	  0.0	 -nan	0.000	0.000
39	  K	  0.0	  0.0	 -nan	0.000	0.000
40	  N	  0.0	  0.0	 -nan	0.000	0.000
41	  A	  0.0	  0.0	 -nan	0.000	0.000
42	  L	  0.0	  0.0	 -nan	0.000	0.000
43	  T	  0.0	  0.0	 -nan	0.000	0.000
44	  Q	  0.0	  0.0	 -nan	0.000	0.000
45	  R	  0.0	  0.0	 -nan	0.000	0.000
46	  L	  0.0	  0.0	 -nan	0.000	0.000
47	  D	  0.0	  0.0	 -nan	0.000	0.000
48	  E	  0.0	  0.0	 -nan	0.000	0.000
49	  M	  0.0	  0.0	0.000	0.000	0.000
50	  H	  0.0	  0.0	0.000	0.000	0.000
51	  N	  0.2	  0.0	0.000	0.000	0.000
52	  N	  2.2	  0.0	1.431	0.000	0.000
53	  I	  3.9	  0.0	1.431	0.000	0.000
54	  K	  4.0	  0.0	1.431	0.000	0.000
55	  T	  4.9	  0.0	1.431	0.000	0.000
56	  L	  3.6	  0.1	1.431	0.000	0.000
57	  Q	  3.6	  0.0	1.431	0.000	0.000
58	  A	  0.8	  0.0	0.781	0.000	0.000
59	  Q	  1.4	  0.0	0.604	0.000	0.000
60	  V	  1.6	  0.0	0.130	0.000	0.000
61	  S	  1.4	  0.0	0.130	0.000	0.000
62	  P	  0.4	  0.0	0.000	0.000	0.000
63	  V	  1.7	  0.0	0.000	0.000	0.000
64	  T	  1.8	  0.1	0.000	0.000	0.000
65	  D	  1.9	  0.1	0.000	0.000	0.000
66	  H	  2.6	  0.1	0.000	0.000	0.000
67	  V	  5.5	  0.0	0.000	11.047	11.047
68	  V	  7.4	  0.0	0.000	12.125	12.125
69	  T	  6.2	  0.0	0.000	12.125	12.125
70	  T	  6.1	  0.0	0.000	12.125	12.125
71	  I	  4.3	  0.2	0.000	12.125	12.125
72	  A	  3.1	  0.2	0.000	6.129	6.129
73	  D	  0.2	  0.5	0.188	0.000	0.000
74	  A	  0.2	  0.5	0.188	0.000	0.000
75	  T	  0.5	  0.7	0.188	0.000	0.000
76	  A	  0.5	  0.7	0.188	0.000	0.000
77	  D	  0.7	  0.4	0.563	0.000	0.000
78	  L	  0.7	  0.5	0.563	0.000	0.000
79	  R	  0.8	  0.1	0.563	0.000	0.000
80	  T	  0.8	  0.1	0.374	0.000	0.000
81	  S	  0.9	  0.1	0.374	0.000	0.000
82	  I	  1.4	  0.1	0.374	0.000	0.000
83	  L	  1.1	  0.1	0.374	0.000	0.000
84	  N	  0.9	  0.1	4.364	0.000	0.000
85	  D	  2.1	  0.1	4.899	0.000	0.000
86	  I	  2.9	  0.1	4.899	0.000	0.000
87	  E	  2.9	  0.0	4.899	0.000	0.000
88	  A	  1.3	  0.0	4.899	0.000	0.000
89	  L	  0.4	  0.1	4.899	0.000	0.000
90	  K	  0.8	  0.1	3.496	0.000	0.000
91	  T	  0.7	  0.1	0.680	0.000	0.000
92	  E	  2.8	  0.1	0.680	0.000	0.000
93	  I	  2.9	  0.0	0.162	0.000	0.000
94	  E	  2.8	  0.0	0.162	0.000	0.000
95	  P	  0.5	  0.0	0.000	0.000	0.000
96	  M	  0.2	  0.1	0.000	0.000	0.000
97	  R	  0.8	  0.1	0.000	0.000	0.000
98	  T	  1.1	  0.1	0.000	0.000	0.000
99	  N	  1.6	  0.1	0.320	0.000	0.000
100	  L	  1.2	  0.2	0.320	0.000	0.000
101	  R	  1.2	  0.1	0.320	0.000	0.000
102	  D	  1.7	  0.1	0.320	0.000	0.000
103	  V	  6.4	  0.1	0.320	0.000	0.000
104	  V	  6.5	  0.0	0.320	0.000	0.000
105	  N	  5.3	  0.1	0.320	0.000	0.000
106	  K	  1.1	  0.1	0.169	0.000	0.000
107	  H	  5.9	  0.1	0.000	0.000	0.000
108	  I	  6.1	  0.1	0.000	0.000	0.000
109	  E	  5.5	  0.1	0.574	0.000	0.000
110	  E	  1.1	  0.1	0.574	0.000	0.000
111	  Y	  2.7	  0.1	0.574	0.000	0.000
112	  R	  2.8	  0.0	0.574	0.000	0.000
113	  A	  2.4	  0.0	0.574	0.000	0.000
114	  Q	  2.2	  0.0	0.574	0.000	0.000
115	  M	  2.1	  0.0	0.303	0.000	0.000
116	  D	  1.8	  0.0	0.287	0.000	0.000
117	  P	  0.1	  0.0	0.143	0.000	0.000
118	  I	  1.1	  0.0	0.143	0.000	0.000
119	  I	  1.4	  0.0	0.143	0.000	0.000
120	  N	  1.5	  0.0	2.224	0.000	0.000
121	  E	  0.9	  0.0	2.475	0.000	0.000
122	  Y	  2.5	  0.0	2.332	0.000	0.000
123	  Y	  3.0	  0.0	2.332	0.000	0.000
124	  A	  2.6	  0.0	2.332	0.000	0.000
125	  K	  1.4	  0.1	2.332	0.000	0.000
126	  H	  1.6	  0.1	1.744	0.000	0.000
127	  T	  1.8	  0.1	0.910	0.000	0.000
128	  A	  1.3	  0.0	0.910	0.000	0.000
129	  E	  1.4	  0.0	1.073	0.000	0.000
130	  M	  1.4	  0.0	0.906	0.000	0.000
131	  D	  1.2	  0.2	1.776	0.000	0.000
132	  A	  0.6	  0.2	1.776	0.000	0.000
133	  L	  0.5	  0.2	1.776	0.000	0.000
134	  R	  0.7	  0.2	1.563	0.000	0.000
135	  T	  1.4	  0.1	1.057	0.000	0.000
136	  K	  5.4	  0.1	1.057	0.000	0.000
137	  L	  5.3	  0.0	0.433	0.000	0.000
138	  E	  4.3	  0.0	0.273	0.000	0.000
139	  P	  0.1	  0.0	0.111	0.000	0.000
140	  L	  0.2	  0.0	0.264	0.000	0.000
141	  V	  0.9	  0.0	0.791	0.000	0.000
142	  E	  0.9	  0.0	1.186	0.000	0.000
143	  E	  0.9	  0.0	1.186	0.000	0.000
144	  M	  2.7	  0.0	1.186	0.000	0.000
145	  R	  4.1	  0.0	1.186	0.000	0.000
146	  V	 19.3	  0.0	1.186	0.000	0.000
147	  K	 18.8	  0.0	1.186	0.000	0.000
148	  V	 18.3	  0.0	0.242	0.000	0.000
149	  A	  3.5	  0.0	0.242	0.000	0.000
150	  T	  1.7	  0.0	0.000	0.000	0.000
151	  N	  5.2	  0.0	0.000	0.000	0.000
152	  V	  5.7	  0.1	0.000	0.000	0.000
153	  E	  5.1	  0.1	0.000	0.000	0.000
154	  E	  1.2	  0.1	0.000	0.000	0.000
155	  T	  2.2	  0.2	0.160	0.000	0.000
156	  K	  2.7	  0.1	0.160	0.000	0.000
157	  T	  2.7	  0.1	0.160	0.000	0.000
158	  A	  1.7	  0.1	0.160	0.000	0.000
159	  L	  1.3	  0.0	0.160	0.000	0.000
160	  M	  0.8	  0.0	0.160	0.000	0.000
161	  P	  0.1	  0.0	0.000	0.000	0.000
162	  I	  3.0	  0.0	0.000	0.000	0.000
163	  V	  3.6	  0.0	0.212	0.000	0.000
164	  E	  3.7	  0.0	0.400	0.000	0.000
165	  T	  8.6	  0.0	1.289	0.000	0.000
166	  V	  9.1	  0.0	1.289	0.000	0.000
167	  R	  9.2	  0.0	1.289	0.000	0.000
168	  A	  1.7	  0.0	1.289	0.000	0.000
169	  K	  2.3	  0.0	1.289	0.000	0.000
170	  V	  3.7	  0.0	0.889	0.000	0.000
171	  H	  3.7	  0.1	1.209	0.000	0.000
172	  E	  1.9	  0.1	1.572	0.000	0.000
173	  R	  0.8	  0.1	2.803	0.000	0.000
174	  L	  0.7	  0.2	2.935	0.000	0.000
175	  E	  0.7	  0.0	4.006	0.000	0.000
176	  A	  0.5	  0.0	4.006	0.000	0.000
177	  L	  0.6	  0.0	4.006	0.000	0.000
178	  K	  0.7	  0.0	4.006	0.000	0.000
179	  A	  0.6	  0.0	3.207	0.000	0.000
180	  M	  0.6	  0.0	2.885	0.000	0.000
181	  A	  0.5	  0.0	0.878	0.000	0.000
182	  S	  0.4	  0.2	0.571	0.000	0.000
183	  P	  0.0	  0.2	0.000	0.000	0.000
184	  Y	  2.2	  0.2	0.000	0.000	0.000
185	  V	  2.9	  0.3	0.140	0.000	0.000
186	  E	  2.9	  0.1	0.466	0.000	0.000
187	  E	  4.1	  0.1	0.792	0.000	0.000
188	  Y	  4.2	  0.1	0.792	0.000	0.000
189	  K	  4.2	  0.1	1.037	0.000	0.000
190	  E	  0.9	  0.1	1.037	0.000	0.000
191	  Q	  1.2	  0.1	1.037	0.000	0.000
192	  L	  1.2	  0.1	1.037	0.000	0.000
193	  K	  1.4	  0.1	1.037	0.000	0.000
194	  Q	  0.8	  0.1	0.574	0.000	0.000
195	  A	  0.8	  0.2	0.000	0.000	0.000
196	  Y	  0.8	  0.3	0.000	0.000	0.000
197	  G	  0.4	  0.3	0.000	0.000	0.000
198	  Q	  0.5	  0.3	0.000	0.000	0.000
199	  A	  0.4	  0.2	0.000	0.000	0.000
200	  Q	  0.5	  0.1	0.000	0.000	0.000
201	  N	  1.8	  0.4	0.000	0.000	0.000
202	  I	  3.2	  0.5	0.000	0.000	0.000
203	  D	  3.2	  0.4	4.825	0.000	0.000
204	  T	  2.2	  0.6	5.071	0.000	0.000
205	  K	  0.9	  0.3	5.071	0.000	0.000
206	  D	  1.8	  0.2	6.471	0.000	0.000
207	  I	  6.1	  0.2	6.471	0.000	0.000
208	  V	  9.2	  0.0	6.471	0.000	0.000
209	  A	  8.4	  0.0	6.591	0.000	0.000
210	  L	  3.8	  0.0	6.334	0.000	0.000
211	  R	  0.4	  0.1	5.983	0.000	0.000
212	  E	  0.2	  0.1	3.523	0.000	0.000
213	  R	  4.4	  0.1	2.151	0.000	0.000
214	  I	  4.7	  0.0	0.990	0.000	0.000
215	  A	  4.6	  0.0	0.990	0.000	0.000
216	  P	  0.4	  0.0	0.000	0.000	0.000
217	  L	  0.4	  0.0	0.000	0.000	0.000
218	  A	  0.5	  0.0	0.437	0.000	0.000
219	  M	  3.6	  0.0	0.437	0.000	0.000
220	  D	  4.4	  0.0	2.870	0.000	0.000
221	  I	  9.7	  0.0	2.870	0.000	0.000
222	  K	  7.8	  0.0	2.870	0.000	0.000
223	  L	  8.0	  0.0	2.870	0.000	0.000
224	  K	  3.2	  0.0	2.870	0.000	0.000
225	  L	  2.2	  0.1	2.673	0.000	0.000
226	  Q	  0.9	  0.1	2.155	0.000	0.000
227	  D	  1.5	  0.1	0.448	0.000	0.000
228	  I	  2.2	  0.1	0.169	0.695	0.695
229	  F	 10.7	  0.0	0.169	0.695	0.695
230	  E	 10.0	  0.0	0.000	0.695	0.695
231	  V	 12.9	  0.0	0.000	47.282	47.282
232	  I	  5.1	  0.0	0.000	51.358	51.358
233	  A	  4.6	  0.0	0.000	51.547	51.547
234	  A	  1.6	  0.0	0.000	51.547	51.547
235	  T	 12.0	  0.0	0.000	51.547	51.547
236	  V	 13.8	  0.0	0.000	50.981	50.981
237	  T	 13.8	  0.0	0.000	10.670	10.670
238	  K	  2.8	  0.0	0.000	0.695	0.695
239	  N	  0.8	  0.0	0.000	0.000	0.000
