res	aa	Beta	Turn	Helix	Aggregation	Conc-Stab_Aggregation
01	  D	  0.0	  1.7	0.000	0.000	0.000
02	  A	  0.5	  1.7	0.000	0.000	0.000
03	  S	  0.6	  1.7	0.000	0.000	0.000
04	  Q	  0.6	  1.7	0.000	0.000	0.000
05	  P	  0.1	  0.1	0.000	0.000	0.000
06	  E	  0.5	  0.1	0.000	0.000	0.000
07	  L	  2.4	  0.1	0.000	0.992	0.992
08	  S	  2.7	  0.1	0.149	1.155	1.155
09	  L	  2.7	  0.0	0.149	4.381	4.381
10	  W	  4.0	  0.0	0.149	4.381	4.381
11	  S	  4.3	  0.0	0.291	4.381	4.381
12	  V	  5.4	  0.0	0.291	4.381	4.381
13	  L	  2.3	  0.3	0.291	4.216	4.216
14	  E	  1.9	  0.3	0.291	0.000	0.000
15	  S	  1.0	  0.3	1.322	0.000	0.000
16	  Y	  1.6	  0.3	1.318	0.000	0.000
17	  L	  3.3	  0.0	1.357	0.000	0.000
18	  E	  3.2	  0.0	1.357	0.000	0.000
19	  V	  3.8	  0.0	1.357	0.000	0.000
20	  L	  1.9	  0.0	1.357	0.000	0.000
21	  K	  1.7	  0.1	1.357	0.000	0.000
22	  Q	  0.8	  0.1	1.131	0.000	0.000
23	  E	  3.0	  0.1	0.140	0.000	0.000
24	  V	  4.2	  0.1	0.000	0.000	0.000
25	  E	  3.8	  0.1	0.000	0.000	0.000
26	  S	  4.2	  0.7	0.000	0.000	0.000
27	  L	  4.9	  0.7	0.000	0.000	0.000
28	  D	  5.7	  0.9	0.438	0.000	0.000
29	  V	  4.2	  0.9	0.438	0.000	0.000
30	  S	  2.0	  0.4	0.438	0.000	0.000
31	  K	  1.2	  0.4	0.438	0.000	0.000
32	  K	  3.9	  0.1	0.438	0.000	0.000
33	  Y	  6.3	  0.1	0.438	0.000	0.000
34	  E	  7.6	  0.0	0.132	0.000	0.000
35	  L	  5.8	  0.0	0.132	0.000	0.000
36	  K	  4.9	  0.1	0.132	0.000	0.000
37	  V	  3.9	  0.3	0.000	0.000	0.000
38	  D	  2.0	  1.1	0.000	0.000	0.000
39	  N	  0.5	  1.2	0.188	0.000	0.000
40	  G	  0.0	  1.1	0.325	0.000	0.000
41	  L	  0.1	  0.9	0.325	0.000	0.000
42	  K	  0.3	  0.1	0.325	0.000	0.000
43	  K	  2.8	  0.0	0.325	0.000	0.000
44	  V	  7.4	  0.1	0.325	0.000	0.000
45	  I	 11.5	  0.0	0.325	0.000	0.000
46	  S	  9.9	  0.2	0.325	0.000	0.000
47	  Y	  5.5	  0.3	0.325	0.000	0.000
48	  G	  1.0	  0.4	0.130	0.000	0.000
49	  Q	  0.5	  0.4	0.130	0.000	0.000
50	  Q	  1.6	  0.2	0.130	0.000	0.000
51	  L	  1.6	  0.1	0.130	0.000	0.000
52	  Q	  1.4	  0.1	0.130	0.000	0.000
53	  E	  0.3	  0.1	0.130	0.000	0.000
54	  K	  1.2	  0.1	0.130	0.000	0.000
55	  L	  1.2	  0.1	0.000	0.000	0.000
56	  S	  1.1	  0.2	1.471	0.000	0.000
57	  P	  0.1	  0.5	1.471	0.000	0.000
58	  A	  0.0	  0.6	1.471	0.000	0.000
59	  N	  0.1	  0.6	3.647	0.000	0.000
60	  K	  0.2	  0.5	3.647	0.000	0.000
61	  E	  0.2	  0.1	3.924	0.000	0.000
62	  L	  0.3	  0.1	3.536	0.000	0.000
63	  I	  0.4	  0.0	3.286	0.000	0.000
64	  Q	  0.7	  0.0	3.286	0.000	0.000
65	  K	  1.2	  0.0	2.581	0.000	0.000
66	  L	  1.1	  0.0	1.977	0.958	0.958
67	  I	  0.9	  0.0	1.740	1.149	1.149
68	  Q	  0.5	  0.0	1.740	1.149	1.149
69	  T	  2.4	  0.0	0.000	1.149	1.149
70	  T	  7.0	  0.0	0.000	1.149	1.149
71	  V	 15.5	  0.0	0.000	1.149	1.149
72	  D	 15.7	  0.0	2.042	0.000	0.000
73	  V	 12.5	  0.0	2.042	0.000	0.000
74	  Y	  4.4	  0.1	2.042	0.000	0.000
75	  K	  1.8	  0.1	2.042	0.000	0.000
76	  K	  1.2	  0.1	2.042	0.000	0.000
77	  I	  1.2	  0.1	2.042	0.000	0.000
78	  Q	  1.0	  0.2	2.042	0.000	0.000
79	  A	  0.6	  0.2	1.549	0.000	0.000
80	  D	  2.0	  0.2	2.866	0.000	0.000
81	  I	  2.2	  0.2	2.489	0.000	0.000
82	  E	  2.0	  0.0	2.648	0.000	0.000
83	  E	  1.4	  0.0	2.648	0.000	0.000
84	  I	  2.8	  0.1	2.473	0.000	0.000
85	  R	  3.2	  0.1	2.473	0.000	0.000
86	  S	  2.2	  0.1	2.084	0.000	0.000
87	  Q	  1.1	  0.1	1.499	0.000	0.000
88	  V	  1.3	  0.0	0.157	0.000	0.000
89	  A	  1.1	  0.2	0.157	0.000	0.000
90	  P	  0.5	  0.2	0.000	0.000	0.000
91	  H	  1.1	  0.2	0.000	0.000	0.000
92	  T	  1.9	  0.3	0.137	0.000	0.000
93	  K	  2.1	  0.1	0.137	0.000	0.000
94	  E	  1.1	  0.1	0.137	0.000	0.000
95	  A	  0.6	  0.1	0.137	0.000	0.000
96	  F	  1.9	  0.0	0.137	0.000	0.000
97	  I	  7.5	  0.0	0.137	0.000	0.000
98	  K	  7.7	  0.0	0.137	0.000	0.000
99	  L	  6.7	  0.1	0.000	0.000	0.000
100	  S	  1.1	  0.2	0.293	0.000	0.000
101	  S	  1.6	  0.2	0.437	0.000	0.000
102	  H	  6.4	  0.2	0.437	0.000	0.000
103	  I	  6.9	  0.1	0.437	0.000	0.000
104	  L	  6.7	  0.0	0.687	0.000	0.000
105	  E	  2.3	  0.0	0.687	0.000	0.000
106	  Y	  3.0	  0.0	0.687	0.000	0.000
107	  R	  2.9	  0.2	0.388	0.000	0.000
108	  K	  2.6	  0.2	0.250	0.000	0.000
109	  N	  1.9	  0.2	0.250	0.000	0.000
110	  T	  1.5	  0.2	0.000	0.000	0.000
111	  Q	  1.1	  0.0	0.000	0.000	0.000
112	  P	  0.2	  0.0	0.000	0.000	0.000
113	  L	  0.1	  0.0	0.000	0.000	0.000
114	  I	  0.4	  0.0	0.000	0.000	0.000
115	  E	  0.4	  0.1	0.000	0.000	0.000
116	  E	  1.7	  0.1	0.145	0.000	0.000
117	  L	  1.6	  0.1	0.145	0.000	0.000
118	  K	  1.6	  0.2	0.518	0.000	0.000
119	  E	  0.2	  0.1	0.518	0.000	0.000
120	  S	  1.1	  0.1	0.518	0.000	0.000
121	  I	  1.3	  0.2	0.518	0.000	0.000
122	  K	  1.4	  0.2	0.518	0.000	0.000
123	  N	  0.4	  0.2	0.518	0.000	0.000
124	  N	  0.5	  0.3	0.192	0.000	0.000
125	  T	  1.1	  0.4	0.000	0.000	0.000
126	  Q	  1.6	  0.3	0.000	0.000	0.000
127	  D	  1.8	  0.3	0.610	0.000	0.000
128	  F	  3.3	  0.3	0.610	0.000	0.000
129	  Q	  2.9	  0.1	0.610	0.000	0.000
130	  K	  2.3	  0.1	0.610	0.000	0.000
131	  K	  4.2	  0.1	0.610	0.000	0.000
132	  M	  4.2	  0.0	0.610	0.000	0.000
133	  T	  4.1	  0.0	0.247	0.000	0.000
134	  P	  0.2	  0.0	0.000	0.000	0.000
135	  Y	  2.3	  0.0	0.000	0.000	0.000
136	  V	  2.5	  0.1	0.000	0.000	0.000
137	  E	  2.5	  0.2	0.000	0.000	0.000
138	  G	  0.3	  0.2	0.000	0.000	0.000
139	  L	  0.2	  0.3	0.000	0.000	0.000
140	  R	  0.3	  0.4	0.000	0.000	0.000
141	  D	  0.4	  0.3	0.000	0.000	0.000
142	  N	  3.8	  0.3	0.000	0.000	0.000
143	  V	  5.9	  0.2	0.000	0.000	0.000
144	  R	  6.0	  0.1	0.000	0.000	0.000
145	  S	  2.5	  0.1	0.000	0.000	0.000
146	  E	  1.7	  0.1	0.000	0.000	0.000
147	  F	  3.0	  0.5	0.000	0.000	0.000
148	  Q	  3.1	  0.5	0.000	0.000	0.000
149	  D	  2.1	  0.5	1.270	0.000	0.000
150	  L	  0.7	  0.5	1.270	0.000	0.000
151	  R	  1.2	  0.1	1.270	0.000	0.000
152	  T	  1.0	  0.1	1.270	0.000	0.000
153	  N	  0.8	  0.1	1.270	0.000	0.000
154	  L	  0.2	  0.1	1.270	0.000	0.000
155	  G	  0.0	  0.3	1.268	0.000	0.000
156	  P	  0.0	  0.2	0.782	0.000	0.000
157	  L	  0.4	  0.2	0.782	0.000	0.000
158	  Y	  4.4	  0.2	0.782	0.000	0.000
159	  D	  6.4	  0.0	1.241	0.000	0.000
160	  V	  8.3	  0.0	1.241	0.000	0.000
161	  I	  4.7	  0.0	1.241	0.000	0.000
162	  Q	  2.7	  0.0	1.241	0.000	0.000
163	  K	  0.6	  0.0	1.241	0.000	0.000
164	  K	  1.2	  0.0	0.830	0.000	0.000
165	  I	  1.8	  0.1	0.000	0.000	0.000
166	  S	  2.5	  0.7	0.000	0.000	0.000
167	  S	  1.9	  0.7	0.000	0.000	0.000
168	  S	  5.4	  0.7	0.000	0.000	0.000
169	  V	  5.3	  0.7	0.000	0.000	0.000
170	  E	  5.1	  0.1	0.000	0.000	0.000
171	  D	  1.9	  0.1	0.173	0.000	0.000
172	  I	  1.2	  0.1	0.173	0.000	0.000
173	  W	  1.4	  0.1	0.173	0.000	0.000
174	  K	  1.3	  0.1	0.173	0.000	0.000
175	  T	 18.4	  0.1	0.173	0.000	0.000
176	  V	 18.7	  0.1	0.173	0.000	0.000
177	  T	 18.0	  0.0	0.578	0.000	0.000
178	  P	  0.6	  0.0	0.405	0.000	0.000
179	  V	  2.6	  0.0	0.405	0.503	0.503
180	  V	  4.4	  0.0	0.547	0.503	0.503
181	  K	  4.5	  0.1	0.547	0.503	0.503
182	  E	  2.0	  0.1	0.547	0.503	0.503
183	  L	  0.5	  0.1	0.547	0.503	0.503
184	  Y	  2.7	  0.1	0.547	0.503	0.503
185	  E	  2.9	  0.1	0.316	0.000	0.000
186	  K	  2.7	  0.1	0.316	0.000	0.000
187	  F	  0.4	  0.1	0.316	0.000	0.000
188	  P	  0.0	  0.0	0.000	0.000	0.000
189	  P	  0.0	  0.0	0.000	0.000	0.000
190	  I	  0.1	  0.0	0.000	0.000	0.000
191	  N	  0.1	  0.7	3.183	0.000	0.000
192	  E	  0.1	  0.7	3.417	0.000	0.000
193	  D	  0.1	  0.7	45.717	0.000	0.000
194	  L	  0.2	  0.7	45.717	0.000	0.000
195	  K	  0.4	  0.0	45.717	0.000	0.000
196	  T	  0.5	  0.1	45.867	0.000	0.000
197	  R	  0.7	  0.1	45.867	0.000	0.000
198	  L	  0.7	  0.0	45.769	12.390	12.390
199	  M	  0.7	  0.0	43.456	12.390	12.390
200	  A	  0.7	  0.0	39.042	12.390	12.390
201	  V	  2.0	  0.0	35.562	12.390	12.390
202	  W	  2.6	  0.0	35.155	12.390	12.390
203	  E	  2.3	  0.0	30.314	0.088	0.088
204	  A	  1.1	  0.0	27.202	0.088	0.088
205	  I	  0.5	  0.0	25.103	0.088	0.088
206	  N	  0.6	  0.0	24.994	0.088	0.088
207	  K	  1.1	  0.0	16.441	0.088	0.088
208	  V	  4.3	  0.0	5.078	0.088	0.088
209	  Y	  4.7	  0.0	3.943	0.088	0.088
210	  T	  4.0	  0.2	0.075	0.000	0.000
211	  P	  0.6	  0.2	0.000	0.000	0.000
212	  Q	  0.0	  0.2	0.000	0.000	0.000
213	  A	  0.0	  0.2	0.000	0.000	0.000
