res	aa	Beta	Turn	Helix	Aggregation	Conc-Stab_Aggregation
01	  D	  0.0	  0.0	0.000	0.000	0.000
02	  E	  0.0	  0.0	0.000	0.000	0.000
03	  P	  0.0	  0.0	0.000	0.000	0.000
04	  Q	  0.0	  0.0	0.000	0.000	0.000
05	  T	  0.0	  0.2	0.000	0.000	0.000
06	  P	  0.0	  0.2	0.000	0.000	0.000
07	  W	  0.3	  0.2	0.000	0.000	0.000
08	  N	  0.4	  0.2	0.000	0.000	0.000
09	  R	  2.0	  0.0	0.000	0.000	0.000
10	  V	  3.0	  0.1	0.000	2.201	2.201
11	  K	  3.0	  0.1	0.000	2.396	2.396
12	  D	  1.5	  0.1	3.503	2.396	2.396
13	  L	  0.5	  0.1	3.503	80.610	80.610
14	  V	 18.3	  0.0	3.503	82.807	82.807
15	  T	 23.1	  0.0	3.503	82.807	82.807
16	  V	 25.7	  0.0	3.503	82.807	82.807
17	  Y	  9.5	  0.1	3.503	82.807	82.807
18	  L	  4.0	  0.1	2.733	69.632	69.632
19	  D	  1.1	  0.1	2.756	0.641	0.641
20	  A	  1.0	  0.1	2.303	0.641	0.641
21	  V	  2.4	  0.1	1.926	0.641	0.641
22	  K	  2.4	  0.3	1.926	0.641	0.641
23	  D	  1.6	  1.1	0.545	0.000	0.000
24	  S	  0.2	  1.5	0.360	0.000	0.000
25	  G	  0.1	  1.7	0.000	0.000	0.000
26	  R	  0.4	  1.5	0.000	0.000	0.000
27	  D	  0.7	  0.7	0.000	0.000	0.000
28	  Y	  2.4	  0.3	0.000	0.000	0.000
29	  V	  4.0	  0.1	0.000	0.000	0.000
30	  S	  4.2	  0.1	0.000	0.000	0.000
31	  Q	  9.5	  0.1	0.000	0.000	0.000
32	  F	  8.3	  0.3	0.000	0.000	0.000
33	  E	  7.9	  0.3	0.151	0.000	0.000
34	  D	  0.9	  0.4	0.754	0.000	0.000
35	  S	  0.2	  0.6	2.734	0.000	0.000
36	  A	  0.2	  0.5	2.734	0.000	0.000
37	  L	  0.2	  0.5	2.734	0.000	0.000
38	  G	  0.1	  0.5	2.734	0.000	0.000
39	  K	  0.2	  0.3	2.734	0.000	0.000
40	  Q	  1.1	  0.2	1.980	0.000	0.000
41	  L	  2.8	  0.1	1.285	0.000	0.000
42	  N	  2.9	  0.0	2.227	0.000	0.000
43	  L	  3.5	  0.0	1.786	0.000	0.000
44	  K	  2.2	  0.0	1.391	0.000	0.000
45	  L	  2.2	  0.0	0.941	0.000	0.000
46	  L	  0.8	  0.1	0.941	0.000	0.000
47	  D	  0.5	  0.2	0.941	0.000	0.000
48	  N	  0.4	  0.8	1.172	0.000	0.000
49	  L	  0.5	  0.9	0.819	0.000	0.000
50	  D	  0.5	  0.8	0.819	0.000	0.000
51	  T	  5.7	  0.8	0.688	0.000	0.000
52	  L	  5.8	  0.1	0.688	0.000	0.000
53	  S	  6.6	  0.8	0.688	0.000	0.000
54	  S	  1.5	  0.8	0.166	0.000	0.000
55	  S	  8.8	  0.8	0.000	0.000	0.000
56	  F	 12.2	  0.8	0.000	0.000	0.000
57	  T	 12.8	  0.1	0.000	0.000	0.000
58	  K	  5.9	  0.1	0.000	0.000	0.000
59	  L	  1.6	  0.1	0.000	0.000	0.000
60	  Q	  0.7	  0.1	0.000	0.000	0.000
61	  E	  0.1	  0.1	0.000	0.000	0.000
62	  Q	  0.2	  0.1	0.000	0.000	0.000
63	  I	  0.1	  0.1	0.000	0.000	0.000
64	  G	  0.1	  0.0	0.237	0.000	0.000
65	  P	  0.0	  0.0	0.237	0.000	0.000
66	  V	  4.0	  0.0	0.237	0.000	0.000
67	  T	  5.9	  0.1	0.237	0.000	0.000
68	  Q	  7.1	  0.1	0.237	0.000	0.000
69	  Q	  6.0	  0.1	0.237	0.000	0.000
70	  F	  5.3	  0.1	0.000	0.000	0.000
71	  W	  4.2	  0.4	0.000	0.000	0.000
72	  D	  1.5	  0.4	0.000	0.000	0.000
73	  N	  0.7	  0.4	0.713	0.000	0.000
74	  L	  0.6	  0.4	0.713	0.000	0.000
75	  E	  0.9	  0.2	0.713	0.000	0.000
76	  K	  0.7	  0.2	0.713	0.000	0.000
77	  D	  0.7	  0.2	1.543	0.000	0.000
78	  I	  1.1	  0.1	1.543	0.000	0.000
79	  A	  1.1	  0.0	1.543	0.000	0.000
80	  H	  1.8	  0.0	1.543	0.000	0.000
81	  L	  1.6	  0.0	1.168	0.000	0.000
82	  R	  1.5	  0.1	1.023	0.000	0.000
83	  Q	  0.7	  0.1	0.732	0.000	0.000
84	  E	  1.5	  0.1	0.150	0.000	0.000
85	  M	  1.4	  0.1	0.150	0.000	0.000
86	  N	  1.3	  1.0	0.680	0.000	0.000
87	  K	  0.2	  1.0	0.680	0.000	0.000
88	  D	  0.3	  1.0	6.636	0.000	0.000
89	  L	  0.3	  1.1	7.034	0.000	0.000
90	  E	  0.3	  0.1	7.395	0.000	0.000
91	  E	  1.8	  0.0	7.571	0.000	0.000
92	  V	  4.2	  0.1	7.409	0.000	0.000
93	  R	  4.5	  0.0	7.409	0.000	0.000
94	  Q	  3.4	  0.0	6.661	0.000	0.000
95	  K	  4.0	  0.0	5.167	0.000	0.000
96	  V	  4.1	  0.0	2.189	0.000	0.000
97	  Q	  3.5	  0.0	2.061	0.000	0.000
98	  P	  0.4	  0.0	0.000	0.000	0.000
99	  Y	  0.9	  0.1	0.000	0.000	0.000
100	  L	  0.9	  0.4	0.000	0.000	0.000
101	  D	  1.0	  0.4	4.861	0.000	0.000
102	  D	  0.7	  0.4	16.372	0.000	0.000
103	  F	  2.4	  0.3	16.372	0.000	0.000
104	  Q	  2.5	  0.0	16.372	0.000	0.000
105	  K	  2.0	  0.0	16.372	0.000	0.000
106	  K	  0.8	  0.0	16.372	0.000	0.000
107	  W	  1.2	  0.0	15.761	0.000	0.000
108	  Q	  1.2	  0.1	14.647	0.000	0.000
109	  E	  0.7	  0.1	10.890	0.000	0.000
110	  E	  2.1	  0.1	8.947	0.000	0.000
111	  V	  6.3	  0.1	7.190	0.000	0.000
112	  E	  6.4	  0.0	7.190	0.000	0.000
113	  L	  4.6	  0.0	6.424	0.000	0.000
114	  Y	  2.0	  0.1	5.869	0.000	0.000
115	  R	  2.1	  0.1	3.303	0.000	0.000
116	  H	  3.2	  0.1	2.261	0.000	0.000
117	  K	  2.0	  0.1	0.876	0.000	0.000
118	  V	  1.7	  0.1	0.237	0.000	0.000
119	  G	  0.5	  0.6	0.237	0.000	0.000
120	  P	  0.0	  0.6	0.000	0.000	0.000
121	  L	  0.0	  1.2	0.000	0.000	0.000
122	  G	  0.0	  1.2	0.000	0.000	0.000
123	  D	  0.1	  0.6	0.145	0.000	0.000
124	  E	  0.8	  0.6	0.145	0.000	0.000
125	  F	  1.7	  0.3	0.145	0.000	0.000
126	  R	  1.7	  0.3	0.483	0.000	0.000
127	  D	  0.9	  0.4	0.676	0.000	0.000
128	  S	  0.9	  0.4	2.379	0.000	0.000
129	  A	  1.1	  0.2	2.379	0.000	0.000
130	  R	  1.4	  0.2	2.379	0.000	0.000
131	  Q	  0.9	  0.1	2.379	0.000	0.000
132	  K	  1.3	  0.1	2.060	0.000	0.000
133	  L	  1.1	  0.1	1.703	0.000	0.000
134	  Q	  1.2	  0.1	1.427	0.000	0.000
135	  Q	  1.7	  0.1	1.001	0.000	0.000
136	  L	  1.6	  0.1	0.542	0.000	0.000
137	  Q	  1.4	  0.1	0.542	0.000	0.000
138	  E	  0.3	  0.1	0.312	0.000	0.000
139	  K	  1.2	  0.1	0.174	0.000	0.000
140	  L	  1.2	  0.1	0.000	0.000	0.000
141	  S	  1.1	  0.2	0.657	0.000	0.000
142	  P	  0.1	  0.2	0.813	0.000	0.000
143	  L	  0.0	  0.2	0.982	0.000	0.000
144	  A	  0.0	  0.3	1.507	0.000	0.000
145	  E	  0.0	  0.1	1.742	0.000	0.000
146	  E	  0.3	  0.1	2.127	0.000	0.000
147	  L	  0.5	  0.3	1.942	0.000	0.000
148	  R	  0.5	  0.2	1.942	0.000	0.000
149	  D	  0.2	  0.2	1.871	0.000	0.000
150	  R	  0.2	  0.2	1.871	0.000	0.000
151	  A	  0.5	  0.1	1.871	0.000	0.000
152	  R	  2.4	  0.1	1.564	0.000	0.000
153	  V	 11.7	  0.0	0.137	0.000	0.000
154	  H	 12.7	  0.0	0.271	0.000	0.000
155	  V	 11.5	  0.0	0.134	0.000	0.000
156	  D	  2.2	  0.1	0.720	0.000	0.000
157	  A	  0.9	  0.1	0.720	0.000	0.000
158	  L	  0.9	  0.2	0.720	0.000	0.000
159	  R	  1.3	  0.2	0.720	0.000	0.000
160	  S	  1.2	  0.2	0.720	0.000	0.000
161	  Q	  2.3	  0.2	0.586	0.000	0.000
162	  L	  2.0	  0.1	0.000	0.000	0.000
163	  T	  1.8	  0.1	0.598	0.000	0.000
164	  P	  0.1	  0.1	0.702	0.000	0.000
165	  Y	  0.5	  0.1	1.218	0.000	0.000
166	  S	  0.5	  0.2	29.392	0.000	0.000
167	  E	  0.5	  0.1	31.776	0.000	0.000
168	  E	  0.2	  0.1	34.419	0.000	0.000
169	  L	  0.4	  0.1	34.419	0.000	0.000
170	  R	  0.8	  0.1	34.419	0.000	0.000
171	  Q	  0.8	  0.1	34.419	0.000	0.000
172	  R	  0.7	  0.1	31.840	0.000	0.000
173	  L	  0.4	  0.0	30.211	0.000	0.000
174	  A	  0.3	  0.1	28.395	0.000	0.000
175	  S	  0.3	  0.1	25.640	0.000	0.000
176	  R	  0.5	  0.1	14.948	0.000	0.000
177	  L	  0.5	  0.1	10.747	0.000	0.000
178	  E	  0.5	  0.0	10.009	0.000	0.000
179	  A	  0.4	  0.0	8.610	0.000	0.000
180	  L	  0.3	  0.1	7.984	0.000	0.000
181	  K	  0.3	  0.5	6.571	0.000	0.000
182	  E	  0.1	  1.2	2.997	0.000	0.000
183	  G	  0.1	  1.2	1.277	0.000	0.000
184	  S	  0.7	  1.1	1.403	0.000	0.000
185	  F	  1.1	  0.7	0.964	0.000	0.000
186	  A	  1.2	  0.0	0.964	0.000	0.000
187	  E	  1.3	  0.0	0.964	0.000	0.000
188	  Y	  3.1	  0.1	0.964	0.000	0.000
189	  R	  3.3	  0.1	0.964	0.000	0.000
190	  S	  2.6	  0.2	0.952	0.000	0.000
191	  K	  0.5	  0.2	0.642	0.000	0.000
192	  A	  0.3	  0.1	0.370	0.000	0.000
193	  L	  0.6	  0.1	0.370	0.000	0.000
194	  E	  0.6	  0.1	0.370	0.000	0.000
195	  H	  1.3	  0.1	0.370	0.000	0.000
196	  L	  1.7	  0.1	0.000	0.000	0.000
197	  S	  1.8	  0.3	0.000	0.000	0.000
198	  A	  1.0	  0.3	0.000	0.000	0.000
199	  L	  0.2	  0.9	0.000	0.000	0.000
200	  G	  0.1	  0.9	0.000	0.000	0.000
201	  D	  0.0	  0.7	0.000	0.000	0.000
202	  K	  0.6	  0.7	0.000	0.000	0.000
203	  A	  0.7	  0.1	0.000	0.000	0.000
204	  K	  0.7	  0.1	0.000	0.000	0.000
205	  P	  0.0	  0.0	0.000	0.000	0.000
206	  V	  1.6	  0.0	0.000	0.000	0.000
207	  L	  1.7	  0.6	0.000	0.000	0.000
208	  E	  1.7	  0.6	0.000	0.000	0.000
209	  D	  1.4	  0.6	0.000	0.000	0.000
210	  F	  3.8	  0.7	0.000	0.000	0.000
211	  R	  4.0	  0.1	0.000	0.000	0.000
212	  Q	  3.0	  0.2	0.000	0.000	0.000
213	  S	  1.0	  0.2	0.000	0.000	0.000
214	  L	  0.8	  0.1	0.000	0.000	0.000
215	  L	  0.6	  0.0	0.000	0.000	0.000
216	  P	  0.1	  0.0	0.000	0.000	0.000
217	  V	  3.7	  0.0	0.000	0.231	0.231
218	  F	  4.7	  0.6	0.000	0.231	0.231
219	  E	  4.7	  0.6	0.000	0.231	0.231
220	  N	  1.4	  0.6	0.000	0.231	0.231
221	  L	  2.1	  0.6	0.000	0.231	0.231
222	  K	  3.5	  0.0	0.000	0.231	0.231
223	  V	  7.6	  0.0	0.000	21.279	21.279
224	  S	  6.3	  0.0	0.000	23.076	23.076
225	  F	  5.5	  0.0	0.000	25.157	25.157
226	  L	  1.8	  0.0	0.000	25.157	25.157
227	  T	  2.0	  0.0	1.051	25.032	25.032
228	  A	  1.8	  0.0	1.051	24.222	24.222
229	  V	  1.3	  0.0	1.539	20.331	20.331
230	  D	  0.5	  0.1	14.593	0.000	0.000
231	  E	  0.2	  0.1	15.405	0.000	0.000
232	  A	  0.1	  0.1	15.405	0.000	0.000
233	  A	  0.2	  0.1	15.405	0.000	0.000
234	  K	  0.2	  0.1	15.405	0.000	0.000
235	  K	  0.9	  0.1	15.040	0.000	0.000
236	  L	  1.2	  0.1	9.717	0.000	0.000
237	  N	  1.1	  0.0	6.325	0.000	0.000
238	  A	  0.4	  0.0	3.652	0.000	0.000
239	  Q	  0.0	  0.0	0.832	0.000	0.000
