res	aa	Beta	Turn	Helix	Aggregation	Conc-Stab_Aggregation
01	  D	  0.0	  0.0	0.000	0.000	0.000
02	  E	  0.0	  0.0	0.000	0.000	0.000
03	  P	  0.0	  0.2	0.000	0.000	0.000
04	  P	  0.0	  0.2	0.000	0.000	0.000
05	  Q	  0.0	  0.2	0.000	0.000	0.000
06	  T	  0.0	  0.4	0.169	0.000	0.000
07	  P	  0.0	  0.2	0.169	0.000	0.000
08	  W	  0.2	  0.2	0.169	0.000	0.000
09	  D	  0.3	  0.2	0.169	0.000	0.000
10	  R	  1.9	  0.1	0.169	0.000	0.000
11	  V	  3.0	  0.2	0.169	1.072	1.072
12	  K	  3.0	  0.1	0.169	1.287	1.287
13	  D	  1.5	  0.1	2.701	1.287	1.287
14	  L	  0.5	  0.1	2.701	88.015	88.015
15	  V	 17.7	  0.0	2.701	90.719	90.719
16	  T	 22.4	  0.0	2.701	90.719	90.719
17	  V	 27.0	  0.0	2.701	90.719	90.719
18	  Y	 12.3	  0.0	2.817	90.663	90.663
19	  V	  8.1	  0.0	2.073	83.559	83.559
20	  E	  3.1	  0.0	2.073	0.553	0.553
21	  A	  1.6	  0.0	1.749	0.553	0.553
22	  L	  0.4	  0.2	1.638	0.553	0.553
23	  K	  0.4	  0.4	1.281	0.553	0.553
24	  D	  0.2	  1.3	0.345	0.000	0.000
25	  S	  0.1	  1.6	0.121	0.000	0.000
26	  G	  0.1	  1.8	0.000	0.000	0.000
27	  K	  0.2	  1.6	0.000	0.000	0.000
28	  D	  0.5	  0.7	0.000	0.000	0.000
29	  Y	  2.2	  0.4	0.000	0.000	0.000
30	  V	  4.1	  0.1	0.000	0.000	0.000
31	  S	  4.2	  0.1	0.000	0.000	0.000
32	  Q	  9.6	  0.1	0.000	0.000	0.000
33	  F	  8.0	  0.6	0.000	0.000	0.000
34	  E	  7.5	  0.9	0.000	0.000	0.000
35	  G	  0.5	  0.9	0.281	0.000	0.000
36	  S	  0.3	  1.2	0.978	0.000	0.000
37	  A	  0.3	  0.8	0.978	0.000	0.000
38	  L	  0.2	  0.5	0.978	0.000	0.000
39	  G	  0.1	  0.5	0.978	0.000	0.000
40	  K	  0.2	  0.3	0.978	0.000	0.000
41	  Q	  1.1	  0.2	0.697	0.000	0.000
42	  L	  2.8	  0.1	0.453	0.000	0.000
43	  N	  3.0	  0.0	1.274	0.000	0.000
44	  L	  3.6	  0.0	1.119	0.000	0.000
45	  K	  2.2	  0.0	0.980	0.000	0.000
46	  L	  2.2	  0.0	0.821	0.000	0.000
47	  L	  0.8	  0.3	0.821	0.000	0.000
48	  D	  0.6	  0.3	0.821	0.000	0.000
49	  N	  0.8	  0.9	0.357	0.000	0.000
50	  W	  1.2	  1.0	0.000	0.000	0.000
51	  D	  1.3	  0.7	0.000	0.000	0.000
52	  S	  4.1	  0.7	0.000	0.000	0.000
53	  V	  6.0	  0.1	0.000	0.757	0.757
54	  T	  6.5	  0.1	0.000	0.757	0.757
55	  S	  3.7	  0.1	0.000	0.757	0.757
56	  T	 18.6	  0.1	0.000	0.757	0.757
57	  V	 18.7	  0.1	0.000	0.757	0.757
58	  S	 18.4	  0.1	0.537	0.000	0.000
59	  K	  1.9	  0.1	0.537	0.000	0.000
60	  L	  0.9	  0.1	0.537	0.000	0.000
61	  R	  0.8	  0.1	0.537	0.000	0.000
62	  E	  0.1	  0.1	0.537	0.000	0.000
63	  Q	  0.1	  0.1	0.537	0.000	0.000
64	  L	  0.1	  0.1	0.219	0.000	0.000
65	  G	  0.1	  0.1	0.219	0.000	0.000
66	  P	  0.0	  0.0	0.000	0.000	0.000
67	  V	  4.1	  0.0	0.000	0.000	0.000
68	  T	  4.6	  0.1	0.000	0.000	0.000
69	  Q	  5.0	  0.1	0.000	0.000	0.000
70	  E	  1.4	  0.1	0.000	0.000	0.000
71	  F	  2.1	  0.1	0.000	0.000	0.000
72	  W	  2.0	  0.4	0.000	0.000	0.000
73	  D	  1.5	  0.5	0.168	0.000	0.000
74	  N	  0.8	  0.5	0.168	0.000	0.000
75	  L	  0.7	  0.4	0.168	0.000	0.000
76	  E	  0.8	  0.1	0.168	0.000	0.000
77	  K	  0.5	  0.1	0.168	0.000	0.000
78	  E	  0.4	  0.2	0.168	0.000	0.000
79	  T	  0.3	  0.3	1.890	0.000	0.000
80	  E	  0.0	  0.4	1.890	0.000	0.000
81	  G	  0.0	  0.3	1.890	0.000	0.000
82	  L	  0.4	  0.3	1.890	0.000	0.000
83	  R	  0.7	  0.1	1.890	0.000	0.000
84	  Q	  0.7	  0.1	1.890	0.000	0.000
85	  E	  0.8	  0.1	1.890	0.000	0.000
86	  M	  0.9	  0.1	0.988	0.000	0.000
87	  S	  1.4	  1.3	1.214	0.000	0.000
88	  K	  0.9	  1.4	0.931	0.000	0.000
89	  D	  0.8	  1.4	6.793	0.000	0.000
90	  L	  0.3	  1.3	7.292	0.000	0.000
91	  E	  0.3	  0.1	8.563	0.000	0.000
92	  E	 13.0	  0.0	8.790	0.000	0.000
93	  V	 14.9	  0.0	8.664	0.000	0.000
94	  K	 15.1	  0.0	8.664	0.000	0.000
95	  A	  2.7	  0.0	7.628	0.000	0.000
96	  K	  3.3	  0.0	7.266	0.000	0.000
97	  V	  3.3	  0.0	3.133	0.000	0.000
98	  Q	  3.1	  0.0	2.979	0.000	0.000
99	  P	  0.4	  0.0	0.000	0.000	0.000
100	  Y	  0.7	  0.1	0.000	0.000	0.000
101	  L	  0.7	  0.3	0.000	0.000	0.000
102	  D	  0.8	  0.3	9.705	0.000	0.000
103	  D	  0.5	  0.3	32.324	0.000	0.000
104	  F	  1.8	  0.3	32.324	0.000	0.000
105	  Q	  1.9	  0.0	32.324	0.000	0.000
106	  K	  1.5	  0.0	32.324	0.000	0.000
107	  K	  0.6	  0.0	32.324	0.000	0.000
108	  W	  1.0	  0.0	32.054	0.000	0.000
109	  Q	  1.0	  0.1	31.187	0.000	0.000
110	  E	  0.5	  0.1	28.304	0.000	0.000
111	  E	  0.2	  0.1	27.152	0.000	0.000
112	  M	  0.8	  0.1	25.796	0.000	0.000
113	  E	  0.9	  0.1	24.494	0.000	0.000
114	  L	  0.9	  0.1	23.258	0.000	0.000
115	  Y	  1.8	  0.1	22.118	0.000	0.000
116	  R	  1.8	  0.0	16.235	0.000	0.000
117	  Q	  2.2	  0.0	12.080	0.000	0.000
118	  K	 14.1	  0.0	4.502	0.000	0.000
119	  V	 14.5	  0.0	0.968	0.000	0.000
120	  E	 14.1	  0.0	1.026	0.000	0.000
121	  P	  0.7	  0.0	0.172	0.000	0.000
122	  L	  0.4	  0.0	0.172	0.000	0.000
123	  R	  0.5	  0.0	0.172	0.000	0.000
124	  A	  0.6	  0.1	0.172	0.000	0.000
125	  E	  1.6	  0.1	0.172	0.000	0.000
126	  L	  1.6	  0.1	0.000	0.000	0.000
127	  H	  1.5	  0.6	0.142	0.000	0.000
128	  E	  0.1	  0.8	0.142	0.000	0.000
129	  G	  0.1	  0.8	0.142	0.000	0.000
130	  T	  1.8	  0.8	0.142	0.000	0.000
131	  R	  2.2	  0.3	0.142	0.000	0.000
132	  Q	  2.5	  0.1	0.142	0.000	0.000
133	  K	  1.3	  0.1	0.142	0.000	0.000
134	  L	  1.1	  0.1	0.000	0.000	0.000
135	  H	  1.1	  0.1	0.000	0.000	0.000
136	  E	  1.8	  0.1	0.000	0.000	0.000
137	  L	  1.8	  0.1	0.000	0.000	0.000
138	  H	  1.8	  0.2	0.000	0.000	0.000
139	  E	  0.5	  0.2	0.000	0.000	0.000
140	  K	  1.4	  0.2	0.000	0.000	0.000
141	  L	  1.2	  0.1	0.000	0.000	0.000
142	  S	  1.1	  0.6	0.000	0.000	0.000
143	  P	  0.1	  0.6	0.000	0.000	0.000
144	  L	  0.0	  0.7	0.000	0.000	0.000
145	  G	  0.0	  0.8	2.938	0.000	0.000
146	  E	  0.0	  0.1	3.541	0.000	0.000
147	  E	  1.9	  0.1	3.882	0.000	0.000
148	  V	  2.8	  0.2	3.882	0.000	0.000
149	  R	  2.8	  0.1	4.044	0.000	0.000
150	  D	  0.9	  0.2	4.467	0.000	0.000
151	  R	  0.2	  0.2	4.467	0.000	0.000
152	  A	  0.2	  0.1	4.257	0.000	0.000
153	  R	  0.4	  0.1	3.860	0.000	0.000
154	  A	  0.6	  0.0	2.533	0.000	0.000
155	  H	  2.1	  0.0	1.797	0.000	0.000
156	  V	  2.6	  0.0	0.159	0.000	0.000
157	  D	  2.2	  0.2	0.388	0.000	0.000
158	  A	  1.0	  0.2	0.388	0.000	0.000
159	  L	  0.5	  0.2	0.388	0.000	0.000
160	  R	  0.9	  0.2	0.229	0.000	0.000
161	  T	  1.7	  0.1	0.229	0.000	0.000
162	  H	  2.3	  0.1	0.229	0.000	0.000
163	  L	  1.9	  0.0	0.000	0.000	0.000
164	  A	  0.8	  0.1	0.000	0.000	0.000
165	  P	  0.0	  0.1	0.000	0.000	0.000
166	  Y	  0.1	  0.2	0.576	0.000	0.000
167	  S	  0.1	  0.2	31.864	0.000	0.000
168	  D	  0.1	  0.2	52.426	0.000	0.000
169	  E	  0.1	  0.2	57.056	0.000	0.000
170	  L	  0.3	  0.1	57.125	0.000	0.000
171	  R	  0.5	  0.1	57.125	0.000	0.000
172	  Q	  0.5	  0.0	57.125	0.000	0.000
173	  R	  0.4	  0.0	56.397	0.000	0.000
174	  L	  0.3	  0.0	55.402	0.000	0.000
175	  A	  0.2	  0.0	54.113	0.000	0.000
176	  A	  0.2	  0.0	51.334	0.000	0.000
177	  R	  0.3	  0.0	45.576	0.000	0.000
178	  L	  0.4	  0.0	37.789	0.000	0.000
179	  E	  0.3	  0.0	35.401	0.000	0.000
180	  A	  0.2	  0.0	31.389	0.000	0.000
181	  L	  0.2	  0.0	28.560	0.000	0.000
182	  K	  0.2	  0.4	24.349	0.000	0.000
183	  E	  0.1	  0.7	12.536	0.000	0.000
184	  N	  0.0	  0.9	7.221	0.000	0.000
185	  G	  0.0	  0.9	2.246	0.000	0.000
186	  G	  0.0	  0.6	1.703	0.000	0.000
187	  A	  0.3	  0.3	0.900	0.000	0.000
188	  R	  0.4	  0.1	0.900	0.000	0.000
189	  L	  0.4	  0.2	0.900	0.000	0.000
190	  A	  0.3	  0.2	0.900	0.000	0.000
191	  E	  4.1	  0.2	0.900	0.000	0.000
192	  Y	  6.0	  0.2	0.534	0.000	0.000
193	  H	  6.1	  0.2	0.124	0.000	0.000
194	  A	  2.3	  0.2	0.000	0.000	0.000
195	  K	  0.5	  0.2	0.000	0.000	0.000
196	  A	  0.3	  0.2	0.000	0.000	0.000
197	  S	  0.3	  0.2	0.000	0.000	0.000
198	  E	  0.2	  0.2	0.000	0.000	0.000
199	  H	  1.0	  0.2	0.000	0.000	0.000
200	  L	  1.1	  0.2	0.000	0.000	0.000
201	  S	  1.2	  0.1	0.000	0.000	0.000
202	  T	  6.4	  0.1	0.402	0.000	0.000
203	  L	  6.2	  0.1	0.402	0.000	0.000
204	  S	  6.1	  0.2	0.402	0.000	0.000
205	  E	  0.2	  0.2	0.402	0.000	0.000
206	  K	  0.8	  0.2	0.402	0.000	0.000
207	  A	  0.8	  0.1	0.402	0.000	0.000
208	  K	  0.6	  0.0	0.402	0.000	0.000
209	  P	  0.0	  0.0	0.000	0.000	0.000
210	  A	  0.1	  0.0	0.000	0.000	0.000
211	  L	  0.2	  0.3	0.000	0.000	0.000
212	  E	  0.2	  0.3	0.000	0.000	0.000
213	  D	  0.5	  0.3	0.000	0.000	0.000
214	  L	  0.8	  0.4	0.000	0.000	0.000
215	  R	  0.8	  0.3	0.000	0.000	0.000
216	  Q	  0.4	  0.3	0.000	0.000	0.000
217	  G	  0.1	  0.3	0.000	0.000	0.000
218	  L	  0.1	  0.1	0.000	0.000	0.000
219	  L	  0.1	  0.0	0.000	0.000	0.000
220	  P	  0.1	  0.0	0.000	0.000	0.000
221	  V	  1.6	  0.0	0.000	0.554	0.554
222	  L	  1.7	  0.3	0.000	0.554	0.554
223	  E	  1.9	  0.3	0.000	0.554	0.554
224	  S	  2.0	  0.3	0.000	0.554	0.554
225	  F	  4.6	  0.3	0.000	0.554	0.554
226	  K	  5.7	  0.0	0.000	0.554	0.554
227	  V	  8.4	  0.0	0.000	4.245	4.245
228	  S	  6.3	  0.0	0.000	4.454	4.454
229	  F	  6.0	  0.0	0.000	4.746	4.746
230	  L	  2.4	  0.0	0.000	4.746	4.746
231	  S	  1.9	  0.0	0.628	4.192	4.192
232	  A	  0.9	  0.0	0.628	3.963	3.963
233	  L	  0.2	  0.1	0.628	2.848	2.848
234	  E	  0.2	  0.1	1.063	0.000	0.000
235	  E	  2.7	  0.1	1.247	0.000	0.000
236	  Y	  7.3	  0.1	1.247	0.000	0.000
237	  T	  8.3	  0.1	0.849	0.000	0.000
238	  K	  5.8	  0.1	0.849	0.000	0.000
239	  K	  1.8	  0.1	0.849	0.000	0.000
240	  L	  0.8	  0.1	0.394	0.000	0.000
241	  S	  1.2	  0.1	0.394	0.000	0.000
242	  T	  0.7	  0.1	0.000	0.000	0.000
243	  Q	  0.5	  0.1	0.000	0.000	0.000
