res	aa	Beta	Turn	Helix	Aggregation	Conc-Stab_Aggregation
01	  D	  0.0	  0.0	0.000	0.000	0.000
02	  E	  0.0	  0.0	0.000	0.000	0.000
03	  P	  0.0	  0.1	0.000	0.000	0.000
04	  R	  0.2	  0.1	0.000	0.000	0.000
05	  S	  0.5	  0.1	0.000	0.000	0.000
06	  S	  6.3	  0.5	0.000	0.000	0.000
07	  W	  6.7	  0.5	0.000	0.000	0.000
08	  D	  6.6	  0.5	0.000	0.000	0.000
09	  Q	  1.9	  0.5	0.000	0.000	0.000
10	  V	  2.7	  0.2	0.000	0.000	0.000
11	  K	  2.6	  0.1	0.000	0.000	0.000
12	  D	  1.6	  0.1	2.961	0.000	0.000
13	  L	  0.1	  0.1	2.961	40.648	40.648
14	  A	  0.8	  0.0	2.961	41.904	41.904
15	  T	  6.8	  0.0	2.961	41.904	41.904
16	  V	 12.7	  0.0	2.961	41.904	41.904
17	  Y	 13.4	  0.0	2.961	41.904	41.904
18	  V	  8.2	  0.1	1.215	38.627	38.627
19	  D	  2.1	  0.1	1.377	0.325	0.325
20	  A	  1.2	  0.1	1.099	0.325	0.325
21	  I	  0.8	  0.4	1.099	0.325	0.325
22	  K	  0.8	  0.5	1.099	0.325	0.325
23	  D	  0.3	  2.5	0.434	0.000	0.000
24	  G	  0.0	  2.6	0.285	0.000	0.000
25	  G	  0.0	  2.2	0.000	0.000	0.000
26	  R	  0.2	  2.1	0.000	0.000	0.000
27	  E	  0.3	  0.2	0.000	0.000	0.000
28	  Y	  2.9	  0.1	0.000	0.786	0.786
29	  V	  4.3	  0.0	0.000	0.786	0.786
30	  A	  4.5	  0.0	0.000	0.786	0.786
31	  Q	  9.0	  0.0	0.000	0.786	0.786
32	  F	  9.8	  0.0	0.134	0.786	0.786
33	  E	  9.6	  0.0	0.382	0.000	0.000
34	  A	  2.8	  0.1	0.382	0.000	0.000
35	  S	  0.5	  0.3	1.069	0.000	0.000
36	  A	  0.4	  0.4	1.069	0.000	0.000
37	  L	  0.2	  0.5	1.069	0.000	0.000
38	  G	  0.1	  0.5	1.069	0.000	0.000
39	  K	  0.2	  0.3	0.935	0.000	0.000
40	  Q	  1.1	  0.2	0.686	0.000	0.000
41	  L	  2.8	  0.1	0.446	0.000	0.000
42	  N	  3.0	  0.0	1.267	0.000	0.000
43	  L	  3.6	  0.0	1.114	0.000	0.000
44	  K	  2.2	  0.0	0.977	0.000	0.000
45	  L	  2.2	  0.0	0.821	0.000	0.000
46	  L	  0.8	  0.3	0.821	0.000	0.000
47	  D	  0.6	  0.3	0.821	0.000	0.000
48	  N	  0.8	  0.9	0.357	0.000	0.000
49	  W	  1.2	  1.0	0.000	0.000	0.000
50	  D	  1.2	  0.9	0.000	0.000	0.000
51	  S	  6.5	  1.2	0.000	0.000	0.000
52	  L	  6.3	  0.6	0.000	0.000	0.000
53	  S	  6.6	  0.6	0.000	0.000	0.000
54	  S	  0.9	  0.5	0.000	0.000	0.000
55	  T	  2.4	  0.2	0.000	0.000	0.000
56	  L	  2.2	  0.1	0.000	0.000	0.000
57	  N	  2.2	  0.0	0.264	0.000	0.000
58	  K	  2.2	  0.0	0.264	0.000	0.000
59	  V	  2.6	  0.0	0.264	0.000	0.000
60	  R	  2.5	  0.1	0.264	0.000	0.000
61	  E	  0.6	  0.1	0.264	0.000	0.000
62	  Q	  0.2	  0.1	0.264	0.000	0.000
63	  I	  0.1	  0.1	0.000	0.000	0.000
64	  G	  0.1	  0.0	0.000	0.000	0.000
65	  P	  0.0	  0.0	0.000	0.000	0.000
66	  V	  4.1	  0.0	0.000	0.000	0.000
67	  T	  4.6	  0.1	0.000	0.000	0.000
68	  Q	  5.0	  0.1	0.000	0.000	0.000
69	  E	  1.3	  0.1	0.000	0.552	0.552
70	  F	  1.8	  0.0	0.000	0.782	0.782
71	  W	  2.8	  0.0	0.000	0.782	0.782
72	  V	 10.1	  0.0	0.265	0.782	0.782
73	  K	 10.7	  0.0	0.265	0.782	0.782
74	  L	  9.6	  0.1	0.564	0.782	0.782
75	  E	  2.3	  0.1	0.694	0.229	0.229
76	  K	  0.4	  0.1	1.068	0.000	0.000
77	  E	  0.4	  0.1	1.262	0.000	0.000
78	  L	  0.3	  0.1	1.449	0.000	0.000
79	  E	  0.2	  0.1	1.449	0.000	0.000
80	  E	  1.5	  0.1	1.757	0.000	0.000
81	  L	  1.6	  0.1	1.757	0.000	0.000
82	  K	  1.9	  0.1	1.757	0.000	0.000
83	  Q	  0.6	  0.1	1.291	0.000	0.000
84	  E	  1.2	  0.1	0.308	0.000	0.000
85	  L	  0.9	  0.1	0.308	0.000	0.000
86	  D	  0.9	  1.4	1.604	0.000	0.000
87	  K	  0.2	  1.4	1.604	0.000	0.000
88	  D	  0.3	  1.4	8.314	0.000	0.000
89	  L	  0.3	  1.4	8.702	0.000	0.000
90	  E	  0.3	  0.1	9.056	0.000	0.000
91	  E	  1.7	  0.0	9.228	0.000	0.000
92	  V	  4.1	  0.1	8.996	0.000	0.000
93	  R	  4.4	  0.0	8.996	0.000	0.000
94	  Q	  3.3	  0.0	7.936	0.000	0.000
95	  K	  4.0	  0.0	6.104	0.000	0.000
96	  V	  4.0	  0.0	2.556	0.000	0.000
97	  Q	  3.4	  0.0	2.404	0.000	0.000
98	  P	  0.4	  0.0	0.000	0.000	0.000
99	  Y	  0.9	  0.1	0.000	0.000	0.000
100	  L	  0.9	  0.4	0.000	0.000	0.000
101	  D	  1.0	  0.4	5.967	0.000	0.000
102	  D	  1.5	  0.4	15.704	0.000	0.000
103	  F	  3.3	  0.4	15.704	0.000	0.000
104	  E	  3.7	  0.1	15.704	0.000	0.000
105	  K	  2.4	  0.1	15.704	0.000	0.000
106	  K	  1.1	  0.1	15.704	0.000	0.000
107	  W	  1.2	  0.0	14.532	0.000	0.000
108	  Q	  1.2	  0.1	13.177	0.000	0.000
109	  E	  0.6	  0.1	8.374	0.000	0.000
110	  E	  2.0	  0.1	6.488	0.000	0.000
111	  V	  8.9	  0.0	5.055	0.000	0.000
112	  E	  9.4	  0.0	5.055	0.000	0.000
113	  I	  8.9	  0.0	4.359	0.000	0.000
114	  Y	  4.0	  0.0	4.359	0.000	0.000
115	  R	  3.6	  0.1	3.017	0.000	0.000
116	  Q	  2.9	  0.1	2.593	0.000	0.000
117	  K	  5.9	  0.1	0.788	0.000	0.000
118	  V	  6.1	  0.0	0.111	0.000	0.000
119	  A	  5.6	  0.4	0.111	0.000	0.000
120	  P	  0.5	  0.4	0.000	0.000	0.000
121	  L	  0.0	  0.4	0.000	0.000	0.000
122	  G	  0.0	  0.5	1.388	0.000	0.000
123	  E	  0.0	  0.2	1.388	0.000	0.000
124	  E	  0.3	  0.2	1.388	0.000	0.000
125	  L	  0.3	  0.2	1.388	0.000	0.000
126	  R	  0.3	  0.5	1.745	0.000	0.000
127	  E	  0.1	  0.7	1.745	0.000	0.000
128	  G	  0.0	  0.7	1.845	0.000	0.000
129	  A	  0.2	  0.6	1.431	0.000	0.000
130	  R	  0.5	  0.3	1.231	0.000	0.000
131	  Q	  0.8	  0.1	0.999	0.000	0.000
132	  K	  1.1	  0.1	0.999	0.000	0.000
133	  L	  0.9	  0.0	0.641	0.000	0.000
134	  I	  9.6	  0.0	0.414	0.000	0.000
135	  E	 20.1	  0.0	0.414	0.000	0.000
136	  V	 21.2	  0.0	0.218	0.000	0.000
137	  H	 13.9	  0.1	0.218	0.000	0.000
138	  E	  1.7	  0.1	0.000	0.000	0.000
139	  K	  2.4	  0.1	0.000	0.000	0.000
140	  L	  2.3	  0.1	0.000	0.000	0.000
141	  K	  2.2	  0.0	0.000	0.000	0.000
142	  P	  0.1	  0.1	0.000	0.000	0.000
143	  V	  0.1	  0.2	0.000	0.000	0.000
144	  G	  0.1	  0.3	3.066	0.000	0.000
145	  E	  0.1	  0.4	3.603	0.000	0.000
146	  E	  0.3	  0.2	4.140	0.000	0.000
147	  L	  0.5	  0.3	4.140	0.000	0.000
148	  R	  0.5	  0.2	4.140	0.000	0.000
149	  D	  0.3	  0.2	4.278	0.000	0.000
150	  R	  1.8	  0.2	3.947	0.000	0.000
151	  V	  3.1	  0.0	3.694	0.000	0.000
152	  R	  3.3	  0.0	3.694	0.000	0.000
153	  A	  1.8	  0.0	2.362	0.000	0.000
154	  H	  2.0	  0.1	1.962	0.000	0.000
155	  V	  2.7	  0.1	0.000	0.000	0.000
156	  D	  2.4	  0.1	0.153	0.000	0.000
157	  T	  3.6	  0.1	0.153	0.000	0.000
158	  L	  2.8	  0.1	0.153	0.000	0.000
159	  R	  3.1	  0.1	0.153	0.000	0.000
160	  T	  1.6	  0.1	0.153	0.000	0.000
161	  Q	  1.7	  0.1	0.153	0.000	0.000
162	  L	  1.5	  0.1	0.000	0.000	0.000
163	  A	  0.4	  0.1	0.000	0.000	0.000
164	  P	  0.1	  0.1	0.000	0.000	0.000
165	  Y	  0.3	  0.3	0.000	0.000	0.000
166	  S	  0.3	  0.3	2.508	0.000	0.000
167	  D	  0.3	  0.2	5.299	0.000	0.000
168	  T	  2.4	  0.2	20.041	0.000	0.000
169	  M	  2.4	  0.1	20.156	0.000	0.000
170	  R	  2.4	  0.1	20.386	0.000	0.000
171	  E	  0.1	  0.1	20.877	0.000	0.000
172	  R	  0.2	  0.1	22.793	0.000	0.000
173	  L	  0.2	  0.1	22.426	0.000	0.000
174	  A	  0.2	  0.1	21.830	0.000	0.000
175	  E	  0.1	  0.1	20.856	0.000	0.000
176	  R	  0.5	  0.1	17.989	0.000	0.000
177	  L	  0.8	  0.1	15.995	0.000	0.000
178	  Q	  0.9	  0.0	15.119	0.000	0.000
179	  A	  0.7	  0.0	11.769	0.000	0.000
180	  L	  0.4	  0.1	10.296	0.000	0.000
181	  K	  0.3	  1.3	8.030	0.000	0.000
182	  E	  0.1	  1.4	3.168	0.000	0.000
183	  D	  0.1	  2.0	1.517	0.000	0.000
184	  G	  0.0	  2.1	0.113	0.000	0.000
185	  G	  0.0	  1.1	0.143	0.000	0.000
186	  A	  0.5	  1.0	0.143	0.000	0.000
187	  S	  0.6	  0.4	0.774	0.000	0.000
188	  L	  0.6	  0.4	0.774	0.000	0.000
189	  A	  0.3	  0.2	0.774	0.000	0.000
190	  E	  4.1	  0.2	0.774	0.000	0.000
191	  Y	  6.0	  0.2	0.774	0.000	0.000
192	  H	  6.1	  0.2	0.630	0.000	0.000
193	  A	  2.3	  0.2	0.326	0.000	0.000
194	  K	  0.9	  0.2	0.326	0.000	0.000
195	  A	  0.7	  0.2	0.000	0.000	0.000
196	  T	  0.8	  0.1	0.000	0.000	0.000
197	  E	  0.3	  0.1	0.000	0.000	0.000
198	  H	  1.0	  0.1	0.000	0.000	0.000
199	  L	  1.7	  0.1	0.000	0.000	0.000
200	  T	  2.2	  0.0	0.163	0.000	0.000
201	  A	  1.7	  0.0	0.163	0.000	0.000
202	  L	  0.9	  0.1	0.163	0.000	0.000
203	  S	  0.4	  0.2	0.163	0.000	0.000
204	  E	  0.2	  0.2	0.163	0.000	0.000
205	  K	  0.8	  0.2	0.163	0.000	0.000
206	  A	  0.8	  0.1	0.000	0.000	0.000
207	  K	  0.7	  0.0	0.000	0.000	0.000
208	  P	  0.0	  0.0	0.000	0.000	0.000
209	  A	  0.1	  0.0	0.000	0.000	0.000
210	  L	  0.2	  0.3	0.000	0.000	0.000
211	  E	  0.2	  0.3	0.000	0.000	0.000
212	  D	  0.5	  0.3	0.000	0.000	0.000
213	  L	  0.8	  0.4	0.000	0.000	0.000
214	  R	  0.8	  0.3	0.000	0.000	0.000
215	  Q	  0.4	  0.3	0.000	0.000	0.000
216	  G	  0.1	  0.3	0.000	0.000	0.000
217	  L	  0.1	  0.1	0.000	0.000	0.000
218	  L	  0.1	  0.0	0.000	0.000	0.000
219	  P	  0.1	  0.0	0.000	0.000	0.000
220	  V	  1.6	  0.0	0.000	0.192	0.192
221	  L	  1.8	  0.1	0.166	0.192	0.192
222	  E	  1.8	  0.1	0.166	0.192	0.192
223	  S	  0.8	  0.1	0.166	0.192	0.192
224	  L	  2.6	  0.1	0.166	0.192	0.192
225	  K	  3.1	  0.0	0.166	0.192	0.192
226	  V	  2.6	  0.0	0.166	0.192	0.192
227	  G	  0.7	  0.0	0.166	0.192	0.192
228	  F	  0.9	  0.0	0.000	0.192	0.192
229	  L	  1.2	  0.0	0.000	0.192	0.192
230	  H	  1.5	  0.0	0.000	0.000	0.000
231	  A	  0.9	  0.0	0.000	0.000	0.000
232	  L	  0.5	  0.0	0.000	0.000	0.000
233	  D	  0.2	  0.1	4.234	0.000	0.000
234	  E	  0.2	  0.1	4.234	0.000	0.000
235	  A	  0.4	  0.2	4.234	0.000	0.000
236	  S	  0.7	  0.2	4.234	0.000	0.000
237	  K	  0.7	  0.2	4.234	0.000	0.000
238	  Q	  1.4	  0.2	4.234	0.000	0.000
239	  L	  2.0	  0.1	1.420	0.000	0.000
240	  T	  3.1	  0.0	0.449	0.000	0.000
241	  A	  2.1	  0.0	0.449	0.000	0.000
242	  Q	  1.3	  0.0	0.239	0.000	0.000
