res	aa	Beta	Turn	Helix	Aggregation	Conc-Stab_Aggregation
01	  D	  0.0	  0.0	0.000	0.000	0.000
02	  E	  0.0	  0.0	0.000	0.000	0.000
03	  P	  0.0	  0.1	0.000	0.000	0.000
04	  Q	  0.1	  0.1	0.000	0.000	0.000
05	  S	  0.4	  0.1	0.155	0.000	0.000
06	  S	  6.3	  0.6	0.155	0.000	0.000
07	  W	  6.3	  0.5	0.155	0.000	0.000
08	  D	  6.1	  0.5	0.484	0.000	0.000
09	  R	  0.6	  0.5	0.484	0.000	0.000
10	  M	  0.6	  0.6	0.484	0.000	0.000
11	  K	  0.7	  0.5	0.328	0.090	0.090
12	  D	  0.4	  0.5	1.644	0.090	0.090
13	  F	  0.5	  0.7	1.644	43.693	43.693
14	  A	  1.2	  0.2	1.316	44.239	44.239
15	  T	  7.3	  0.2	1.316	44.239	44.239
16	  V	 10.6	  0.2	1.316	44.239	44.239
17	  Y	 10.8	  0.1	1.316	44.239	44.239
18	  L	  5.0	  0.1	0.758	37.114	37.114
19	  D	  1.3	  0.1	0.693	0.355	0.355
20	  A	  1.1	  0.1	0.557	0.355	0.355
21	  V	  2.5	  0.1	0.557	0.355	0.355
22	  K	  2.5	  0.3	0.557	0.355	0.355
23	  D	  1.7	  1.3	0.143	0.000	0.000
24	  S	  0.1	  1.5	0.143	0.000	0.000
25	  G	  0.1	  1.8	0.000	0.000	0.000
26	  K	  0.2	  1.6	0.000	0.000	0.000
27	  D	  0.5	  0.6	0.157	0.000	0.000
28	  Y	  1.4	  0.4	0.157	0.547	0.547
29	  V	  5.1	  0.0	0.157	0.547	0.547
30	  T	  7.3	  0.0	0.157	0.547	0.547
31	  Q	 13.3	  0.0	0.157	0.547	0.547
32	  F	 10.1	  0.1	0.157	0.547	0.547
33	  E	  7.6	  0.1	0.133	0.000	0.000
34	  T	  1.0	  0.1	0.483	0.000	0.000
35	  S	  0.7	  0.4	1.180	0.000	0.000
36	  A	  0.7	  0.4	1.180	0.000	0.000
37	  L	  0.2	  0.5	1.180	0.000	0.000
38	  G	  0.1	  0.5	1.180	0.000	0.000
39	  K	  0.2	  0.3	1.180	0.000	0.000
40	  Q	  1.1	  0.2	0.697	0.000	0.000
41	  L	  2.8	  0.1	0.452	0.000	0.000
42	  N	  3.0	  0.0	1.274	0.000	0.000
43	  L	  3.6	  0.0	1.118	0.000	0.000
44	  K	  2.2	  0.0	0.979	0.000	0.000
45	  L	  2.2	  0.0	0.821	0.000	0.000
46	  L	  0.8	  0.3	0.821	0.000	0.000
47	  D	  0.6	  0.3	0.821	0.000	0.000
48	  N	  0.8	  0.9	0.357	0.000	0.000
49	  W	  1.2	  1.0	0.000	0.000	0.000
50	  D	  1.2	  0.9	0.000	0.000	0.000
51	  S	  5.5	  1.1	0.000	0.000	0.000
52	  L	  5.2	  0.6	0.000	0.000	0.000
53	  S	  5.5	  0.5	0.000	0.000	0.000
54	  S	  1.1	  0.4	0.000	0.000	0.000
55	  T	 18.3	  0.1	0.000	0.000	0.000
56	  V	 18.8	  0.1	0.000	0.000	0.000
57	  S	 18.6	  0.1	0.454	0.000	0.000
58	  K	  1.9	  0.1	0.454	0.000	0.000
59	  L	  0.9	  0.1	0.454	0.000	0.000
60	  R	  0.8	  0.1	0.454	0.000	0.000
61	  E	  0.1	  0.1	0.454	0.000	0.000
62	  Q	  0.2	  0.1	0.454	0.000	0.000
63	  I	  0.1	  0.1	0.134	0.000	0.000
64	  G	  0.1	  0.0	0.134	0.000	0.000
65	  P	  0.0	  0.0	0.000	0.000	0.000
66	  V	  4.1	  0.0	0.000	0.000	0.000
67	  T	  4.6	  0.1	0.000	0.000	0.000
68	  Q	  5.0	  0.1	0.000	0.000	0.000
69	  E	  1.4	  0.1	0.000	0.000	0.000
70	  F	  2.1	  0.1	0.000	0.000	0.000
71	  W	  2.0	  0.2	0.000	0.000	0.000
72	  D	  1.5	  0.3	0.204	0.000	0.000
73	  K	  2.1	  0.3	0.204	0.000	0.000
74	  L	  1.9	  0.2	0.204	0.000	0.000
75	  E	  2.1	  0.2	0.204	0.000	0.000
76	  K	  0.6	  0.2	0.204	0.000	0.000
77	  D	  0.9	  0.2	0.458	0.000	0.000
78	  T	 19.0	  0.1	0.657	0.000	0.000
79	  V	 23.0	  0.0	0.657	0.000	0.000
80	  S	 24.3	  0.0	0.657	0.000	0.000
81	  L	  7.4	  0.0	0.657	0.000	0.000
82	  R	  2.4	  0.1	0.657	0.000	0.000
83	  Q	  0.6	  0.1	0.535	0.000	0.000
84	  E	  1.4	  0.1	0.121	0.000	0.000
85	  M	  1.3	  0.0	0.000	0.000	0.000
86	  N	  1.2	  0.9	0.661	0.000	0.000
87	  K	  0.2	  0.9	0.661	0.000	0.000
88	  D	  0.3	  0.9	5.927	0.000	0.000
89	  L	  0.3	  0.9	6.344	0.000	0.000
90	  E	  0.2	  0.0	7.356	0.000	0.000
91	  E	 12.9	  0.0	7.535	0.000	0.000
92	  V	 18.9	  0.0	7.402	0.000	0.000
93	  K	 19.8	  0.0	7.402	0.000	0.000
94	  L	  9.2	  0.0	6.404	0.000	0.000
95	  K	  5.1	  0.0	5.986	0.000	0.000
96	  V	  4.4	  0.0	3.106	0.000	0.000
97	  Q	  2.9	  0.0	2.936	0.000	0.000
98	  P	  0.4	  0.0	0.000	0.000	0.000
99	  Y	  0.8	  0.1	0.116	0.000	0.000
100	  L	  0.8	  0.1	0.264	0.000	0.000
101	  D	  0.8	  0.1	22.212	0.000	0.000
102	  E	  1.2	  0.1	23.249	0.000	0.000
103	  F	  2.8	  0.1	23.249	0.000	0.000
104	  Q	  2.9	  0.0	23.249	0.000	0.000
105	  K	  1.9	  0.0	23.249	0.000	0.000
106	  R	  1.0	  0.0	23.249	0.000	0.000
107	  W	  1.3	  0.0	23.028	0.000	0.000
108	  Q	  1.2	  0.2	22.309	0.000	0.000
109	  E	  0.5	  0.2	19.900	0.000	0.000
110	  D	  1.9	  0.2	22.177	0.000	0.000
111	  V	  3.1	  0.2	21.641	0.000	0.000
112	  E	  3.3	  0.1	21.739	0.000	0.000
113	  R	  2.4	  0.1	21.380	0.000	0.000
114	  Y	  2.9	  0.1	20.742	0.000	0.000
115	  R	  3.0	  0.1	13.336	0.000	0.000
116	  Q	  2.3	  0.1	10.985	0.000	0.000
117	  Q	  4.5	  0.1	5.280	0.000	0.000
118	  V	  4.8	  0.0	0.842	0.000	0.000
119	  E	  4.6	  0.2	0.745	0.000	0.000
120	  P	  0.7	  0.2	0.000	0.000	0.000
121	  L	  0.0	  0.3	0.000	0.000	0.000
122	  G	  0.0	  0.3	0.000	0.000	0.000
123	  T	  0.1	  0.2	0.152	0.000	0.000
124	  E	  0.4	  0.2	0.152	0.000	0.000
125	  L	  0.4	  0.2	0.152	0.000	0.000
126	  R	  0.3	  0.5	0.550	0.000	0.000
127	  E	  0.1	  0.7	0.550	0.000	0.000
128	  G	  0.0	  0.7	2.333	0.000	0.000
129	  A	  0.2	  0.6	2.182	0.000	0.000
130	  R	  0.6	  0.3	2.182	0.000	0.000
131	  Q	  0.9	  0.1	2.182	0.000	0.000
132	  K	  1.3	  0.1	2.182	0.000	0.000
133	  L	  1.0	  0.1	1.783	0.000	0.000
134	  Q	  0.8	  0.1	1.503	0.000	0.000
135	  E	  1.5	  0.1	1.129	0.000	0.000
136	  L	  1.6	  0.1	0.852	0.000	0.000
137	  H	  1.8	  0.2	0.632	0.000	0.000
138	  E	  0.5	  0.2	0.353	0.000	0.000
139	  K	  1.4	  0.2	0.353	0.000	0.000
140	  L	  1.2	  0.1	0.180	0.000	0.000
141	  S	  1.1	  0.6	0.316	0.000	0.000
142	  P	  0.1	  0.8	0.453	0.000	0.000
143	  L	  0.0	  0.8	0.453	0.000	0.000
144	  G	  0.0	  0.8	8.465	0.000	0.000
145	  Q	  0.1	  0.3	8.465	0.000	0.000
146	  E	  0.4	  0.1	8.598	0.000	0.000
147	  L	  0.6	  0.2	8.598	0.000	0.000
148	  R	  0.5	  0.2	8.959	0.000	0.000
149	  D	  0.2	  0.2	9.370	0.000	0.000
150	  R	  0.2	  0.2	8.595	0.000	0.000
151	  A	  0.2	  0.1	7.992	0.000	0.000
152	  R	  0.4	  0.1	6.976	0.000	0.000
153	  A	  0.6	  0.0	4.541	0.000	0.000
154	  H	  2.0	  0.0	3.115	0.000	0.000
155	  V	  2.5	  0.0	0.714	0.000	0.000
156	  D	  2.1	  0.2	0.939	0.000	0.000
157	  A	  1.0	  0.2	0.790	0.000	0.000
158	  L	  0.5	  0.2	0.790	0.000	0.000
159	  R	  0.9	  0.2	0.410	0.000	0.000
160	  T	  1.7	  0.1	0.225	0.000	0.000
161	  H	  2.2	  0.1	0.225	0.000	0.000
162	  L	  1.9	  0.0	0.000	0.000	0.000
163	  A	  0.8	  0.1	0.000	0.000	0.000
164	  P	  0.0	  0.1	0.000	0.000	0.000
165	  Y	  0.1	  0.2	0.518	0.000	0.000
166	  S	  0.1	  0.2	31.454	0.000	0.000
167	  D	  0.1	  0.2	51.701	0.000	0.000
168	  E	  0.1	  0.2	56.249	0.000	0.000
169	  L	  0.3	  0.1	56.320	0.000	0.000
170	  R	  0.5	  0.1	56.320	0.000	0.000
171	  Q	  0.5	  0.0	56.320	0.000	0.000
172	  R	  0.4	  0.0	55.576	0.000	0.000
173	  L	  0.3	  0.0	54.560	0.000	0.000
174	  A	  0.2	  0.0	53.245	0.000	0.000
175	  A	  0.2	  0.0	50.406	0.000	0.000
176	  R	  0.4	  0.0	44.446	0.000	0.000
177	  L	  0.4	  0.0	36.485	0.000	0.000
178	  E	  0.3	  0.0	33.969	0.000	0.000
179	  A	  0.3	  0.0	29.867	0.000	0.000
180	  L	  0.2	  0.0	26.968	0.000	0.000
181	  K	  0.2	  0.1	22.647	0.000	0.000
182	  E	  0.1	  0.1	10.589	0.000	0.000
183	  S	  0.8	  0.6	4.930	0.000	0.000
184	  S	  0.8	  0.7	1.246	0.000	0.000
185	  S	  0.9	  0.6	0.803	0.000	0.000
186	  L	  0.3	  1.3	0.536	0.000	0.000
187	  A	  0.2	  0.7	0.536	0.000	0.000
188	  D	  0.8	  0.7	1.302	0.000	0.000
189	  Y	  3.5	  0.7	1.302	0.000	0.000
190	  Q	  3.6	  0.0	1.302	0.000	0.000
191	  A	  3.1	  0.0	1.037	0.000	0.000
192	  K	  0.9	  0.0	1.037	0.000	0.000
193	  A	  0.7	  0.0	0.765	0.000	0.000
194	  T	  0.8	  0.1	0.491	0.000	0.000
195	  E	  0.3	  0.1	0.491	0.000	0.000
196	  H	  1.1	  0.1	0.286	0.000	0.000
197	  L	  1.7	  0.1	0.000	0.000	0.000
198	  S	  1.8	  0.3	0.000	0.000	0.000
199	  A	  1.0	  0.3	0.000	0.000	0.000
200	  L	  0.2	  0.4	0.000	0.000	0.000
201	  G	  0.1	  0.4	0.000	0.000	0.000
202	  E	  0.1	  0.2	0.000	0.000	0.000
203	  K	  0.8	  0.2	0.000	0.000	0.000
204	  A	  0.8	  0.1	0.000	0.000	0.000
205	  K	  0.7	  0.0	0.000	0.000	0.000
206	  P	  0.0	  0.0	0.000	0.000	0.000
207	  A	  0.1	  0.0	0.000	0.000	0.000
208	  L	  0.2	  0.3	0.000	0.000	0.000
209	  E	  0.2	  0.3	0.000	0.000	0.000
210	  D	  0.5	  0.3	0.000	0.000	0.000
211	  L	  0.8	  0.4	0.000	0.000	0.000
212	  R	  0.8	  0.3	0.000	0.000	0.000
213	  Q	  0.4	  0.3	0.000	0.000	0.000
214	  G	  0.1	  0.3	0.000	0.000	0.000
215	  L	  0.1	  0.1	0.000	0.000	0.000
216	  L	  0.1	  0.0	0.000	0.000	0.000
217	  P	  0.1	  0.0	0.000	0.000	0.000
218	  V	  1.6	  0.0	0.000	0.000	0.000
219	  L	  1.7	  0.2	0.151	0.000	0.000
220	  E	  1.7	  0.2	0.151	0.000	0.000
221	  N	  0.5	  0.2	0.151	0.000	0.000
222	  L	  1.9	  0.2	0.151	0.000	0.000
223	  K	  2.5	  0.0	0.151	0.000	0.000
224	  M	  5.1	  0.0	0.151	0.318	0.318
225	  S	  4.6	  0.0	0.000	0.628	0.628
226	  F	  5.7	  0.0	0.000	1.063	1.063
227	  W	  4.9	  0.0	0.000	1.063	1.063
228	  S	  4.1	  0.0	0.000	1.063	1.063
229	  A	  2.6	  0.0	0.000	1.063	1.063
230	  V	  0.7	  0.1	0.000	1.063	1.063
231	  D	  0.4	  0.1	16.021	0.000	0.000
232	  E	  0.4	  0.1	16.021	0.000	0.000
233	  A	  0.5	  0.1	16.021	0.000	0.000
234	  T	  1.4	  0.1	16.021	0.000	0.000
235	  K	  1.3	  0.1	16.021	0.000	0.000
236	  K	  2.8	  0.1	16.021	0.000	0.000
237	  L	  2.2	  0.1	4.672	0.000	0.000
238	  T	  4.3	  0.0	0.884	0.000	0.000
239	  T	  2.5	  0.0	0.631	0.000	0.000
240	  Q	  2.2	  0.0	0.435	0.000	0.000
