res	aa	Beta	Turn	Helix	Aggregation	Conc-Stab_Aggregation
01	  D	  0.0	  0.0	0.000	0.000	0.000
02	  E	  0.0	  0.0	0.000	0.000	0.000
03	  P	  0.0	  0.1	0.000	0.000	0.000
04	  Q	  0.3	  0.1	0.000	0.000	0.000
05	  S	  0.7	  0.1	0.325	0.000	0.000
06	  Q	  2.0	  0.1	0.325	0.000	0.000
07	  W	  2.0	  0.1	0.325	0.000	0.000
08	  D	  1.7	  0.1	0.537	0.000	0.000
09	  K	  4.9	  0.1	0.537	0.000	0.000
10	  V	  6.2	  0.3	0.537	0.713	0.713
11	  K	  6.2	  0.3	0.537	0.853	0.853
12	  D	  1.8	  0.3	0.853	0.853	0.853
13	  F	  0.5	  0.4	0.853	61.498	61.498
14	  A	  1.1	  0.2	0.515	62.340	62.340
15	  T	  7.2	  0.2	0.515	62.340	62.340
16	  V	 12.9	  0.2	0.515	62.340	62.340
17	  Y	 13.5	  0.0	0.515	62.340	62.340
18	  V	  8.8	  0.1	0.000	57.361	57.361
19	  D	  2.8	  0.1	0.000	0.072	0.072
20	  S	  2.2	  0.1	0.000	0.072	0.072
21	  I	  1.4	  0.2	0.000	0.072	0.072
22	  K	  1.2	  0.3	0.000	0.072	0.072
23	  D	  0.3	  1.1	0.000	0.000	0.000
24	  S	  0.2	  1.4	0.000	0.000	0.000
25	  G	  0.1	  1.3	0.000	0.000	0.000
26	  R	  0.3	  1.1	0.000	0.000	0.000
27	  E	  0.3	  0.3	0.000	0.000	0.000
28	  Y	  2.0	  0.1	0.000	0.000	0.000
29	  V	  3.8	  0.1	0.000	0.000	0.000
30	  S	  4.2	  0.1	0.000	0.000	0.000
31	  Q	  9.7	  0.1	0.000	0.000	0.000
32	  F	  9.0	  0.2	0.000	0.000	0.000
33	  E	  8.6	  0.2	0.000	0.000	0.000
34	  S	  1.6	  0.2	0.302	0.000	0.000
35	  S	  0.3	  0.5	0.693	0.000	0.000
36	  A	  0.3	  0.5	0.693	0.000	0.000
37	  L	  0.2	  0.5	0.693	0.000	0.000
38	  G	  0.1	  0.5	1.024	0.000	0.000
39	  K	  0.1	  0.3	1.024	0.000	0.000
40	  E	  1.1	  0.2	0.722	0.000	0.000
41	  L	  2.8	  0.1	0.722	0.000	0.000
42	  N	  3.1	  0.5	0.722	0.000	0.000
43	  L	  3.8	  0.4	0.578	0.000	0.000
44	  N	  2.4	  0.4	0.578	0.000	0.000
45	  L	  2.6	  0.4	0.000	0.000	0.000
46	  V	  1.5	  0.2	0.000	0.000	0.000
47	  D	  1.2	  0.2	0.000	0.000	0.000
48	  N	  1.2	  0.7	0.155	0.000	0.000
49	  W	  1.1	  0.8	0.155	0.000	0.000
50	  D	  1.1	  0.7	0.155	0.000	0.000
51	  T	  0.6	  0.9	0.155	0.000	0.000
52	  L	  0.2	  1.1	0.155	0.000	0.000
53	  G	  0.2	  1.1	0.155	0.000	0.000
54	  S	  0.6	  1.0	0.000	0.000	0.000
55	  T	  1.2	  1.0	0.000	0.000	0.000
56	  V	  1.3	  0.3	0.000	0.000	0.000
57	  G	  0.8	  0.3	0.166	0.000	0.000
58	  Q	  1.4	  0.3	0.166	0.000	0.000
59	  L	  1.3	  0.1	0.166	0.000	0.000
60	  Q	  1.4	  0.1	0.166	0.000	0.000
61	  E	  0.2	  0.1	0.166	0.000	0.000
62	  R	  0.3	  0.1	0.166	0.000	0.000
63	  L	  0.2	  0.1	0.166	0.000	0.000
64	  G	  0.1	  0.1	0.708	0.000	0.000
65	  P	  0.0	  0.0	0.543	0.000	0.000
66	  V	  2.0	  0.0	0.543	0.000	0.000
67	  T	  2.2	  0.1	0.543	0.000	0.000
68	  R	  2.4	  0.1	0.543	0.000	0.000
69	  E	  0.9	  0.1	0.543	0.000	0.000
70	  F	  1.9	  0.1	0.150	0.000	0.000
71	  W	  2.0	  0.2	0.000	0.000	0.000
72	  D	  1.6	  0.3	0.324	0.000	0.000
73	  K	  2.1	  0.3	0.324	0.000	0.000
74	  L	  1.9	  0.2	0.324	0.000	0.000
75	  E	  2.0	  0.2	0.324	0.000	0.000
76	  K	  0.5	  0.2	0.324	0.000	0.000
77	  E	  0.5	  0.2	0.324	0.000	0.000
78	  T	  0.7	  0.1	0.941	0.000	0.000
79	  D	  0.8	  0.1	1.086	0.000	0.000
80	  W	  1.8	  0.0	1.086	0.000	0.000
81	  V	  4.1	  0.0	1.086	0.000	0.000
82	  R	  4.0	  0.1	1.086	0.000	0.000
83	  Q	  3.1	  0.1	1.086	0.000	0.000
84	  E	  1.4	  0.1	0.800	0.000	0.000
85	  M	  1.2	  0.0	0.279	0.000	0.000
86	  N	  1.2	  0.8	1.387	0.000	0.000
87	  K	  0.2	  0.8	1.430	0.000	0.000
88	  D	  0.3	  0.8	10.743	0.000	0.000
89	  L	  0.3	  0.9	11.627	0.000	0.000
90	  E	  0.2	  0.0	12.954	0.000	0.000
91	  E	 12.5	  0.0	13.135	0.000	0.000
92	  V	 13.0	  0.1	13.000	0.000	0.000
93	  K	 13.1	  0.0	13.000	0.000	0.000
94	  K	  0.9	  0.0	11.779	0.000	0.000
95	  K	  2.8	  0.0	10.235	0.000	0.000
96	  V	  3.1	  0.0	3.972	0.000	0.000
97	  Q	  3.0	  0.0	3.750	0.000	0.000
98	  P	  0.4	  0.0	0.000	0.000	0.000
99	  F	  0.9	  0.1	0.000	0.000	0.000
100	  L	  0.9	  0.2	0.000	0.000	0.000
101	  D	  1.0	  0.2	6.051	0.000	0.000
102	  E	  1.5	  0.2	6.785	0.000	0.000
103	  F	  3.5	  0.1	6.785	0.000	0.000
104	  Q	  3.6	  0.0	6.785	0.000	0.000
105	  K	  2.2	  0.0	6.785	0.000	0.000
106	  K	  1.0	  0.0	6.785	0.000	0.000
107	  W	  1.2	  0.0	5.507	0.000	0.000
108	  K	  1.3	  0.1	4.758	0.000	0.000
109	  E	  0.6	  0.1	2.629	0.000	0.000
110	  E	  5.2	  0.1	2.112	0.000	0.000
111	  V	  7.5	  0.1	1.561	0.000	0.000
112	  D	  7.8	  0.0	1.946	0.000	0.000
113	  L	  3.0	  0.0	1.782	0.000	0.000
114	  Y	  2.4	  0.1	1.782	0.000	0.000
115	  R	  2.3	  0.1	1.150	0.000	0.000
116	  Q	  2.8	  0.1	0.996	0.000	0.000
117	  K	 17.5	  0.1	0.547	0.000	0.000
118	  V	 17.9	  0.0	0.123	0.000	0.000
119	  E	 17.4	  0.2	0.123	0.000	0.000
120	  P	  0.8	  0.2	0.000	0.000	0.000
121	  L	  0.0	  0.3	0.000	0.000	0.000
122	  G	  0.0	  0.3	0.000	0.000	0.000
123	  T	  0.1	  0.1	0.000	0.000	0.000
124	  E	  1.5	  0.1	0.000	0.000	0.000
125	  L	  1.6	  0.1	0.000	0.000	0.000
126	  H	  1.7	  0.4	1.142	0.000	0.000
127	  E	  0.4	  0.3	1.142	0.000	0.000
128	  S	  1.1	  0.3	2.492	0.000	0.000
129	  A	  1.1	  0.4	2.492	0.000	0.000
130	  R	  1.4	  0.1	2.492	0.000	0.000
131	  Q	  0.9	  0.1	2.492	0.000	0.000
132	  K	  1.3	  0.1	1.903	0.000	0.000
133	  L	  1.0	  0.1	1.493	0.000	0.000
134	  Q	  0.8	  0.1	1.210	0.000	0.000
135	  E	  1.5	  0.1	0.690	0.000	0.000
136	  L	  1.7	  0.1	0.412	0.000	0.000
137	  H	  2.4	  0.1	0.245	0.000	0.000
138	  T	  1.6	  0.1	0.000	0.000	0.000
139	  R	  2.6	  0.1	0.000	0.000	0.000
140	  L	  2.0	  0.1	0.000	0.000	0.000
141	  T	  1.5	  0.0	0.000	0.000	0.000
142	  P	  0.2	  0.0	0.000	0.000	0.000
143	  V	  0.8	  0.0	0.000	0.000	0.000
144	  A	  0.8	  0.1	0.207	0.000	0.000
145	  E	  0.9	  0.1	0.418	0.000	0.000
146	  E	  0.9	  0.1	0.418	0.000	0.000
147	  F	  1.7	  0.3	0.418	0.000	0.000
148	  R	  1.7	  0.2	0.418	0.000	0.000
149	  D	  0.9	  0.3	0.418	0.000	0.000
150	  R	  0.7	  0.3	0.418	0.000	0.000
151	  L	  0.9	  0.2	0.418	0.000	0.000
152	  R	  1.2	  0.1	0.418	0.000	0.000
153	  T	  2.5	  0.1	0.000	0.000	0.000
154	  H	  3.8	  0.2	0.000	0.000	0.000
155	  V	  4.6	  0.2	0.000	0.000	0.000
156	  D	  2.7	  0.2	0.176	0.000	0.000
157	  S	  3.3	  0.2	0.441	0.000	0.000
158	  L	  2.3	  0.2	0.441	0.000	0.000
159	  R	  2.6	  0.2	0.441	0.000	0.000
160	  T	  1.4	  0.1	0.441	0.000	0.000
161	  Q	  2.2	  0.1	0.441	0.000	0.000
162	  I	  2.3	  0.0	0.265	0.000	0.000
163	  A	  1.4	  0.2	0.265	0.000	0.000
164	  P	  0.4	  0.2	0.000	0.000	0.000
165	  H	  0.0	  0.7	0.000	0.000	0.000
166	  S	  0.0	  0.8	0.533	0.000	0.000
167	  D	  0.0	  0.6	2.368	0.000	0.000
168	  Q	  1.0	  0.6	2.368	0.000	0.000
169	  M	  1.1	  0.1	2.368	0.000	0.000
170	  R	  1.1	  0.2	2.543	0.000	0.000
171	  E	  0.1	  0.2	2.543	0.000	0.000
172	  S	  0.2	  0.2	5.433	0.000	0.000
173	  L	  0.2	  0.1	4.862	0.000	0.000
174	  A	  0.3	  0.1	4.862	0.000	0.000
175	  Q	  0.5	  0.1	4.715	0.000	0.000
176	  R	  1.2	  0.1	3.784	0.000	0.000
177	  L	  1.1	  0.1	3.561	0.000	0.000
178	  T	  0.9	  0.1	4.403	0.000	0.000
179	  E	  1.6	  0.1	4.403	0.000	0.000
180	  L	  1.7	  0.3	4.043	0.000	0.000
181	  K	  1.7	  0.3	3.669	0.000	0.000
182	  N	  0.3	  0.2	2.791	0.000	0.000
183	  N	  0.1	  0.5	2.531	0.000	0.000
184	  P	  0.0	  0.2	0.000	0.000	0.000
185	  T	  0.6	  0.2	0.168	0.000	0.000
186	  L	  0.8	  0.2	0.168	0.000	0.000
187	  I	  4.1	  0.0	0.168	0.000	0.000
188	  E	  7.3	  0.0	0.168	0.000	0.000
189	  Y	  8.0	  0.0	0.168	0.000	0.000
190	  H	  5.8	  0.0	0.168	0.000	0.000
191	  T	  1.9	  0.1	0.000	0.000	0.000
192	  R	  1.2	  0.1	0.000	0.000	0.000
193	  A	  0.4	  0.3	0.000	0.000	0.000
194	  K	  0.2	  0.3	0.000	0.000	0.000
195	  D	  0.1	  0.3	0.000	0.000	0.000
196	  H	  1.0	  0.3	0.000	0.000	0.000
197	  L	  1.1	  0.1	0.000	0.000	0.000
198	  R	  1.5	  0.1	0.000	0.000	0.000
199	  T	  0.7	  0.1	0.513	0.000	0.000
200	  L	  0.5	  0.2	0.513	0.000	0.000
201	  G	  0.2	  0.2	0.513	0.000	0.000
202	  E	  0.1	  0.2	0.513	0.000	0.000
203	  K	  0.8	  0.2	0.513	0.000	0.000
204	  A	  0.8	  0.1	0.513	0.000	0.000
205	  K	  0.7	  0.0	0.513	0.000	0.000
206	  P	  0.0	  0.0	0.000	0.000	0.000
207	  A	  0.1	  0.0	0.000	0.000	0.000
208	  L	  0.2	  0.3	0.000	0.000	0.000
209	  E	  0.2	  0.3	0.000	0.000	0.000
210	  D	  0.5	  0.3	0.213	0.000	0.000
211	  L	  1.4	  0.3	0.213	0.000	0.000
212	  R	  1.5	  0.1	0.213	0.000	0.000
213	  H	  1.3	  0.1	0.213	0.000	0.000
214	  S	  0.9	  0.1	0.213	0.000	0.000
215	  L	  0.9	  0.1	0.213	0.000	0.000
216	  M	  0.7	  0.1	0.213	0.000	0.000
217	  P	  0.1	  0.0	0.000	0.000	0.000
218	  M	  0.1	  0.0	0.000	0.000	0.000
219	  L	  0.3	  0.1	0.000	0.000	0.000
220	  E	  0.3	  0.1	0.000	0.000	0.000
221	  S	  1.1	  0.1	1.493	0.000	0.000
222	  I	  2.6	  0.1	1.493	0.000	0.000
223	  K	  2.9	  0.0	1.493	0.000	0.000
224	  T	  3.0	  0.0	1.493	0.000	0.000
225	  R	  2.9	  0.0	1.493	0.000	0.000
226	  V	  5.6	  0.1	1.493	0.000	0.000
227	  K	  5.1	  0.0	1.207	0.000	0.000
228	  S	  4.9	  0.0	0.207	0.000	0.000
229	  V	  6.9	  0.0	0.000	0.000	0.000
230	  I	  6.7	  0.0	0.000	0.000	0.000
231	  D	  5.4	  0.1	0.000	0.000	0.000
232	  K	  0.5	  0.1	0.000	0.000	0.000
233	  A	  0.2	  0.1	0.000	0.000	0.000
234	  S	  0.2	  0.2	0.000	0.000	0.000
235	  E	  0.1	  0.1	0.000	0.000	0.000
236	  A	  0.3	  0.1	0.000	0.000	0.000
237	  L	  1.2	  0.0	0.000	0.000	0.000
238	  T	  1.1	  0.0	0.000	0.000	0.000
239	  A	  0.9	  0.0	0.000	0.000	0.000
