res	aa	Beta	Turn	Helix	Aggregation	Conc-Stab_Aggregation
01	  D	  0.0	  0.0	0.000	0.000	0.000
02	  A	  0.0	  0.4	0.000	0.000	0.000
03	  P	  0.0	  0.5	0.000	0.000	0.000
04	  S	  0.1	  0.6	0.000	0.000	0.000
05	  S	  0.3	  0.6	0.000	0.000	0.000
06	  L	  0.4	  0.2	0.000	0.000	0.000
07	  A	  0.3	  0.1	0.000	0.000	0.000
08	  H	  0.2	  0.0	0.000	0.000	0.000
09	  A	  0.0	  0.0	0.000	0.000	0.000
10	  R	  0.0	  0.0	0.000	0.000	0.000
11	  A	  0.0	  0.0	 -nan	0.000	0.000
12	  A	  0.0	  0.0	 -nan	0.000	0.000
13	  V	  0.0	  0.0	 -nan	0.000	0.000
14	  D	  0.0	  0.0	 -nan	0.000	0.000
15	  V	  0.0	  0.0	 -nan	0.000	0.000
16	  Y	  0.0	  0.0	 -nan	0.000	0.000
17	  L	  0.0	  0.0	 -nan	0.000	0.000
18	  I	  0.0	  0.0	 -nan	0.000	0.000
19	  Q	  0.0	  0.0	 -nan	0.000	0.000
20	  A	  0.0	  0.0	 -nan	0.000	0.000
21	  K	  0.0	  0.0	 -nan	0.000	0.000
22	  E	  0.0	  0.0	 -nan	0.000	0.000
23	  S	  0.0	  0.0	 -nan	0.000	0.000
24	  V	  0.0	  0.0	 -nan	0.000	0.000
25	  N	  0.0	  0.0	 -nan	0.000	0.000
26	  N	  0.0	  0.0	 -nan	0.000	0.000
27	  A	  0.0	  0.0	 -nan	0.000	0.000
28	  L	  0.0	  0.0	 -nan	0.000	0.000
29	  A	  0.0	  0.0	 -nan	0.000	0.000
30	  Q	  0.0	  0.0	 -nan	0.000	0.000
31	  L	  0.0	  0.0	 -nan	0.000	0.000
32	  D	  0.0	  0.0	 -nan	0.000	0.000
33	  D	  0.0	  0.0	 -nan	0.000	0.000
34	  A	  0.0	  0.0	 -nan	0.000	0.000
35	  E	  0.0	  0.0	0.000	0.000	0.000
36	  Y	  0.0	  0.0	0.000	0.000	0.000
37	  K	  0.0	  0.0	 -nan	0.000	0.000
38	  E	  0.0	  0.0	 -nan	0.000	0.000
39	  L	  0.0	  0.0	 -nan	0.000	0.000
40	  K	  0.0	  0.0	 -nan	0.000	0.000
41	  T	  0.0	  0.0	 -nan	0.000	0.000
42	  K	  0.0	  0.0	 -nan	0.000	0.000
43	  I	  0.0	  0.0	 -nan	0.000	0.000
44	  S	  0.0	  0.0	 -nan	0.000	0.000
45	  Q	  0.0	  0.0	 -nan	0.000	0.000
46	  G	  0.0	  0.0	 -nan	0.000	0.000
47	  L	  0.0	  0.0	 -nan	0.000	0.000
48	  D	  0.0	  0.0	 -nan	0.000	0.000
49	  N	  0.0	  0.0	 -nan	0.000	0.000
50	  L	  0.0	  0.0	0.000	0.000	0.000
51	  H	  0.0	  0.0	0.000	0.000	0.000
52	  T	  0.8	  0.0	0.000	0.000	0.000
53	  Q	  2.8	  0.0	0.000	0.000	0.000
54	  I	  4.4	  0.0	0.000	0.000	0.000
55	  K	  3.9	  0.0	0.000	0.000	0.000
56	  T	  4.5	  0.0	0.000	0.000	0.000
57	  L	  2.8	  0.3	0.000	0.000	0.000
58	  Q	  2.6	  0.3	0.000	0.000	0.000
59	  G	  0.1	  0.3	0.000	0.000	0.000
60	  S	 18.3	  0.3	0.000	0.000	0.000
61	  V	 18.6	  0.1	0.000	0.000	0.000
62	  S	 18.6	  0.0	0.139	0.000	0.000
63	  P	  0.4	  0.0	0.139	0.000	0.000
64	  I	  0.5	  0.0	0.139	0.000	0.000
65	  T	  0.5	  0.2	0.139	0.000	0.000
66	  D	  0.6	  0.2	0.139	0.000	0.000
67	  N	  2.3	  0.2	0.139	0.000	0.000
68	  V	  7.0	  0.1	0.000	1.679	1.679
69	  V	  8.0	  0.0	0.000	1.843	1.843
70	  S	  6.3	  0.0	0.000	1.843	1.843
71	  T	  4.5	  0.0	0.000	1.843	1.843
72	  I	  3.6	  0.2	0.000	1.843	1.843
73	  A	  3.1	  0.2	0.000	0.932	0.932
74	  D	  0.2	  0.5	0.000	0.000	0.000
75	  A	  0.2	  0.5	0.000	0.000	0.000
76	  T	  0.5	  0.7	0.000	0.000	0.000
77	  A	  0.5	  0.7	0.000	0.000	0.000
78	  D	  1.6	  0.4	0.000	0.000	0.000
79	  F	  3.4	  0.4	0.000	0.000	0.000
80	  R	  3.5	  0.0	0.000	0.000	0.000
81	  A	  2.7	  0.0	0.000	0.000	0.000
82	  S	  1.4	  0.0	0.000	0.000	0.000
83	  V	  2.6	  0.0	0.000	0.000	0.000
84	  M	  2.1	  0.2	0.000	0.000	0.000
85	  A	  1.6	  0.2	0.000	0.000	0.000
86	  D	  2.0	  0.2	0.794	0.000	0.000
87	  I	  2.5	  0.3	0.794	0.000	0.000
88	  E	  2.4	  0.1	1.134	0.000	0.000
89	  S	  2.5	  0.1	1.427	0.000	0.000
90	  V	  4.2	  0.1	1.427	0.000	0.000
91	  K	  4.5	  0.0	1.427	0.000	0.000
92	  A	  2.8	  0.0	1.254	0.000	0.000
93	  E	  1.3	  0.0	1.254	0.000	0.000
94	  L	  1.0	  0.0	0.867	0.000	0.000
95	  Q	  0.9	  0.2	0.867	0.000	0.000
96	  P	  0.1	  0.1	0.000	0.000	0.000
97	  K	  3.4	  0.1	0.000	0.000	0.000
98	  Y	  7.9	  0.2	0.000	0.000	0.000
99	  T	  8.9	  0.1	0.000	0.000	0.000
100	  K	  6.3	  0.1	0.000	0.000	0.000
101	  L	  1.8	  0.1	0.000	0.000	0.000
102	  R	  1.0	  0.1	0.000	0.000	0.000
103	  E	  0.8	  0.0	0.000	0.000	0.000
104	  V	  6.1	  0.0	0.000	0.000	0.000
105	  I	  6.2	  0.0	0.000	0.000	0.000
106	  D	  5.7	  0.1	0.530	0.000	0.000
107	  K	  0.4	  0.1	0.530	0.000	0.000
108	  H	  0.7	  0.1	0.530	0.000	0.000
109	  L	  0.7	  0.2	0.530	0.000	0.000
110	  E	  0.6	  0.1	0.530	0.000	0.000
111	  E	  0.9	  0.1	0.530	0.000	0.000
112	  Y	  1.4	  0.2	0.371	0.000	0.000
113	  R	  1.7	  0.1	0.163	0.000	0.000
114	  T	  1.9	  0.1	0.000	0.000	0.000
115	  T	  4.2	  0.1	0.000	0.000	0.000
116	  L	  4.0	  0.0	0.000	0.000	0.000
117	  D	  3.1	  0.0	0.000	0.000	0.000
118	  P	  0.1	  0.0	0.000	0.000	0.000
119	  I	  4.6	  0.0	0.000	0.000	0.000
120	  V	  5.4	  0.0	0.000	0.000	0.000
121	  T	  5.7	  0.0	0.196	0.000	0.000
122	  E	  1.6	  0.0	0.196	0.000	0.000
123	  Y	  2.0	  0.0	0.196	0.000	0.000
124	  Y	  6.4	  0.0	0.196	0.000	0.000
125	  T	  6.5	  0.1	0.196	0.000	0.000
126	  K	  5.4	  0.1	0.196	0.000	0.000
127	  H	  1.2	  0.1	0.326	0.000	0.000
128	  M	  0.5	  0.1	0.129	0.000	0.000
129	  A	  0.5	  0.0	0.129	0.000	0.000
130	  E	  0.3	  0.0	0.306	0.000	0.000
131	  M	  0.4	  0.1	0.306	0.000	0.000
132	  E	  0.3	  0.1	0.306	0.000	0.000
133	  T	  3.4	  0.1	0.990	0.000	0.000
134	  L	  3.5	  0.1	0.990	0.000	0.000
135	  K	  4.3	  0.1	0.990	0.000	0.000
136	  T	  2.0	  0.1	0.684	0.000	0.000
137	  K	  5.8	  0.1	0.684	0.000	0.000
138	  L	  5.1	  0.0	0.684	0.000	0.000
139	  E	  4.2	  0.0	0.432	0.000	0.000
140	  P	  0.1	  0.0	0.000	0.000	0.000
141	  V	  1.5	  0.0	0.000	0.000	0.000
142	  L	  1.6	  0.2	0.000	0.000	0.000
143	  E	  1.6	  0.3	0.000	0.000	0.000
144	  D	  0.5	  0.3	5.755	0.000	0.000
145	  L	  0.6	  0.3	5.755	0.000	0.000
146	  R	  0.8	  0.1	5.755	0.000	0.000
147	  T	  1.4	  0.1	5.755	0.000	0.000
148	  K	  3.5	  0.1	5.755	0.000	0.000
149	  M	  3.7	  0.0	5.755	0.000	0.000
150	  T	  3.3	  0.1	0.687	0.000	0.000
151	  T	  1.4	  0.1	0.687	0.000	0.000
152	  N	  4.2	  0.1	0.687	0.000	0.000
153	  I	  3.8	  0.1	0.000	0.000	0.000
154	  E	  3.5	  0.1	0.000	0.000	0.000
155	  E	  0.8	  0.1	0.000	0.000	0.000
156	  T	  2.3	  0.2	0.163	0.000	0.000
157	  K	  2.7	  0.1	0.163	0.000	0.000
158	  T	  2.7	  0.1	0.163	0.000	0.000
159	  A	  1.7	  0.1	0.163	0.000	0.000
160	  L	  1.3	  0.0	0.163	0.000	0.000
161	  M	  0.8	  0.0	0.163	0.000	0.000
162	  P	  0.1	  0.0	0.000	0.000	0.000
163	  I	  3.2	  0.0	0.000	0.000	0.000
164	  V	  3.9	  0.0	0.000	0.000	0.000
165	  E	  4.1	  0.0	0.000	0.000	0.000
166	  T	  2.2	  0.1	1.098	0.000	0.000
167	  T	  1.8	  0.1	1.669	0.000	0.000
168	  R	  1.7	  0.1	1.669	0.000	0.000
169	  A	  0.8	  0.0	1.669	0.000	0.000
170	  K	  1.1	  0.0	1.669	0.000	0.000
171	  I	  1.4	  0.0	1.669	0.000	0.000
172	  Q	  1.2	  0.0	1.669	0.000	0.000
173	  A	  0.8	  0.0	0.969	0.000	0.000
174	  R	  0.9	  0.0	0.828	0.000	0.000
175	  L	  0.8	  0.2	0.329	0.000	0.000
176	  E	  0.5	  0.3	0.329	0.000	0.000
177	  N	  0.9	  0.2	0.881	0.000	0.000
178	  L	  0.8	  0.3	0.552	0.000	0.000
179	  R	  0.9	  0.0	0.552	0.000	0.000
180	  E	  0.2	  0.0	0.552	0.000	0.000
181	  M	  1.4	  0.0	0.552	0.000	0.000
182	  I	  1.7	  0.0	0.552	0.000	0.000
183	  N	  1.6	  0.0	0.552	0.000	0.000
184	  P	  0.4	  0.0	0.000	0.000	0.000
185	  Y	  2.2	  0.0	0.000	0.000	0.000
186	  V	  2.9	  0.1	0.000	0.000	0.000
187	  E	  2.9	  0.1	0.000	0.000	0.000
188	  E	  4.1	  0.1	0.000	0.000	0.000
189	  Y	  4.2	  0.1	0.000	0.000	0.000
190	  K	  4.3	  0.1	0.000	0.000	0.000
191	  E	  0.9	  0.1	0.000	0.000	0.000
192	  Q	  1.2	  0.1	0.000	0.000	0.000
193	  V	  3.5	  0.1	0.000	0.000	0.000
194	  K	  3.6	  0.0	0.000	0.000	0.000
195	  Q	  2.8	  0.0	0.000	0.000	0.000
196	  A	  1.1	  0.0	0.000	0.000	0.000
197	  V	  3.0	  0.0	0.000	0.000	0.000
198	  S	  2.8	  0.1	0.000	0.000	0.000
199	  Q	  2.4	  0.1	0.000	0.000	0.000
200	  A	  0.4	  0.1	0.000	0.000	0.000
201	  Q	  0.6	  0.0	0.000	0.000	0.000
202	  A	  1.0	  0.0	0.000	0.000	0.000
203	  V	  2.0	  0.1	0.000	0.000	0.000
204	  S	  2.2	  0.6	0.200	0.000	0.000
205	  T	  1.7	  0.8	0.200	0.000	0.000
206	  D	  0.6	  0.9	3.307	0.000	0.000
207	  D	  0.3	  0.8	4.313	0.000	0.000
208	  L	  1.1	  0.2	4.313	0.000	0.000
209	  T	  1.6	  0.1	4.699	0.000	0.000
210	  A	  1.7	  0.0	4.699	0.000	0.000
211	  M	  0.9	  0.0	4.699	0.000	0.000
212	  R	  0.4	  0.1	2.967	0.000	0.000
213	  E	  0.2	  0.1	2.271	0.000	0.000
214	  K	  3.5	  0.1	1.863	0.000	0.000
215	  I	  3.9	  0.0	0.348	0.000	0.000
216	  A	  3.8	  0.0	0.493	0.000	0.000
217	  P	  0.4	  0.0	1.091	0.000	0.000
218	  L	  0.0	  0.0	1.919	0.000	0.000
219	  A	  0.0	  0.0	4.021	0.000	0.000
220	  E	  0.0	  0.0	4.377	0.000	0.000
221	  E	  6.9	  0.0	4.545	0.000	0.000
222	  I	  7.2	  0.2	4.545	0.000	0.000
223	  K	  7.3	  0.1	4.545	0.000	0.000
224	  N	  0.6	  0.1	4.545	0.000	0.000
225	  K	  1.2	  0.1	3.625	0.000	0.000
226	  F	  2.7	  0.2	1.477	0.724	0.724
227	  Q	  2.6	  0.2	0.000	0.724	0.724
228	  S	  2.0	  0.2	0.000	0.724	0.724
229	  I	  1.3	  0.2	0.000	1.000	1.000
230	  F	  6.8	  0.0	0.000	1.000	1.000
231	  E	  6.7	  0.0	0.000	0.276	0.276
232	  I	  8.0	  0.0	0.000	5.942	5.942
233	  I	  4.1	  0.0	0.000	6.343	6.343
234	  S	  3.9	  0.0	0.584	6.343	6.343
235	  A	  1.9	  0.0	0.584	6.343	6.343
236	  A	  0.4	  0.0	0.584	6.343	6.343
237	  Y	  1.0	  0.0	0.584	6.141	6.141
238	  A	  1.0	  0.0	0.584	1.693	1.693
239	  K	  0.8	  0.0	0.584	0.276	0.276
240	  S	  0.2	  0.0	0.000	0.000	0.000
