res	aa	Beta	Turn	Helix	Aggregation	Conc-Stab_Aggregation
01	  D	  0.0	  0.0	0.000	0.000	0.000
02	  D	  0.0	  0.5	0.000	0.000	0.000
03	  P	  0.0	  0.5	0.000	0.000	0.000
04	  Q	  0.0	  0.5	0.000	0.000	0.000
05	  T	  0.0	  0.7	0.481	0.000	0.000
06	  P	  0.0	  0.2	0.481	0.000	0.000
07	  L	  0.0	  0.2	0.481	0.000	0.000
08	  D	  0.1	  0.2	0.756	0.000	0.000
09	  R	  4.3	  0.0	0.756	0.000	0.000
10	  I	  4.5	  0.1	0.756	0.000	0.000
11	  R	  4.5	  0.1	0.756	0.000	0.000
12	  D	  0.5	  0.1	1.242	0.000	0.000
13	  M	  0.9	  0.1	1.096	0.000	0.000
14	  V	 10.0	  0.0	0.664	0.000	0.000
15	  D	 12.1	  0.0	0.664	0.000	0.000
16	  V	 14.5	  0.0	0.664	0.000	0.000
17	  Y	  6.5	  0.0	0.664	0.000	0.000
18	  L	  3.6	  0.0	0.463	0.000	0.000
19	  E	  0.7	  0.0	0.595	0.000	0.000
20	  T	 16.1	  0.0	0.429	0.000	0.000
21	  V	 18.1	  0.1	0.429	0.000	0.000
22	  K	 18.2	  0.3	0.429	0.000	0.000
23	  A	  2.6	  0.6	0.241	0.000	0.000
24	  S	  0.3	  0.8	0.241	0.000	0.000
25	  G	  0.1	  1.2	0.000	0.000	0.000
26	  K	  0.1	  0.9	0.000	0.000	0.000
27	  D	  0.2	  0.6	0.335	0.000	0.000
28	  A	  0.4	  0.4	0.335	0.177	0.177
29	  I	  1.4	  0.0	0.335	0.177	0.177
30	  A	  1.6	  0.0	0.335	0.177	0.177
31	  Q	  8.8	  0.0	0.335	0.177	0.177
32	  F	  9.2	  0.1	0.335	0.177	0.177
33	  E	  8.9	  0.2	0.000	0.000	0.000
34	  S	  1.6	  0.2	0.000	0.000	0.000
35	  S	  0.5	  0.2	0.000	0.000	0.000
36	  A	  0.5	  0.3	0.000	0.000	0.000
37	  V	  0.5	  0.3	0.000	0.000	0.000
38	  G	  0.2	  0.4	0.000	0.000	0.000
39	  K	  0.2	  0.4	0.000	0.000	0.000
40	  Q	  1.0	  0.2	0.000	0.000	0.000
41	  L	  2.1	  0.1	0.000	0.000	0.000
42	  D	  2.2	  0.1	1.036	0.000	0.000
43	  L	  2.9	  0.1	1.036	0.000	0.000
44	  K	  2.1	  0.1	1.036	0.000	0.000
45	  L	  2.0	  0.4	1.036	0.000	0.000
46	  A	  0.4	  0.5	1.036	0.000	0.000
47	  D	  0.0	  0.5	1.036	0.000	0.000
48	  N	  0.3	  1.2	1.683	0.000	0.000
49	  L	  0.5	  0.9	1.350	0.000	0.000
50	  D	  0.5	  0.8	2.264	0.000	0.000
51	  T	  0.4	  0.8	5.280	0.000	0.000
52	  L	  0.2	  0.2	5.280	0.000	0.000
53	  G	  0.2	  0.2	10.577	0.000	0.000
54	  A	  0.1	  0.1	10.240	0.000	0.000
55	  A	  0.1	  0.1	10.001	0.000	0.000
56	  A	  0.2	  0.0	9.858	0.000	0.000
57	  A	  0.4	  0.0	9.858	0.000	0.000
58	  K	  1.1	  0.0	9.319	0.000	0.000
59	  L	  1.1	  0.1	4.193	0.000	0.000
60	  R	  0.9	  0.5	2.341	0.000	0.000
61	  E	  0.1	  0.5	1.511	0.000	0.000
62	  D	  0.1	  0.5	0.719	0.000	0.000
63	  M	  0.1	  0.5	0.178	0.000	0.000
64	  A	  0.1	  0.2	0.000	0.000	0.000
65	  P	  0.1	  0.2	0.000	0.000	0.000
66	  Y	  1.5	  0.2	0.000	0.000	0.000
67	  Y	  2.3	  0.3	0.000	0.000	0.000
68	  K	  2.9	  0.1	0.000	0.000	0.000
69	  E	  3.4	  0.1	0.000	0.000	0.000
70	  V	  3.1	  0.1	0.000	0.000	0.000
71	  R	  2.5	  0.0	0.124	0.000	0.000
72	  E	  0.8	  0.0	0.124	0.000	0.000
73	  M	  0.9	  0.0	0.124	0.000	0.000
74	  W	  1.4	  0.0	0.124	0.000	0.000
75	  L	  1.3	  0.1	0.124	0.000	0.000
76	  K	  0.9	  0.2	0.782	0.000	0.000
77	  D	  0.6	  0.2	3.630	0.000	0.000
78	  T	  0.5	  0.2	13.582	0.000	0.000
79	  E	  0.2	  0.1	13.964	0.000	0.000
80	  A	  0.4	  0.1	13.964	0.000	0.000
81	  L	  0.7	  0.0	13.964	0.000	0.000
82	  R	  0.8	  0.0	13.964	0.000	0.000
83	  A	  0.6	  0.0	13.548	0.000	0.000
84	  E	  0.8	  0.0	10.972	0.000	0.000
85	  L	  1.1	  0.0	6.767	0.000	0.000
86	  T	  1.5	  0.3	5.274	0.000	0.000
87	  K	  0.9	  0.2	5.122	0.000	0.000
88	  D	  0.7	  0.2	4.336	0.000	0.000
89	  L	  0.3	  0.3	3.462	0.000	0.000
90	  E	  0.3	  0.1	3.715	0.000	0.000
91	  E	 13.9	  0.0	3.558	0.000	0.000
92	  V	 15.4	  0.1	3.354	0.000	0.000
93	  K	 15.6	  0.1	3.354	0.000	0.000
94	  E	  2.0	  0.1	2.277	0.000	0.000
95	  K	  3.0	  0.1	2.074	0.000	0.000
96	  I	  3.2	  0.0	0.798	0.000	0.000
97	  R	  3.2	  0.0	0.798	0.000	0.000
98	  P	  0.5	  0.0	0.000	0.000	0.000
99	  F	  1.0	  0.1	0.000	0.000	0.000
100	  L	  1.2	  0.2	0.000	0.000	0.000
101	  D	  1.9	  0.2	0.000	0.000	0.000
102	  Q	  3.5	  0.2	0.000	0.000	0.000
103	  F	  4.3	  0.2	0.000	0.000	0.000
104	  S	  3.9	  0.1	0.000	0.000	0.000
105	  T	  2.6	  0.1	0.000	0.000	0.000
106	  K	  4.0	  0.1	0.000	0.000	0.000
107	  W	  4.4	  0.0	0.000	0.000	0.000
108	  T	  3.2	  0.1	0.513	0.000	0.000
109	  E	  0.8	  0.1	0.513	0.000	0.000
110	  E	  0.2	  0.1	0.931	0.000	0.000
111	  L	  0.2	  0.2	1.345	0.000	0.000
112	  E	  0.4	  0.2	1.345	0.000	0.000
113	  Q	  2.5	  0.1	1.345	0.000	0.000
114	  Y	  4.8	  0.2	1.167	0.000	0.000
115	  R	  5.2	  0.1	0.973	0.000	0.000
116	  Q	  3.3	  0.1	0.973	0.000	0.000
117	  R	  2.1	  0.1	0.292	0.000	0.000
118	  L	  1.7	  0.1	0.000	0.000	0.000
119	  T	  1.4	  0.0	0.000	0.000	0.000
120	  P	  0.2	  0.0	0.000	0.000	0.000
121	  V	  1.7	  0.0	0.000	0.000	0.000
122	  A	  1.7	  0.0	0.000	0.000	0.000
123	  Q	  1.9	  0.1	0.000	0.000	0.000
124	  E	  1.6	  0.1	0.000	0.000	0.000
125	  L	  1.6	  0.1	0.000	0.000	0.000
126	  K	  1.6	  0.1	0.279	0.000	0.000
127	  E	  0.9	  0.1	0.279	0.000	0.000
128	  L	  1.3	  0.1	0.279	0.000	0.000
129	  T	  2.6	  0.1	1.155	0.000	0.000
130	  K	  2.2	  0.1	1.155	0.000	0.000
131	  Q	  2.3	  0.1	1.155	0.000	0.000
132	  K	  8.4	  0.1	0.876	0.000	0.000
133	  V	 12.6	  0.0	0.876	0.000	0.000
134	  E	 12.0	  0.0	1.167	0.000	0.000
135	  L	  5.0	  0.0	1.167	0.000	0.000
136	  M	  0.7	  0.0	1.167	0.000	0.000
137	  Q	  0.8	  0.0	0.966	0.000	0.000
138	  A	  0.9	  0.0	0.667	0.000	0.000
139	  K	  4.1	  0.0	0.667	0.000	0.000
140	  L	  4.0	  0.0	0.000	0.000	0.000
141	  T	  3.7	  0.0	0.000	0.000	0.000
142	  P	  0.2	  0.0	0.000	0.000	0.000
143	  V	  0.8	  0.0	0.321	0.000	0.000
144	  A	  0.8	  0.1	1.508	0.000	0.000
145	  E	  0.8	  0.1	2.817	0.000	0.000
146	  E	  0.1	  0.1	3.687	0.000	0.000
147	  A	  0.1	  0.3	3.687	0.000	0.000
148	  R	  0.1	  0.2	3.687	0.000	0.000
149	  D	  0.1	  0.3	3.687	0.000	0.000
150	  R	  0.7	  0.3	3.687	0.000	0.000
151	  L	  0.9	  0.3	3.687	0.000	0.000
152	  R	  0.9	  0.2	2.808	0.000	0.000
153	  G	  0.3	  0.2	3.110	0.000	0.000
154	  H	  2.2	  0.2	3.633	0.000	0.000
155	  V	  2.7	  0.0	5.465	0.000	0.000
156	  E	  2.7	  0.1	8.116	0.000	0.000
157	  E	  0.9	  0.1	8.275	0.000	0.000
158	  L	  0.5	  0.1	8.275	0.000	0.000
159	  R	  1.1	  0.3	8.275	0.000	0.000
160	  K	  0.9	  0.2	8.275	0.000	0.000
161	  N	  0.7	  0.2	7.324	0.000	0.000
162	  L	  0.2	  0.2	3.113	0.000	0.000
163	  A	  0.1	  0.1	2.016	0.000	0.000
164	  P	  0.0	  0.1	0.000	0.000	0.000
165	  Y	  0.3	  0.3	0.000	0.000	0.000
166	  S	  0.2	  0.3	12.359	0.000	0.000
167	  D	  0.2	  0.3	19.120	0.000	0.000
168	  E	  0.2	  0.3	20.752	0.000	0.000
169	  L	  0.5	  0.2	20.752	0.000	0.000
170	  R	  0.8	  0.2	20.752	0.000	0.000
171	  Q	  0.8	  0.1	20.752	0.000	0.000
172	  K	  1.0	  0.1	19.208	0.000	0.000
173	  L	  0.9	  0.1	16.528	0.000	0.000
174	  S	  0.8	  0.1	15.533	0.000	0.000
175	  Q	  0.7	  0.1	11.454	0.000	0.000
176	  K	  2.0	  0.1	6.108	0.000	0.000
177	  L	  1.8	  0.1	4.052	0.000	0.000
178	  E	  1.5	  0.1	4.079	0.000	0.000
179	  E	  1.1	  0.0	3.802	0.000	0.000
180	  I	  1.5	  0.1	3.461	0.000	0.000
181	  R	  1.5	  0.2	3.461	0.000	0.000
182	  E	  0.4	  0.5	2.494	0.000	0.000
183	  K	  0.1	  0.5	2.119	0.000	0.000
184	  G	  0.1	  0.5	1.134	0.000	0.000
185	  I	  0.1	  0.3	0.000	0.000	0.000
186	  P	  0.0	  0.0	0.000	0.000	0.000
187	  Q	  0.1	  0.0	0.000	0.000	0.000
188	  A	  0.1	  0.0	0.000	0.000	0.000
189	  A	  0.2	  0.0	0.000	0.000	0.000
190	  E	  1.7	  0.0	0.000	0.000	0.000
191	  Y	  4.3	  0.0	0.000	0.000	0.000
192	  Q	  4.4	  0.0	0.000	0.000	0.000
193	  A	  3.2	  0.0	0.000	0.000	0.000
194	  K	  2.7	  0.0	0.000	0.000	0.000
195	  V	  6.7	  0.0	0.000	0.000	0.000
196	  V	  7.7	  0.0	0.000	0.000	0.000
197	  E	  5.7	  0.0	0.000	0.000	0.000
198	  Q	  2.2	  0.0	0.000	0.000	0.000
199	  L	  0.9	  0.2	0.000	0.000	0.000
200	  S	  0.9	  0.2	0.000	0.000	0.000
201	  N	  0.8	  0.2	0.374	0.000	0.000
202	  L	  0.8	  0.2	0.374	0.000	0.000
203	  R	  0.8	  0.1	0.374	0.000	0.000
204	  E	  0.2	  0.1	0.374	0.000	0.000
205	  K	  4.2	  0.1	0.374	0.000	0.000
206	  M	  4.3	  0.0	0.374	0.000	0.000
207	  T	  4.3	  0.0	0.000	0.000	0.000
208	  P	  0.2	  0.0	0.000	0.000	0.000
209	  L	  0.3	  0.0	0.000	0.000	0.000
210	  V	  1.1	  0.1	0.000	0.000	0.000
211	  Q	  1.5	  0.1	0.000	0.000	0.000
212	  E	  1.9	  0.1	0.000	0.000	0.000
213	  F	  1.9	  0.1	0.000	0.000	0.000
214	  R	  1.6	  0.1	0.000	0.000	0.000
215	  E	  0.8	  0.1	0.000	0.000	0.000
216	  R	  1.4	  0.1	0.000	0.000	0.000
217	  L	  1.5	  0.1	0.000	0.000	0.000
218	  T	  1.5	  0.2	1.058	0.000	0.000
219	  P	  0.2	  0.2	1.262	0.000	0.000
220	  Y	  0.4	  0.2	1.519	0.000	0.000
221	  A	  0.4	  0.4	2.268	0.000	0.000
222	  E	  0.4	  0.3	2.268	0.000	0.000
223	  N	  0.4	  0.3	2.954	0.000	0.000
224	  L	  0.6	  0.4	2.954	0.000	0.000
225	  K	  0.6	  0.2	2.954	0.000	0.000
226	  N	  0.3	  0.2	3.064	0.000	0.000
227	  R	  0.7	  0.2	1.435	0.000	0.000
228	  L	  1.0	  0.0	1.042	31.131	31.131
229	  I	 12.0	  0.0	0.660	31.131	31.131
230	  T	 12.2	  0.0	1.236	31.131	31.131
231	  L	 12.2	  0.0	1.236	31.131	31.131
232	  L	  1.4	  0.0	1.236	31.131	31.131
233	  D	  0.4	  0.1	1.061	0.000	0.000
234	  E	  0.4	  0.1	1.061	0.000	0.000
235	  L	  0.6	  0.2	1.061	0.000	0.000
236	  Q	  0.9	  0.2	1.061	0.000	0.000
237	  K	  1.5	  0.1	0.643	0.000	0.000
238	  T	  4.6	  0.1	0.000	0.000	0.000
239	  V	  4.3	  0.0	0.000	0.000	0.000
240	  A	  3.3	  0.0	0.000	0.000	0.000
