res	aa	Beta	Turn	Helix	Aggregation	Conc-Stab_Aggregation
01	  D	  0.0	  0.0	0.000	0.000	0.000
02	  D	  0.0	  0.5	0.000	0.000	0.000
03	  P	  0.0	  0.5	0.000	0.000	0.000
04	  Q	  0.0	  0.5	0.000	0.000	0.000
05	  T	  0.0	  0.7	0.165	0.000	0.000
06	  P	  0.0	  0.2	0.165	0.000	0.000
07	  W	  0.2	  0.2	0.165	0.000	0.000
08	  D	  0.3	  0.2	0.374	0.000	0.000
09	  R	  2.0	  0.1	0.374	0.000	0.000
10	  V	  3.4	  0.4	0.374	0.706	0.706
11	  K	  3.4	  0.3	0.374	0.845	0.845
12	  D	  1.8	  0.3	0.866	0.845	0.845
13	  F	  0.5	  0.5	0.866	61.410	61.410
14	  A	  1.1	  0.2	0.657	62.245	62.245
15	  T	  7.2	  0.2	0.657	62.245	62.245
16	  V	 12.9	  0.2	0.657	62.245	62.245
17	  Y	 13.6	  0.0	0.657	62.245	62.245
18	  V	  8.3	  0.1	0.126	57.310	57.310
19	  D	  2.1	  0.1	0.265	0.544	0.544
20	  A	  1.4	  0.1	0.265	0.544	0.544
21	  V	  2.5	  0.1	0.265	0.544	0.544
22	  K	  2.4	  0.3	0.265	0.544	0.544
23	  D	  1.7	  1.1	0.139	0.000	0.000
24	  S	  0.2	  1.4	0.139	0.000	0.000
25	  G	  0.1	  1.3	0.000	0.000	0.000
26	  R	  0.3	  1.1	0.000	0.000	0.000
27	  E	  0.3	  0.3	0.000	0.000	0.000
28	  Y	  3.0	  0.1	0.000	0.793	0.793
29	  V	  4.4	  0.0	0.000	0.793	0.793
30	  A	  4.6	  0.0	0.000	0.793	0.793
31	  Q	  9.1	  0.0	0.000	0.793	0.793
32	  F	  8.8	  0.1	0.000	0.793	0.793
33	  E	  8.5	  0.2	0.000	0.000	0.000
34	  S	  1.6	  0.2	0.420	0.000	0.000
35	  S	  0.3	  0.5	1.085	0.000	0.000
36	  A	  0.3	  0.5	1.085	0.000	0.000
37	  L	  0.2	  0.5	1.085	0.000	0.000
38	  G	  0.1	  0.5	1.085	0.000	0.000
39	  K	  0.2	  0.3	1.085	0.000	0.000
40	  Q	  1.1	  0.2	0.664	0.000	0.000
41	  L	  2.9	  0.1	0.421	0.000	0.000
42	  N	  3.2	  0.5	0.816	0.000	0.000
43	  M	  4.3	  0.5	0.688	0.000	0.000
44	  N	  2.5	  0.5	0.531	0.000	0.000
45	  L	  2.1	  0.5	0.394	0.000	0.000
46	  L	  0.2	  0.5	0.394	0.000	0.000
47	  E	  0.3	  0.5	0.394	0.000	0.000
48	  N	  0.8	  1.0	0.000	0.000	0.000
49	  W	  1.1	  1.1	0.000	0.000	0.000
50	  D	  1.1	  0.7	0.000	0.000	0.000
51	  T	  0.6	  0.7	0.000	0.000	0.000
52	  L	  0.2	  0.5	0.000	0.250	0.250
53	  G	  0.2	  0.4	0.000	0.250	0.250
54	  T	  2.6	  0.3	0.000	0.250	0.250
55	  T	  3.2	  0.5	0.000	0.250	0.250
56	  V	  3.3	  0.4	0.000	0.250	0.250
57	  G	  0.7	  0.4	0.322	0.000	0.000
58	  R	  0.6	  0.4	0.322	0.000	0.000
59	  L	  0.6	  0.3	0.322	0.000	0.000
60	  Q	  0.7	  0.1	0.322	0.000	0.000
61	  E	  0.2	  0.1	0.322	0.000	0.000
62	  Q	  0.2	  0.1	0.322	0.000	0.000
63	  L	  0.1	  0.1	0.145	0.000	0.000
64	  G	  0.1	  0.1	0.145	0.000	0.000
65	  P	  0.0	  0.0	0.000	0.000	0.000
66	  V	  0.9	  0.0	0.000	0.000	0.000
67	  T	  0.9	  0.1	1.678	0.000	0.000
68	  E	  1.0	  0.1	1.678	0.000	0.000
69	  E	  0.6	  0.1	1.678	0.000	0.000
70	  F	  1.6	  0.1	1.678	0.000	0.000
71	  W	  1.9	  0.5	1.678	0.000	0.000
72	  K	  1.5	  0.5	1.678	0.000	0.000
73	  N	  0.9	  0.5	1.508	0.000	0.000
74	  L	  0.7	  0.5	0.924	0.000	0.000
75	  E	  0.8	  0.2	0.620	0.000	0.000
76	  K	  0.6	  0.2	0.341	0.000	0.000
77	  D	  0.6	  1.0	2.351	0.000	0.000
78	  T	  0.4	  1.0	10.249	0.000	0.000
79	  D	  0.2	  1.0	12.875	0.000	0.000
80	  A	  0.3	  1.0	12.875	0.000	0.000
81	  L	  1.8	  0.2	12.875	0.000	0.000
82	  R	  2.2	  0.1	12.875	0.000	0.000
83	  L	  2.6	  0.1	12.686	0.000	0.000
84	  E	  1.9	  0.1	10.824	0.000	0.000
85	  L	  1.7	  0.1	8.721	0.000	0.000
86	  N	  1.0	  1.0	7.774	0.000	0.000
87	  K	  0.2	  0.9	4.206	0.000	0.000
88	  D	  0.3	  0.9	1.623	0.000	0.000
89	  L	  0.4	  1.0	1.251	0.000	0.000
90	  E	  0.5	  0.1	1.251	0.000	0.000
91	  K	  4.7	  0.0	1.251	0.000	0.000
92	  V	  6.2	  0.1	0.825	0.000	0.000
93	  K	  6.3	  0.1	0.825	0.000	0.000
94	  E	  2.0	  0.1	0.620	0.000	0.000
95	  R	  3.4	  0.1	0.492	0.000	0.000
96	  V	  3.6	  0.0	0.160	0.000	0.000
97	  Q	  3.6	  0.0	0.160	0.000	0.000
98	  P	  0.4	  0.0	0.000	0.000	0.000
99	  Y	  1.0	  0.1	0.000	0.000	0.000
100	  L	  1.2	  0.2	0.000	0.000	0.000
101	  D	  1.9	  0.2	0.000	0.000	0.000
102	  Q	  5.0	  0.2	0.000	0.000	0.000
103	  F	  6.6	  0.2	0.000	0.000	0.000
104	  Q	  6.1	  0.1	0.000	0.000	0.000
105	  N	  3.1	  0.1	0.129	0.000	0.000
106	  Q	  4.2	  0.1	0.129	0.000	0.000
107	  W	  4.5	  0.0	0.653	0.000	0.000
108	  Q	  3.6	  0.1	0.893	0.000	0.000
109	  E	  0.8	  0.1	1.396	0.000	0.000
110	  E	  0.2	  0.1	1.963	0.000	0.000
111	  M	  0.6	  0.0	2.169	0.000	0.000
112	  A	  0.8	  0.0	2.169	0.000	0.000
113	  L	  0.8	  0.0	2.169	0.000	0.000
114	  Y	  2.4	  0.0	2.169	0.000	0.000
115	  R	  2.5	  0.1	1.305	0.000	0.000
116	  Q	  2.9	  0.1	0.782	0.000	0.000
117	  K	 17.5	  0.1	0.000	0.000	0.000
118	  V	 17.9	  0.0	0.000	0.000	0.000
119	  E	 17.4	  0.2	0.000	0.000	0.000
120	  P	  0.8	  0.2	0.000	0.000	0.000
121	  L	  0.1	  0.2	0.000	0.000	0.000
122	  G	  0.1	  0.2	0.142	0.000	0.000
123	  L	  0.8	  0.1	0.142	0.000	0.000
124	  E	  1.0	  0.1	0.142	0.000	0.000
125	  L	  1.2	  0.2	0.142	0.000	0.000
126	  R	  0.5	  0.2	2.217	0.000	0.000
127	  D	  0.2	  0.2	9.146	0.000	0.000
128	  E	  0.1	  0.2	10.412	0.000	0.000
129	  A	  0.1	  0.2	10.585	0.000	0.000
130	  R	  0.1	  0.2	10.585	0.000	0.000
131	  E	  0.1	  0.1	10.585	0.000	0.000
132	  K	  0.7	  0.1	10.442	0.000	0.000
133	  L	  1.0	  0.1	9.518	0.000	0.000
134	  Q	  1.1	  0.0	8.636	0.000	0.000
135	  A	  0.7	  0.0	7.042	0.000	0.000
136	  L	  0.7	  0.1	6.654	0.000	0.000
137	  Q	  0.8	  0.1	5.673	0.000	0.000
138	  S	  0.7	  0.2	3.068	0.000	0.000
139	  K	  1.5	  0.2	1.429	0.000	0.000
140	  L	  1.3	  0.1	0.160	0.000	0.000
141	  I	  1.2	  0.0	0.000	0.000	0.000
142	  P	  0.1	  0.0	0.000	0.000	0.000
143	  I	  0.1	  0.1	0.000	0.000	0.000
144	  G	  0.0	  0.2	2.107	0.000	0.000
145	  E	  0.1	  0.2	2.637	0.000	0.000
146	  E	  1.2	  0.2	2.985	0.000	0.000
147	  I	  1.4	  0.2	2.985	0.000	0.000
148	  R	  1.4	  0.1	2.985	0.000	0.000
149	  D	  0.2	  0.1	3.462	0.000	0.000
150	  R	  0.7	  0.1	3.305	0.000	0.000
151	  M	  3.1	  0.0	3.088	0.000	0.000
152	  R	  4.6	  0.0	2.038	0.000	0.000
153	  V	 13.2	  0.0	1.158	0.000	0.000
154	  R	 15.8	  0.0	1.409	0.000	0.000
155	  V	 14.9	  0.0	0.845	0.000	0.000
156	  D	  6.4	  0.1	2.088	0.000	0.000
157	  A	  0.9	  0.1	1.964	0.000	0.000
158	  L	  0.4	  0.2	1.964	0.000	0.000
159	  R	  1.1	  0.5	1.850	0.000	0.000
160	  R	  0.9	  0.5	1.850	0.000	0.000
161	  D	  0.8	  0.5	1.615	0.000	0.000
162	  L	  0.1	  0.6	0.847	0.000	0.000
163	  G	  0.0	  0.5	0.847	0.000	0.000
164	  P	  0.0	  0.4	0.000	0.000	0.000
165	  Y	  0.7	  0.4	0.000	0.000	0.000
166	  S	  0.7	  1.7	1.376	0.000	0.000
167	  E	  0.8	  1.5	1.376	0.000	0.000
168	  N	  0.8	  1.5	8.233	0.000	0.000
169	  M	  0.8	  1.5	8.359	0.000	0.000
170	  R	  0.9	  0.1	8.532	0.000	0.000
171	  E	  0.2	  0.1	8.967	0.000	0.000
172	  R	  1.1	  0.1	9.848	0.000	0.000
173	  V	  2.6	  0.0	10.119	0.000	0.000
174	  A	  2.6	  0.0	10.497	0.000	0.000
175	  Q	  1.9	  0.1	10.045	0.000	0.000
176	  R	  0.5	  0.1	9.353	0.000	0.000
177	  L	  0.4	  0.1	8.119	0.000	0.000
178	  A	  0.2	  0.1	7.910	0.000	0.000
179	  E	  1.5	  0.0	7.690	0.000	0.000
180	  L	  1.7	  0.2	6.900	0.000	0.000
181	  K	  1.7	  0.2	6.237	0.000	0.000
182	  N	  0.4	  0.2	2.496	0.000	0.000
183	  S	  0.2	  0.5	0.339	0.000	0.000
184	  P	  0.0	  0.4	0.000	0.000	0.000
185	  T	  0.5	  0.4	0.226	0.000	0.000
186	  L	  0.5	  1.1	0.226	0.000	0.000
187	  A	  0.6	  0.7	0.226	0.000	0.000
188	  D	  0.7	  0.7	4.749	0.000	0.000
189	  Y	  1.2	  0.8	4.749	0.000	0.000
190	  Q	  1.4	  0.1	4.749	0.000	0.000
191	  T	  1.3	  0.1	5.703	0.000	0.000
192	  K	  1.0	  0.1	5.703	0.000	0.000
193	  A	  0.7	  0.1	5.703	0.000	0.000
194	  R	  0.2	  0.1	5.106	0.000	0.000
195	  E	  0.1	  0.1	4.500	0.000	0.000
196	  Q	  0.9	  0.1	4.090	0.000	0.000
197	  L	  1.4	  0.1	2.797	0.000	0.000
198	  R	  1.5	  0.2	2.342	0.000	0.000
199	  A	  0.7	  0.2	1.861	0.000	0.000
200	  L	  0.3	  0.8	1.578	0.000	0.000
201	  G	  0.1	  0.8	1.126	0.000	0.000
202	  D	  0.0	  0.8	0.624	0.000	0.000
203	  K	  0.7	  0.8	0.151	0.000	0.000
204	  T	  0.8	  0.2	0.000	0.000	0.000
205	  R	  0.8	  0.2	0.000	0.000	0.000
206	  P	  0.2	  0.0	0.000	0.000	0.000
207	  V	  1.6	  0.0	0.000	0.000	0.000
208	  L	  1.7	  0.3	0.183	0.000	0.000
209	  E	  1.7	  0.3	0.183	0.000	0.000
210	  D	  0.5	  0.3	0.183	0.000	0.000
211	  L	  0.8	  0.4	0.183	0.000	0.000
212	  R	  0.8	  0.3	0.183	0.000	0.000
213	  Q	  0.4	  0.3	0.183	0.000	0.000
214	  G	  0.1	  0.3	0.000	0.000	0.000
215	  L	  0.1	  0.2	0.000	0.000	0.000
216	  M	  0.2	  0.0	0.000	0.000	0.000
217	  P	  0.1	  0.0	0.000	0.000	0.000
218	  V	  1.6	  0.0	0.000	0.000	0.000
219	  L	  1.7	  0.3	0.000	0.000	0.000
220	  E	  2.0	  0.3	0.000	0.000	0.000
221	  S	  2.1	  0.3	2.143	0.000	0.000
222	  F	  2.4	  0.4	2.143	0.000	0.000
223	  K	  2.5	  0.1	2.143	0.000	0.000
224	  T	  1.7	  0.1	2.143	0.000	0.000
225	  R	  1.9	  0.1	2.143	0.000	0.000
226	  F	  2.7	  0.0	2.143	32.291	32.291
227	  L	  3.5	  0.0	0.861	32.291	32.291
228	  S	  3.5	  0.0	0.284	32.291	32.291
229	  I	  5.6	  0.0	0.000	32.291	32.291
230	  V	  4.5	  0.0	0.000	32.291	32.291
231	  E	  3.8	  0.0	0.000	0.000	0.000
232	  E	  0.8	  0.0	0.000	0.000	0.000
233	  A	  0.4	  0.1	0.000	0.000	0.000
234	  S	  0.7	  0.1	0.000	0.000	0.000
235	  Q	  0.7	  0.1	0.000	0.000	0.000
236	  K	  1.4	  0.1	0.000	0.000	0.000
237	  I	  2.6	  0.2	0.000	0.000	0.000
238	  S	  2.4	  0.2	0.000	0.000	0.000
239	  G	  1.5	  0.2	0.000	0.000	0.000
240	  Q	  0.0	  0.2	0.000	0.000	0.000
