res	aa	Beta	Turn	Helix	Aggregation	Conc-Stab_Aggregation
01	  D	  0.0	  0.0	0.000	0.000	0.000
02	  D	  0.0	  0.5	0.000	0.000	0.000
03	  P	  0.0	  0.5	0.000	0.000	0.000
04	  Q	  0.0	  0.5	0.000	0.000	0.000
05	  T	  0.0	  0.7	0.165	0.000	0.000
06	  P	  0.0	  0.2	0.165	0.000	0.000
07	  W	  0.2	  0.2	0.165	0.000	0.000
08	  D	  0.3	  0.2	0.374	0.000	0.000
09	  R	  2.0	  0.1	0.374	0.000	0.000
10	  V	  3.4	  0.4	0.374	0.706	0.706
11	  K	  3.4	  0.3	0.374	0.845	0.845
12	  D	  1.8	  0.3	0.866	0.845	0.845
13	  F	  0.5	  0.5	0.866	61.407	61.407
14	  A	  1.1	  0.2	0.657	62.241	62.241
15	  T	  7.2	  0.2	0.657	62.241	62.241
16	  V	 12.9	  0.2	0.657	62.241	62.241
17	  Y	 13.6	  0.0	0.657	62.241	62.241
18	  V	  8.3	  0.1	0.126	57.307	57.307
19	  D	  2.1	  0.1	0.265	0.544	0.544
20	  A	  1.4	  0.1	0.265	0.544	0.544
21	  V	  2.5	  0.1	0.265	0.544	0.544
22	  K	  2.4	  0.3	0.265	0.544	0.544
23	  D	  1.7	  1.1	0.139	0.000	0.000
24	  S	  0.2	  1.4	0.139	0.000	0.000
25	  G	  0.1	  1.3	0.000	0.000	0.000
26	  R	  0.3	  1.1	0.000	0.000	0.000
27	  E	  0.3	  0.3	0.000	0.000	0.000
28	  Y	  2.0	  0.1	0.000	0.000	0.000
29	  V	  3.8	  0.1	0.000	0.000	0.000
30	  S	  4.2	  0.1	0.000	0.000	0.000
31	  Q	  9.7	  0.1	0.000	0.000	0.000
32	  F	  8.2	  0.1	0.000	0.000	0.000
33	  E	  7.7	  0.1	0.138	0.000	0.000
34	  T	  1.1	  0.1	0.497	0.000	0.000
35	  S	  0.7	  0.4	1.071	0.000	0.000
36	  A	  0.7	  0.4	1.071	0.000	0.000
37	  L	  0.2	  0.5	1.071	0.000	0.000
38	  G	  0.1	  0.5	1.244	0.000	0.000
39	  K	  0.2	  0.3	1.244	0.000	0.000
40	  Q	  1.1	  0.2	0.747	0.000	0.000
41	  L	  2.8	  0.1	0.502	0.000	0.000
42	  N	  3.0	  0.4	0.945	0.000	0.000
43	  L	  3.7	  0.4	0.816	0.000	0.000
44	  N	  2.1	  0.4	0.816	0.000	0.000
45	  L	  1.8	  0.4	0.443	0.000	0.000
46	  L	  0.2	  0.5	0.443	0.000	0.000
47	  E	  0.3	  0.5	0.443	0.000	0.000
48	  N	  0.8	  1.0	0.000	0.000	0.000
49	  W	  1.1	  1.1	0.000	0.000	0.000
50	  D	  1.1	  0.7	0.000	0.000	0.000
51	  T	  0.6	  0.9	0.000	0.000	0.000
52	  L	  0.2	  1.1	0.000	0.000	0.000
53	  G	  0.2	  1.1	0.000	0.000	0.000
54	  S	  0.6	  1.0	0.000	0.000	0.000
55	  T	  1.2	  1.0	0.000	0.000	0.000
56	  V	  1.3	  0.5	0.000	0.000	0.000
57	  G	  0.7	  0.4	0.322	0.000	0.000
58	  R	  0.6	  0.4	0.322	0.000	0.000
59	  L	  0.6	  0.3	0.322	0.000	0.000
60	  Q	  0.7	  0.1	0.322	0.000	0.000
61	  E	  0.2	  0.1	0.322	0.000	0.000
62	  Q	  0.2	  0.1	0.322	0.000	0.000
63	  L	  0.1	  0.1	0.142	0.000	0.000
64	  G	  0.1	  0.1	0.142	0.000	0.000
65	  P	  0.0	  0.0	0.000	0.000	0.000
66	  V	  4.1	  0.0	0.000	0.000	0.000
67	  T	  4.6	  0.1	0.000	0.000	0.000
68	  Q	  5.0	  0.1	0.000	0.000	0.000
69	  E	  1.4	  0.1	0.000	0.000	0.000
70	  F	  2.1	  0.1	0.000	0.000	0.000
71	  W	  2.0	  0.4	0.000	0.000	0.000
72	  D	  1.5	  0.5	0.155	0.000	0.000
73	  N	  0.8	  0.5	0.493	0.000	0.000
74	  L	  0.6	  0.4	0.493	0.000	0.000
75	  E	  0.8	  0.1	0.493	0.000	0.000
76	  K	  0.5	  0.1	1.003	0.000	0.000
77	  E	  0.4	  0.1	1.136	0.000	0.000
78	  T	  0.4	  0.1	9.463	0.000	0.000
79	  E	  0.3	  0.1	9.463	0.000	0.000
80	  W	  0.9	  0.0	9.463	0.000	0.000
81	  L	  0.9	  0.0	9.463	0.000	0.000
82	  R	  1.0	  0.1	9.463	0.000	0.000
83	  R	  0.4	  0.1	9.463	0.000	0.000
84	  E	  1.2	  0.1	7.244	0.000	0.000
85	  M	  1.2	  0.0	4.091	0.000	0.000
86	  N	  1.2	  0.8	3.102	0.000	0.000
87	  K	  0.2	  0.8	1.904	0.000	0.000
88	  D	  0.3	  0.8	7.134	0.000	0.000
89	  L	  0.3	  0.9	7.391	0.000	0.000
90	  E	  0.2	  0.1	8.668	0.000	0.000
91	  E	 13.0	  0.0	8.896	0.000	0.000
92	  V	 14.9	  0.0	8.764	0.000	0.000
93	  K	 15.1	  0.0	8.764	0.000	0.000
94	  A	  2.7	  0.0	7.733	0.000	0.000
95	  K	  3.2	  0.0	7.376	0.000	0.000
96	  V	  3.3	  0.0	3.121	0.000	0.000
97	  Q	  3.1	  0.0	2.969	0.000	0.000
98	  P	  0.4	  0.0	0.000	0.000	0.000
99	  Y	  1.0	  0.1	0.000	0.000	0.000
100	  L	  1.1	  0.2	0.000	0.000	0.000
101	  D	  1.9	  0.2	0.000	0.000	0.000
102	  Q	  5.1	  0.2	0.000	0.000	0.000
103	  F	  5.5	  0.1	0.000	0.000	0.000
104	  Q	  5.0	  0.1	0.000	0.000	0.000
105	  T	  2.0	  0.1	0.000	0.000	0.000
106	  K	  2.2	  0.1	0.000	0.000	0.000
107	  W	  2.6	  0.0	0.161	0.000	0.000
108	  Q	  1.5	  0.1	0.161	0.000	0.000
109	  E	  0.8	  0.1	0.320	0.000	0.000
110	  E	  1.9	  0.1	0.633	0.000	0.000
111	  V	  5.5	  0.0	0.862	0.000	0.000
112	  A	  5.7	  0.0	0.862	0.000	0.000
113	  L	  4.1	  0.0	0.862	0.000	0.000
114	  Y	  2.7	  0.0	0.862	0.000	0.000
115	  R	  2.7	  0.1	0.542	0.000	0.000
116	  Q	  3.0	  0.1	0.396	0.000	0.000
117	  K	  5.4	  0.1	0.000	0.000	0.000
118	  M	  5.2	  0.0	0.000	0.000	0.000
119	  E	  4.9	  0.2	0.000	0.000	0.000
120	  P	  0.1	  0.2	0.000	0.000	0.000
121	  L	  0.0	  0.3	0.000	0.000	0.000
122	  G	  0.0	  0.3	0.458	0.000	0.000
123	  A	  0.1	  0.1	0.458	0.000	0.000
124	  E	  0.4	  0.1	0.458	0.000	0.000
125	  L	  0.6	  0.5	0.458	0.000	0.000
126	  R	  0.5	  0.8	0.774	0.000	0.000
127	  D	  0.2	  0.8	0.774	0.000	0.000
128	  G	  0.0	  0.8	2.877	0.000	0.000
129	  A	  0.2	  0.4	2.723	0.000	0.000
130	  R	  0.5	  0.2	2.723	0.000	0.000
131	  Q	  0.9	  0.1	2.723	0.000	0.000
132	  K	  1.3	  0.1	2.723	0.000	0.000
133	  L	  1.0	  0.1	2.407	0.000	0.000
134	  Q	  0.8	  0.1	2.144	0.000	0.000
135	  E	  0.5	  0.1	1.793	0.000	0.000
136	  L	  0.5	  0.1	1.542	0.000	0.000
137	  Q	  0.6	  0.1	1.345	0.000	0.000
138	  E	  0.3	  0.1	0.910	0.000	0.000
139	  K	  3.8	  0.1	0.665	0.000	0.000
140	  L	  3.8	  0.1	0.354	0.000	0.000
141	  T	  3.7	  0.4	0.176	0.000	0.000
142	  P	  0.2	  0.4	0.000	0.000	0.000
143	  L	  0.0	  0.5	0.000	0.000	0.000
144	  G	  0.0	  0.9	1.360	0.000	0.000
145	  E	  0.0	  0.5	1.360	0.000	0.000
146	  D	  0.4	  0.5	4.383	0.000	0.000
147	  L	  0.6	  0.6	4.383	0.000	0.000
148	  R	  0.6	  0.2	4.383	0.000	0.000
149	  D	  0.2	  0.2	4.383	0.000	0.000
150	  R	  0.8	  0.2	4.157	0.000	0.000
151	  M	  1.8	  0.1	4.157	0.000	0.000
152	  R	  2.4	  0.1	2.594	0.000	0.000
153	  H	  2.9	  0.1	1.603	0.000	0.000
154	  H	  3.3	  0.1	0.705	0.000	0.000
155	  V	  3.4	  0.0	0.000	0.000	0.000
156	  D	  2.2	  0.1	0.687	0.000	0.000
157	  A	  1.0	  0.1	0.687	0.000	0.000
158	  L	  0.5	  0.2	0.687	0.000	0.000
159	  R	  0.7	  0.2	0.687	0.000	0.000
160	  T	  1.5	  0.1	0.687	0.000	0.000
161	  K	  5.3	  0.1	0.687	0.000	0.000
162	  M	  5.3	  0.0	0.275	0.000	0.000
163	  T	  4.3	  0.1	0.000	0.000	0.000
164	  P	  0.2	  0.1	0.000	0.000	0.000
165	  Y	  0.3	  0.3	0.000	0.000	0.000
166	  S	  0.3	  0.4	3.790	0.000	0.000
167	  D	  0.3	  0.2	8.591	0.000	0.000
168	  Q	  0.9	  0.2	9.378	0.000	0.000
169	  M	  1.1	  0.2	9.624	0.000	0.000
170	  R	  1.1	  0.2	9.911	0.000	0.000
171	  D	  0.2	  0.2	16.086	0.000	0.000
172	  R	  0.1	  0.2	18.797	0.000	0.000
173	  L	  0.1	  0.1	18.876	0.000	0.000
174	  A	  0.2	  0.1	19.500	0.000	0.000
175	  E	  0.1	  0.1	19.424	0.000	0.000
176	  R	  0.2	  0.1	18.570	0.000	0.000
177	  L	  0.2	  0.1	17.185	0.000	0.000
178	  A	  0.4	  0.0	16.527	0.000	0.000
179	  Q	  1.2	  0.0	15.564	0.000	0.000
180	  L	  1.3	  0.2	9.942	0.000	0.000
181	  K	  1.1	  0.2	7.573	0.000	0.000
182	  D	  0.2	  0.2	1.647	0.000	0.000
183	  S	  0.1	  0.5	0.451	0.000	0.000
184	  P	  0.0	  0.4	0.131	0.000	0.000
185	  T	  0.5	  0.4	0.371	0.000	0.000
186	  L	  0.5	  0.5	0.371	0.000	0.000
187	  A	  0.6	  0.2	0.371	0.000	0.000
188	  E	  4.1	  0.2	0.371	0.000	0.000
189	  Y	  4.9	  0.2	0.371	0.000	0.000
190	  H	  5.9	  0.0	0.240	0.000	0.000
191	  T	  2.5	  0.1	0.173	0.000	0.000
192	  K	  1.8	  0.1	0.173	0.000	0.000
193	  A	  0.7	  0.4	0.173	0.000	0.000
194	  A	  0.2	  0.4	0.173	0.000	0.000
195	  D	  0.1	  0.4	0.466	0.000	0.000
196	  H	  0.8	  0.4	0.466	0.000	0.000
197	  L	  1.1	  0.1	0.293	0.000	0.000
198	  K	  1.3	  0.1	0.293	0.000	0.000
199	  A	  0.7	  0.2	0.293	0.000	0.000
200	  F	  0.4	  0.4	0.293	0.000	0.000
201	  G	  0.3	  0.5	0.000	0.000	0.000
202	  E	  0.3	  0.5	0.000	0.000	0.000
203	  K	  0.8	  0.3	0.000	0.000	0.000
204	  A	  0.8	  0.1	0.000	0.000	0.000
205	  K	  0.7	  0.0	0.000	0.000	0.000
206	  P	  0.0	  0.0	0.000	0.000	0.000
207	  A	  0.1	  0.0	0.000	0.000	0.000
208	  L	  0.2	  0.3	0.000	0.000	0.000
209	  E	  0.2	  0.3	0.000	0.000	0.000
210	  D	  0.5	  0.3	0.000	0.000	0.000
211	  L	  0.8	  0.4	0.000	0.000	0.000
212	  R	  0.8	  0.3	0.000	0.000	0.000
213	  Q	  0.4	  0.3	0.000	0.000	0.000
214	  G	  0.1	  0.3	0.000	0.000	0.000
215	  L	  0.1	  0.2	0.000	0.000	0.000
216	  M	  0.1	  0.0	0.000	0.000	0.000
217	  P	  0.1	  0.0	0.000	0.000	0.000
218	  V	  3.7	  0.0	0.000	0.000	0.000
219	  F	  5.0	  0.2	0.000	0.000	0.000
220	  E	  5.3	  0.2	0.000	0.000	0.000
221	  S	  3.3	  0.2	1.758	0.000	0.000
222	  F	  2.3	  0.2	1.758	0.000	0.000
223	  K	  2.3	  0.1	1.758	0.000	0.000
224	  T	  1.7	  0.1	1.758	0.000	0.000
225	  R	  4.6	  0.1	1.758	0.000	0.000
226	  I	  6.0	  0.0	1.758	0.862	0.862
227	  M	  7.4	  0.0	1.758	0.862	0.862
228	  S	  4.6	  0.0	1.518	0.862	0.862
229	  M	  3.1	  0.0	0.968	0.862	0.862
230	  V	  1.4	  0.0	0.730	0.862	0.862
231	  E	  0.9	  0.0	1.281	0.000	0.000
232	  E	  0.8	  0.0	1.281	0.000	0.000
233	  A	  0.5	  0.1	1.281	0.000	0.000
234	  S	  0.6	  0.2	1.429	0.000	0.000
235	  K	  0.5	  0.2	1.267	0.000	0.000
236	  K	  1.1	  0.2	1.094	0.000	0.000
237	  L	  1.3	  0.1	0.345	0.000	0.000
238	  N	  1.3	  0.0	0.148	0.000	0.000
239	  A	  0.4	  0.0	0.148	0.000	0.000
240	  Q	  0.1	  0.0	0.000	0.000	0.000
