res	aa	Beta	Turn	Helix	Aggregation	Conc-Stab_Aggregation
01	  E	  0.0	  0.0	0.000	0.000	0.000
02	  E	  0.0	  0.0	0.000	0.000	0.000
03	  P	  0.0	  0.0	0.000	0.000	0.000
04	  Q	  0.0	  0.0	0.000	0.000	0.000
05	  T	  0.1	  0.4	0.206	0.000	0.000
06	  P	  0.1	  0.4	0.206	0.000	0.000
07	  T	  0.1	  0.5	0.206	0.000	0.000
08	  D	  0.2	  0.5	0.651	0.000	0.000
09	  R	  0.8	  0.1	0.651	0.000	0.000
10	  F	  1.5	  0.2	0.651	0.000	0.000
11	  K	  1.5	  0.2	0.445	0.000	0.000
12	  E	  1.0	  0.2	0.445	0.000	0.000
13	  L	  1.0	  0.2	0.445	0.272	0.272
14	  V	  1.6	  0.3	0.248	0.272	0.272
15	  S	  1.6	  0.2	0.489	0.272	0.272
16	  G	  0.8	  0.2	0.735	0.272	0.272
17	  Y	  1.0	  0.2	0.735	0.272	0.272
18	  L	  1.1	  0.0	0.735	0.272	0.272
19	  K	  1.3	  0.0	0.735	0.000	0.000
20	  K	  1.5	  0.0	0.735	0.000	0.000
21	  I	  2.0	  0.0	0.494	0.000	0.000
22	  H	  2.1	  0.3	0.494	0.000	0.000
23	  E	  1.0	  0.3	0.494	0.000	0.000
24	  L	  0.4	  0.4	0.494	0.000	0.000
25	  G	  0.0	  0.4	0.553	0.000	0.000
26	  K	  0.4	  0.2	0.392	0.000	0.000
27	  E	  0.4	  0.2	0.213	0.000	0.000
28	  K	  2.5	  0.1	0.213	0.000	0.000
29	  L	  2.6	  0.1	0.213	0.000	0.000
30	  T	  3.6	  0.1	1.019	0.000	0.000
31	  Q	  3.0	  0.0	1.019	0.000	0.000
32	  L	  2.9	  0.1	0.806	0.000	0.000
33	  E	  2.0	  0.1	0.806	0.000	0.000
34	  A	  0.4	  0.3	0.806	0.000	0.000
35	  S	  0.2	  0.3	0.806	0.000	0.000
36	  D	  0.1	  0.9	0.000	0.000	0.000
37	  F	  0.2	  1.8	0.000	0.000	0.000
38	  G	  0.2	  1.6	0.000	0.000	0.000
39	  R	  0.3	  1.6	0.000	0.000	0.000
40	  G	  0.2	  1.2	0.000	0.000	0.000
41	  L	  1.3	  0.3	0.000	0.000	0.000
42	  D	  1.4	  0.2	1.186	0.000	0.000
43	  L	  3.1	  0.2	1.186	0.000	0.000
44	  Q	  2.4	  0.0	1.186	0.000	0.000
45	  I	  2.6	  0.0	1.186	0.000	0.000
46	  A	  0.9	  0.1	1.186	0.000	0.000
47	  E	  0.7	  0.1	1.186	0.000	0.000
48	  K	  1.1	  0.1	0.749	0.000	0.000
49	  F	  1.4	  0.3	0.200	0.000	0.000
50	  D	  1.2	  0.2	0.000	0.000	0.000
51	  D	  1.1	  0.4	0.000	0.000	0.000
52	  F	  2.4	  0.6	0.000	0.000	0.000
53	  S	  2.4	  1.5	0.000	0.000	0.000
54	  S	  1.8	  1.5	0.000	0.000	0.000
55	  N	  2.2	  1.3	0.139	0.000	0.000
56	  V	  7.1	  1.1	0.139	0.000	0.000
57	  V	 10.6	  0.0	0.139	0.000	0.000
58	  N	  8.6	  0.3	0.525	0.000	0.000
59	  L	  3.7	  0.4	0.525	0.000	0.000
60	  G	  0.0	  0.4	0.525	0.000	0.000
61	  K	  0.2	  0.4	0.525	0.000	0.000
62	  K	  3.7	  0.1	0.387	0.000	0.000
63	  V	  4.1	  0.1	0.387	0.000	0.000
64	  Q	  3.9	  0.0	0.387	0.000	0.000
65	  P	  0.4	  0.0	0.000	0.000	0.000
66	  Y	  2.1	  0.0	0.000	0.000	0.000
67	  V	  3.2	  0.1	0.000	0.000	0.000
68	  E	  3.2	  0.1	0.000	0.000	0.000
69	  N	  4.5	  0.1	4.573	0.000	0.000
70	  V	  4.1	  0.1	4.573	0.000	0.000
71	  R	  4.3	  0.1	4.573	0.000	0.000
72	  K	  1.6	  0.1	4.573	0.000	0.000
73	  R	  2.9	  0.1	4.573	0.000	0.000
74	  V	  3.9	  0.1	4.573	0.000	0.000
75	  E	  3.5	  0.1	4.573	0.000	0.000
76	  K	  1.4	  0.1	3.933	0.000	0.000
77	  E	  0.3	  0.1	3.560	0.000	0.000
78	  L	  0.3	  0.1	2.762	0.000	0.000
79	  L	  0.2	  0.8	2.342	0.000	0.000
80	  G	  0.1	  0.8	1.854	0.000	0.000
81	  D	  0.2	  1.3	0.288	0.000	0.000
82	  L	  0.5	  1.4	0.000	0.000	0.000
83	  S	  0.7	  0.7	0.484	0.000	0.000
84	  S	  4.6	  0.6	2.335	0.000	0.000
85	  V	  4.9	  0.1	2.465	0.000	0.000
86	  E	  4.9	  0.1	2.465	0.000	0.000
87	  E	  0.9	  0.1	2.465	0.000	0.000
88	  K	  2.8	  0.1	2.465	0.000	0.000
89	  I	  2.9	  0.0	2.309	0.000	0.000
90	  N	  2.9	  0.0	2.309	0.000	0.000
91	  P	  0.3	  0.0	0.000	0.000	0.000
92	  I	  3.0	  0.0	0.000	0.000	0.000
93	  V	  4.4	  0.1	0.000	0.000	0.000
94	  E	  4.5	  0.1	0.000	0.000	0.000
95	  Q	  3.3	  0.1	0.000	0.000	0.000
96	  F	  3.3	  0.1	0.000	0.000	0.000
97	  H	  3.6	  0.0	0.000	0.000	0.000
98	  Q	  2.6	  0.0	0.000	0.000	0.000
99	  R	  2.1	  0.0	0.000	0.000	0.000
100	  W	  1.8	  0.2	0.000	0.000	0.000
101	  S	  1.0	  0.2	0.000	0.000	0.000
102	  D	  0.3	  0.2	0.252	0.000	0.000
103	  Q	  0.8	  0.2	0.252	0.000	0.000
104	  V	 11.0	  0.1	0.252	0.507	0.507
105	  T	 13.6	  0.0	0.252	0.507	0.507
106	  I	 14.2	  0.0	0.252	0.507	0.507
107	  Y	  5.2	  0.0	0.252	0.507	0.507
108	  Q	  2.4	  0.1	0.000	0.507	0.507
109	  E	  1.2	  0.1	0.000	0.000	0.000
110	  K	  6.1	  0.1	0.000	0.000	0.000
111	  V	  8.8	  0.0	0.000	2.045	2.045
112	  T	  9.3	  0.1	0.000	2.045	2.045
113	  S	  3.8	  0.1	0.159	2.045	2.045
114	  L	  1.2	  0.1	0.159	2.045	2.045
115	  Y	  2.6	  0.1	0.159	2.045	2.045
116	  Q	  2.7	  0.1	0.159	0.000	0.000
117	  Q	  3.6	  0.1	0.159	0.000	0.000
118	  L	  1.8	  0.1	0.159	0.000	0.000
119	  Q	  1.7	  0.1	0.422	0.000	0.000
120	  Q	  0.6	  0.1	0.422	0.000	0.000
121	  Q	  0.7	  0.1	0.263	0.000	0.000
122	  A	  0.4	  0.1	0.263	0.000	0.000
123	  K	  0.4	  0.2	0.263	0.000	0.000
124	  E	  0.1	  0.2	0.263	0.000	0.000
125	  N	  1.5	  0.5	1.029	0.000	0.000
126	  I	  2.9	  0.5	0.766	0.000	0.000
127	  D	  3.5	  0.3	0.975	0.000	0.000
128	  T	  9.8	  0.3	1.399	0.000	0.000
129	  V	  8.9	  0.0	1.399	0.000	0.000
130	  R	  8.3	  0.1	1.399	0.000	0.000
131	  E	  0.6	  0.1	1.171	0.000	0.000
132	  K	  3.1	  0.1	1.171	0.000	0.000
133	  I	  3.6	  0.0	0.742	0.000	0.000
134	  R	  3.5	  0.0	0.742	0.000	0.000
135	  P	  0.6	  0.0	0.000	0.000	0.000
136	  L	  0.0	  0.0	0.000	0.000	0.000
137	  A	  0.0	  0.1	0.193	0.000	0.000
138	  E	  0.1	  0.1	0.349	0.000	0.000
139	  E	  0.9	  0.1	0.986	0.000	0.000
140	  F	  1.7	  0.3	0.986	0.000	0.000
141	  R	  1.7	  0.3	0.986	0.000	0.000
142	  D	  0.9	  0.4	1.176	0.000	0.000
143	  K	  0.9	  0.4	1.176	0.000	0.000
144	  L	  1.3	  0.2	1.176	0.000	0.000
145	  R	  1.4	  0.1	1.176	0.000	0.000
146	  A	  0.6	  0.1	0.995	0.000	0.000
147	  E	  0.2	  0.2	0.835	0.000	0.000
148	  A	  0.2	  0.2	0.000	0.000	0.000
149	  D	  0.3	  0.2	0.155	0.000	0.000
150	  V	  2.3	  0.2	0.155	0.000	0.000
151	  L	  4.5	  0.0	0.155	0.000	0.000
152	  R	 10.2	  0.0	0.155	0.000	0.000
153	  V	 10.6	  0.0	0.155	0.000	0.000
154	  D	  8.4	  0.0	0.155	0.000	0.000
155	  L	  2.6	  0.0	0.000	0.000	0.000
156	  A	  0.1	  0.0	0.112	0.000	0.000
157	  P	  0.0	  0.0	0.329	0.000	0.000
158	  V	  0.6	  0.0	1.883	0.000	0.000
159	  T	  0.6	  0.0	33.331	0.000	0.000
160	  E	  0.6	  0.0	34.868	0.000	0.000
161	  E	  0.8	  0.0	35.430	0.000	0.000
162	  I	  2.4	  0.1	35.430	0.000	0.000
163	  R	  2.6	  0.0	35.430	0.000	0.000
164	  R	  2.0	  0.1	35.430	0.000	0.000
165	  K	  0.6	  0.1	34.202	0.000	0.000
166	  R	  0.6	  0.1	21.243	0.000	0.000
167	  K	  0.5	  0.1	16.470	0.000	0.000
168	  E	  0.5	  0.1	12.886	0.000	0.000
169	  L	  0.4	  0.1	11.796	0.000	0.000
170	  Q	  0.5	  0.1	10.522	0.000	0.000
171	  E	  0.3	  0.1	7.865	0.000	0.000
172	  K	  0.5	  0.1	6.112	0.000	0.000
173	  A	  0.4	  0.1	3.716	0.000	0.000
174	  K	  1.1	  0.1	2.869	0.000	0.000
175	  T	  6.1	  0.1	0.296	1.191	1.191
176	  I	  8.2	  0.1	0.296	2.916	2.916
177	  N	 10.6	  0.1	0.296	2.916	2.916
178	  T	  8.7	  0.1	0.135	2.916	2.916
179	  F	  7.6	  0.1	0.135	2.916	2.916
180	  L	  4.4	  0.1	0.135	2.720	2.720
181	  D	  1.2	  0.2	0.135	0.000	0.000
182	  Q	  2.3	  0.2	0.135	0.000	0.000
183	  L	  2.3	  0.1	0.135	0.000	0.000
184	  K	  2.3	  0.1	0.135	0.000	0.000
185	  P	  0.1	  0.0	0.000	0.000	0.000
186	  L	  1.2	  0.0	0.000	0.000	0.000
187	  V	  2.5	  0.0	0.000	0.000	0.000
188	  H	  2.9	  0.1	0.000	0.000	0.000
189	  K	  2.0	  0.1	0.000	0.000	0.000
190	  A	  0.8	  0.1	0.000	0.000	0.000
191	  K	  0.7	  0.1	0.000	0.000	0.000
192	  T	  1.6	  0.1	0.000	0.000	0.000
193	  L	  1.8	  0.1	0.000	0.000	0.000
194	  F	  3.1	  0.2	0.000	0.000	0.000
195	  Q	  1.9	  0.3	0.000	0.000	0.000
196	  D	  2.2	  0.3	0.000	0.000	0.000
197	  S	  2.3	  0.3	0.400	0.000	0.000
198	  F	  2.6	  0.2	0.400	0.000	0.000
199	  K	  2.9	  0.1	0.400	0.000	0.000
200	  T	  5.6	  0.1	4.784	0.000	0.000
201	  I	  5.4	  0.1	4.784	0.000	0.000
202	  E	  4.5	  0.0	4.784	0.000	0.000
203	  E	  0.5	  0.0	4.784	0.000	0.000
204	  I	  2.2	  0.0	4.784	0.000	0.000
205	  I	  3.6	  0.1	4.784	0.000	0.000
206	  K	  3.7	  0.1	4.784	0.000	0.000
207	  S	  1.8	  0.1	3.421	0.000	0.000
208	  E	  0.4	  0.1	1.564	0.000	0.000
209	  M	  0.1	  0.0	0.453	0.000	0.000
210	  P	  0.1	  0.0	0.000	0.000	0.000
211	  W	  0.1	  0.0	0.000	0.000	0.000
212	  L	  0.1	  0.2	0.000	0.000	0.000
213	  P	  0.1	  0.2	0.000	0.000	0.000
214	  H	  0.7	  0.2	0.000	0.000	0.000
215	  H	  0.7	  0.2	0.000	0.000	0.000
216	  K	  0.7	  0.0	0.000	0.000	0.000
