res	aa	Beta	Turn	Helix	Aggregation	Conc-Stab_Aggregation
01	  D	  0.0	  0.0	0.000	0.000	0.000
02	  E	  0.0	  0.0	0.000	0.000	0.000
03	  P	  0.0	  0.0	0.000	0.000	0.000
04	  Q	  0.0	  0.0	0.000	0.000	0.000
05	  S	  0.0	  0.3	0.000	0.000	0.000
06	  P	  0.0	  0.3	0.000	0.000	0.000
07	  W	  0.7	  0.3	0.000	0.000	0.000
08	  D	  0.8	  0.3	0.000	0.000	0.000
09	  Q	  2.0	  0.1	0.000	0.000	0.000
10	  V	  2.9	  0.2	0.000	0.000	0.000
11	  K	  2.8	  0.1	0.000	0.000	0.000
12	  D	  1.7	  0.1	2.172	0.000	0.000
13	  L	  0.1	  0.1	2.172	40.762	40.762
14	  A	  0.8	  0.0	2.172	42.024	42.024
15	  T	  6.8	  0.0	2.172	42.024	42.024
16	  V	 12.1	  0.0	2.172	42.024	42.024
17	  Y	 12.6	  0.0	2.172	42.024	42.024
18	  V	  7.6	  0.0	0.427	38.731	38.731
19	  D	  2.8	  0.0	0.427	0.229	0.229
20	  T	 12.6	  0.0	0.174	0.229	0.229
21	  I	 12.0	  0.1	0.174	0.229	0.229
22	  K	 11.6	  0.2	0.174	0.229	0.229
23	  D	  0.6	  0.5	0.000	0.000	0.000
24	  T	  0.3	  0.7	0.000	0.000	0.000
25	  G	  0.1	  0.9	0.000	0.000	0.000
26	  R	  0.3	  0.8	0.000	0.000	0.000
27	  D	  0.7	  0.5	0.000	0.000	0.000
28	  Y	  3.3	  0.3	0.000	0.792	0.792
29	  V	  4.6	  0.0	0.000	0.792	0.792
30	  A	  4.5	  0.0	0.000	0.792	0.792
31	  Q	  9.0	  0.0	0.000	0.792	0.792
32	  F	  9.9	  0.0	0.135	0.792	0.792
33	  E	  9.7	  0.0	0.386	0.000	0.000
34	  A	  2.9	  0.1	0.386	0.000	0.000
35	  S	  0.5	  0.3	0.583	0.000	0.000
36	  A	  0.4	  0.4	0.583	0.000	0.000
37	  L	  0.2	  0.5	0.583	0.000	0.000
38	  G	  0.1	  0.5	0.583	0.000	0.000
39	  K	  0.2	  0.3	0.449	0.000	0.000
40	  Q	  0.9	  0.2	0.197	0.000	0.000
41	  L	  2.1	  0.1	0.000	0.000	0.000
42	  D	  2.1	  0.1	3.515	0.000	0.000
43	  L	  2.8	  0.1	3.515	0.000	0.000
44	  K	  2.0	  0.1	3.515	0.000	0.000
45	  L	  2.3	  0.0	3.515	0.000	0.000
46	  L	  1.0	  0.0	3.515	0.000	0.000
47	  N	  0.8	  0.0	3.515	0.000	0.000
48	  N	  0.9	  1.9	1.747	0.000	0.000
49	  W	  0.8	  2.2	0.214	0.000	0.000
50	  D	  0.7	  2.2	0.000	0.000	0.000
51	  G	  0.1	  2.2	0.000	0.000	0.000
52	  L	  0.4	  0.4	0.000	0.000	0.000
53	  S	  1.3	  0.7	0.000	0.000	0.000
54	  S	  1.5	  0.7	0.000	0.000	0.000
55	  S	  5.0	  0.7	0.000	0.000	0.000
56	  V	  6.8	  0.6	0.000	0.000	0.000
57	  T	  8.0	  0.1	0.000	0.000	0.000
58	  S	  4.4	  0.1	0.000	0.000	0.000
59	  S	  7.5	  0.3	0.000	0.000	0.000
60	  I	  6.7	  0.3	0.000	0.000	0.000
61	  S	  6.7	  0.2	0.196	0.000	0.000
62	  K	  1.7	  0.2	0.196	0.000	0.000
63	  L	  1.0	  0.1	0.196	0.000	0.000
64	  R	  0.9	  0.2	0.196	0.000	0.000
65	  E	  0.2	  0.1	0.196	0.000	0.000
66	  H	  0.3	  0.1	0.196	0.000	0.000
67	  L	  0.2	  0.1	0.000	0.000	0.000
68	  G	  0.2	  0.0	0.000	0.000	0.000
69	  P	  0.0	  0.0	0.000	0.000	0.000
70	  V	  4.1	  0.0	0.000	0.000	0.000
71	  T	  4.6	  0.1	0.000	0.000	0.000
72	  Q	  5.0	  0.1	0.000	0.000	0.000
73	  E	  1.4	  0.1	0.000	0.000	0.000
74	  F	  2.1	  0.1	0.000	0.000	0.000
75	  W	  2.0	  0.4	0.000	0.000	0.000
76	  D	  1.5	  0.5	0.417	0.000	0.000
77	  N	  0.8	  0.5	0.417	0.000	0.000
78	  L	  0.7	  0.4	0.417	0.000	0.000
79	  E	  0.9	  0.1	0.417	0.000	0.000
80	  K	  0.6	  0.1	0.417	0.000	0.000
81	  Q	  0.6	  0.1	0.417	0.000	0.000
82	  T	  0.4	  0.3	2.231	0.000	0.000
83	  E	  0.1	  0.3	2.231	0.000	0.000
84	  G	  0.0	  0.3	2.411	0.000	0.000
85	  L	  0.2	  0.3	2.411	0.000	0.000
86	  R	  0.4	  0.1	2.411	0.000	0.000
87	  R	  0.4	  0.1	2.411	0.000	0.000
88	  E	  1.3	  0.1	2.411	0.000	0.000
89	  M	  1.4	  0.2	1.350	0.000	0.000
90	  N	  1.3	  0.4	0.702	0.000	0.000
91	  N	  0.2	  0.4	1.545	0.000	0.000
92	  D	  0.2	  0.3	5.081	0.000	0.000
93	  L	  0.2	  0.3	6.216	0.000	0.000
94	  E	  0.3	  0.1	7.633	0.000	0.000
95	  E	 13.4	  0.0	7.825	0.000	0.000
96	  V	 13.9	  0.1	7.825	0.000	0.000
97	  K	 14.0	  0.0	7.825	0.000	0.000
98	  K	  0.9	  0.0	7.369	0.000	0.000
99	  K	  3.0	  0.0	6.641	0.000	0.000
100	  V	  3.3	  0.0	2.858	0.000	0.000
101	  Q	  3.2	  0.0	2.745	0.000	0.000
102	  P	  0.4	  0.0	0.000	0.000	0.000
103	  Y	  0.5	  0.1	0.000	0.000	0.000
104	  L	  0.6	  0.3	0.000	0.000	0.000
105	  D	  0.6	  0.3	11.457	0.000	0.000
106	  D	  0.4	  0.3	41.744	0.000	0.000
107	  F	  1.4	  0.2	41.813	0.000	0.000
108	  Q	  1.5	  0.0	41.813	0.000	0.000
109	  K	  1.2	  0.0	41.813	0.000	0.000
110	  K	  0.5	  0.0	41.813	0.000	0.000
111	  W	  0.8	  0.1	41.700	0.000	0.000
112	  Q	  0.8	  0.2	41.035	0.000	0.000
113	  D	  0.4	  0.2	40.822	0.000	0.000
114	  D	  0.1	  0.2	44.803	0.000	0.000
115	  L	  0.2	  0.2	44.349	0.000	0.000
116	  E	  0.3	  0.1	44.018	0.000	0.000
117	  R	  0.8	  0.1	43.432	0.000	0.000
118	  Y	  1.8	  0.1	41.842	0.000	0.000
119	  R	  1.8	  0.0	32.762	0.000	0.000
120	  Q	  1.6	  0.0	27.247	0.000	0.000
121	  K	 10.5	  0.0	12.069	0.000	0.000
122	  V	 10.9	  0.0	2.710	0.000	0.000
123	  E	 10.6	  0.2	2.321	0.000	0.000
124	  P	  0.5	  0.3	0.000	0.000	0.000
125	  L	  0.0	  0.4	0.000	0.000	0.000
126	  G	  0.0	  0.8	0.000	0.000	0.000
127	  K	  0.1	  0.6	0.000	0.000	0.000
128	  D	  0.5	  0.5	0.146	0.000	0.000
129	  L	  0.7	  0.9	0.146	0.000	0.000
130	  R	  0.7	  0.7	0.146	0.000	0.000
131	  D	  0.2	  0.9	0.146	0.000	0.000
132	  G	  0.0	  0.9	0.590	0.000	0.000
133	  A	  0.2	  0.4	0.590	0.000	0.000
134	  H	  0.4	  0.3	0.444	0.000	0.000
135	  K	  0.5	  0.2	0.444	0.000	0.000
136	  K	  1.5	  0.2	0.444	0.000	0.000
137	  L	  1.4	  0.2	0.444	0.000	0.000
138	  K	  1.4	  0.1	0.149	0.000	0.000
139	  E	  1.6	  0.1	0.000	0.000	0.000
140	  L	  1.6	  0.1	0.000	0.000	0.000
141	  H	  1.6	  0.2	0.000	0.000	0.000
142	  E	  0.3	  0.2	0.000	0.000	0.000
143	  Q	  1.7	  0.2	0.000	0.000	0.000
144	  L	  1.7	  0.2	0.000	0.000	0.000
145	  S	  1.7	  0.6	0.000	0.000	0.000
146	  P	  0.1	  0.6	0.000	0.000	0.000
147	  L	  0.0	  0.7	0.000	0.000	0.000
148	  G	  0.0	  0.8	2.497	0.000	0.000
149	  E	  0.0	  0.2	2.813	0.000	0.000
150	  E	  0.3	  0.2	3.383	0.000	0.000
151	  M	  0.6	  0.3	3.383	0.000	0.000
152	  R	  0.6	  0.2	3.383	0.000	0.000
153	  D	  0.3	  0.3	3.597	0.000	0.000
154	  K	  0.2	  0.3	3.409	0.000	0.000
155	  A	  0.3	  0.1	2.914	0.000	0.000
156	  R	  0.4	  0.1	2.652	0.000	0.000
157	  A	  0.6	  0.0	1.649	0.000	0.000
158	  H	  2.1	  0.0	1.130	0.000	0.000
159	  V	  2.6	  0.0	0.000	0.000	0.000
160	  D	  2.2	  0.2	0.564	0.000	0.000
161	  A	  1.0	  0.2	0.564	0.000	0.000
162	  L	  0.5	  0.2	0.564	0.000	0.000
163	  R	  0.8	  0.2	0.564	0.000	0.000
164	  T	  1.6	  0.1	0.564	0.000	0.000
165	  Q	  1.7	  0.1	0.564	0.000	0.000
166	  L	  1.5	  0.1	0.167	0.000	0.000
167	  A	  0.4	  0.1	0.167	0.000	0.000
168	  P	  0.0	  0.1	0.000	0.000	0.000
169	  Y	  0.2	  0.3	0.112	0.000	0.000
170	  S	  0.2	  0.3	24.136	0.000	0.000
171	  D	  0.2	  0.3	33.268	0.000	0.000
172	  A	  0.2	  0.3	35.348	0.000	0.000
173	  L	  0.4	  0.1	35.468	0.000	0.000
174	  R	  0.8	  0.1	35.468	0.000	0.000
175	  Q	  0.8	  0.1	35.468	0.000	0.000
176	  R	  0.7	  0.1	32.909	0.000	0.000
177	  L	  0.4	  0.0	31.130	0.000	0.000
178	  A	  0.2	  0.0	30.305	0.000	0.000
179	  A	  0.3	  0.0	28.457	0.000	0.000
180	  R	  0.5	  0.0	25.065	0.000	0.000
181	  L	  0.6	  0.0	20.446	0.000	0.000
182	  E	  0.5	  0.0	19.038	0.000	0.000
183	  A	  0.4	  0.0	16.713	0.000	0.000
184	  L	  0.3	  0.1	15.085	0.000	0.000
185	  K	  0.3	  0.3	12.712	0.000	0.000
186	  E	  0.1	  0.5	5.617	0.000	0.000
187	  G	  0.0	  0.7	2.486	0.000	0.000
188	  G	  0.1	  0.6	0.817	0.000	0.000
189	  S	  3.5	  1.4	0.129	0.000	0.000
190	  A	  4.0	  1.2	0.000	0.000	0.000
191	  S	  4.0	  1.0	0.573	0.000	0.000
192	  L	  0.7	  1.7	0.573	0.000	0.000
193	  A	  0.2	  0.7	0.573	0.000	0.000
194	  D	  0.7	  0.7	1.390	0.000	0.000
195	  Y	  3.5	  0.7	1.390	0.000	0.000
196	  Q	  3.6	  0.0	1.390	0.000	0.000
197	  A	  3.1	  0.0	1.107	0.000	0.000
198	  K	  0.9	  0.0	1.107	0.000	0.000
199	  A	  0.7	  0.0	0.817	0.000	0.000
200	  T	  0.8	  0.1	1.119	0.000	0.000
201	  E	  0.3	  0.1	1.119	0.000	0.000
202	  H	  0.9	  0.1	0.916	0.000	0.000
203	  L	  1.2	  0.1	0.573	0.000	0.000
204	  K	  1.2	  0.0	0.573	0.000	0.000
205	  A	  0.8	  0.0	0.573	0.219	0.219
206	  L	  0.6	  0.1	0.398	0.219	0.219
207	  S	  0.7	  0.1	0.185	0.219	0.219
208	  T	  0.6	  0.1	0.619	0.219	0.219
209	  L	  0.4	  0.2	0.619	0.219	0.219
210	  G	  0.2	  0.2	0.619	0.000	0.000
211	  E	  0.1	  0.1	0.619	0.000	0.000
212	  A	  0.3	  0.1	0.619	0.000	0.000
213	  A	  0.3	  0.0	0.619	0.000	0.000
214	  K	  0.2	  0.0	0.619	0.000	0.000
215	  P	  0.0	  0.0	0.000	0.000	0.000
216	  A	  0.1	  0.0	0.000	0.000	0.000
217	  L	  0.2	  0.3	0.000	0.000	0.000
218	  E	  0.2	  0.3	0.000	0.000	0.000
219	  D	  0.1	  0.8	0.000	0.000	0.000
220	  L	  0.0	  0.8	0.000	0.000	0.000
221	  G	  0.0	  0.8	0.000	0.000	0.000
222	  Q	  0.0	  0.7	0.000	0.000	0.000
223	  G	  0.0	  0.3	0.000	0.000	0.000
224	  L	  0.1	  0.2	0.000	0.000	0.000
225	  M	  0.2	  0.0	0.000	0.000	0.000
226	  P	  0.1	  0.0	0.000	0.000	0.000
227	  V	  1.6	  0.0	0.000	1.343	1.343
228	  L	  1.8	  0.1	0.000	1.343	1.343
229	  E	  1.8	  0.1	0.000	1.343	1.343
230	  S	  0.7	  0.1	0.000	1.343	1.343
231	  L	  2.3	  0.1	0.000	1.343	1.343
232	  K	  7.7	  0.0	0.000	1.343	1.343
233	  V	 15.8	  0.0	0.000	21.717	21.717
234	  T	 17.3	  0.0	0.000	23.446	23.446
235	  F	 13.0	  0.0	0.000	23.857	23.857
236	  L	  4.8	  0.0	0.000	23.679	23.679
237	  S	  1.8	  0.0	1.237	22.772	22.772
238	  A	  1.1	  0.0	1.237	21.828	21.828
239	  I	  0.7	  0.0	1.739	17.740	17.740
240	  D	  0.4	  0.1	12.264	0.000	0.000
241	  E	  0.2	  0.1	12.817	0.000	0.000
242	  A	  0.1	  0.1	12.817	0.000	0.000
243	  A	  0.2	  0.1	12.817	0.000	0.000
244	  K	  0.2	  0.1	12.817	0.000	0.000
245	  K	  0.9	  0.1	12.368	0.000	0.000
246	  L	  1.2	  0.1	6.761	0.000	0.000
247	  N	  1.5	  0.0	3.195	0.000	0.000
248	  T	  0.7	  0.0	0.383	0.000	0.000
249	  Q	  0.4	  0.0	0.197	0.000	0.000
