res	aa	Beta	Turn	Helix	Aggregation	Conc-Stab_Aggregation
01	  D	  0.0	  0.0	0.000	0.000	0.000
02	  E	  0.0	  0.0	0.000	0.000	0.000
03	  P	  0.0	  0.2	0.000	0.000	0.000
04	  P	  0.0	  0.3	0.000	0.000	0.000
05	  Q	  0.1	  0.3	0.000	0.000	0.000
06	  S	  0.4	  0.3	0.000	0.000	0.000
07	  S	  6.1	  0.6	0.000	0.000	0.000
08	  W	  6.2	  0.5	0.000	0.000	0.000
09	  D	  6.0	  0.5	0.197	0.000	0.000
10	  R	  1.9	  0.5	0.197	0.000	0.000
11	  V	  3.2	  0.3	0.197	0.707	0.707
12	  K	  3.2	  0.3	0.197	0.845	0.845
13	  D	  1.7	  0.3	0.856	0.845	0.845
14	  F	  0.5	  0.4	0.856	61.538	61.538
15	  A	  1.1	  0.2	0.659	62.374	62.374
16	  T	  7.2	  0.2	0.659	62.374	62.374
17	  V	 13.0	  0.2	0.659	62.374	62.374
18	  Y	 13.6	  0.0	0.659	62.374	62.374
19	  V	  8.3	  0.1	0.127	57.429	57.429
20	  D	  2.1	  0.1	0.127	0.546	0.546
21	  A	  1.4	  0.1	0.127	0.546	0.546
22	  V	  2.5	  0.1	0.127	0.546	0.546
23	  K	  2.7	  0.2	0.127	0.546	0.546
24	  D	  2.0	  0.6	0.000	0.000	0.000
25	  T	  0.4	  0.8	0.000	0.000	0.000
26	  G	  0.1	  1.0	0.000	0.000	0.000
27	  R	  0.4	  0.9	0.000	0.000	0.000
28	  D	  0.7	  0.5	0.000	0.000	0.000
29	  Y	  2.4	  0.3	0.000	0.000	0.000
30	  V	  4.1	  0.1	0.000	0.000	0.000
31	  S	  4.2	  0.1	0.000	0.000	0.000
32	  Q	  9.6	  0.1	0.000	0.000	0.000
33	  F	  8.2	  0.1	0.000	0.000	0.000
34	  E	  7.7	  0.1	0.138	0.000	0.000
35	  T	  1.1	  0.1	0.497	0.000	0.000
36	  S	  0.7	  0.4	1.071	0.000	0.000
37	  A	  0.7	  0.4	1.071	0.000	0.000
38	  L	  0.2	  0.5	1.071	0.000	0.000
39	  G	  0.1	  0.5	1.244	0.000	0.000
40	  K	  0.2	  0.3	1.244	0.000	0.000
41	  Q	  1.1	  0.2	0.747	0.000	0.000
42	  L	  2.8	  0.1	0.502	0.000	0.000
43	  N	  3.0	  0.4	0.945	0.000	0.000
44	  L	  3.7	  0.4	0.816	0.000	0.000
45	  N	  2.1	  0.4	0.816	0.000	0.000
46	  L	  1.8	  0.4	0.443	0.000	0.000
47	  L	  0.2	  0.5	0.443	0.000	0.000
48	  E	  0.3	  0.5	0.443	0.000	0.000
49	  N	  0.8	  1.0	0.000	0.000	0.000
50	  W	  1.1	  1.1	0.000	0.000	0.000
51	  D	  1.1	  0.7	0.000	0.000	0.000
52	  T	  0.6	  0.9	0.000	0.000	0.000
53	  L	  0.2	  0.8	0.000	0.000	0.000
54	  G	  0.2	  0.8	0.000	0.000	0.000
55	  S	  0.3	  0.8	0.000	0.000	0.000
56	  S	  0.7	  0.9	0.000	0.000	0.000
57	  V	  0.8	  0.6	0.000	0.000	0.000
58	  G	  0.5	  0.5	0.325	0.000	0.000
59	  R	  0.6	  0.5	0.325	0.000	0.000
60	  L	  0.6	  0.3	0.325	0.000	0.000
61	  Q	  0.7	  0.1	0.325	0.000	0.000
62	  E	  0.2	  0.1	0.325	0.000	0.000
63	  Q	  0.2	  0.1	0.325	0.000	0.000
64	  L	  0.1	  0.1	0.143	0.000	0.000
65	  G	  0.1	  0.1	0.143	0.000	0.000
66	  P	  0.0	  0.0	0.000	0.000	0.000
67	  V	  4.1	  0.0	0.000	0.000	0.000
68	  T	  4.6	  0.1	0.000	0.000	0.000
69	  Q	  5.0	  0.1	0.000	0.000	0.000
70	  E	  1.4	  0.1	0.000	0.000	0.000
71	  F	  2.1	  0.1	0.000	0.000	0.000
72	  W	  2.0	  0.4	0.000	0.000	0.000
73	  D	  1.5	  0.5	0.000	0.000	0.000
74	  N	  0.8	  0.5	0.000	0.000	0.000
75	  L	  0.7	  0.4	0.000	0.000	0.000
76	  E	  0.9	  0.2	0.000	0.000	0.000
77	  K	  0.7	  0.2	0.000	0.000	0.000
78	  D	  0.7	  0.6	0.224	0.000	0.000
79	  T	  0.8	  0.6	3.330	0.000	0.000
80	  D	  0.5	  0.5	3.564	0.000	0.000
81	  W	  1.1	  0.4	3.564	0.000	0.000
82	  L	  1.1	  0.0	3.564	0.000	0.000
83	  R	  1.3	  0.1	3.564	0.000	0.000
84	  Q	  0.7	  0.1	3.564	0.000	0.000
85	  E	  1.5	  0.1	2.003	0.000	0.000
86	  M	  1.4	  0.1	0.990	0.000	0.000
87	  N	  1.3	  1.0	0.600	0.000	0.000
88	  K	  0.3	  1.1	0.276	0.000	0.000
89	  D	  0.3	  1.1	1.110	0.000	0.000
90	  L	  0.4	  1.2	1.110	0.000	0.000
91	  E	  0.4	  0.2	1.110	0.000	0.000
92	  D	  1.5	  0.2	3.481	0.000	0.000
93	  V	  3.1	  0.2	3.481	0.000	0.000
94	  K	  3.8	  0.0	3.481	0.000	0.000
95	  T	  4.4	  0.0	2.831	0.000	0.000
96	  K	  6.0	  0.0	2.831	0.000	0.000
97	  V	  5.6	  0.0	2.531	0.000	0.000
98	  Q	  3.7	  0.0	2.211	0.000	0.000
99	  P	  0.4	  0.0	0.000	0.000	0.000
100	  Y	  1.0	  0.1	0.000	0.000	0.000
101	  L	  1.1	  0.2	0.000	0.000	0.000
102	  D	  1.9	  0.2	0.141	0.000	0.000
103	  Q	  5.1	  0.2	0.361	0.000	0.000
104	  F	  6.5	  0.2	0.361	0.000	0.000
105	  Q	  6.1	  0.1	0.361	0.000	0.000
106	  S	  2.1	  0.1	0.714	0.000	0.000
107	  K	  1.2	  0.1	0.988	0.000	0.000
108	  W	  1.6	  0.0	2.504	0.000	0.000
109	  Q	  1.4	  0.1	3.471	0.000	0.000
110	  E	  0.8	  0.1	4.301	0.000	0.000
111	  E	  1.8	  0.1	4.650	0.000	0.000
112	  V	  2.9	  0.0	4.819	0.000	0.000
113	  A	  3.1	  0.0	4.819	0.000	0.000
114	  R	  2.4	  0.0	4.819	0.000	0.000
115	  Y	  3.2	  0.0	4.819	0.000	0.000
116	  R	  3.2	  0.1	1.755	0.000	0.000
117	  Q	  2.8	  0.1	1.142	0.000	0.000
118	  K	 17.2	  0.1	0.158	0.000	0.000
119	  V	 17.7	  0.0	0.000	0.000	0.000
120	  E	 17.1	  0.2	0.000	0.000	0.000
121	  P	  0.8	  0.2	0.000	0.000	0.000
122	  L	  0.0	  0.3	0.000	0.000	0.000
123	  G	  0.0	  0.3	1.001	0.000	0.000
124	  A	  0.1	  0.1	1.001	0.000	0.000
125	  E	  0.4	  0.1	1.001	0.000	0.000
126	  L	  0.4	  0.2	1.001	0.000	0.000
127	  R	  0.3	  0.5	1.392	0.000	0.000
128	  E	  0.1	  0.7	1.392	0.000	0.000
129	  G	  0.0	  0.7	3.693	0.000	0.000
130	  A	  0.2	  0.6	3.383	0.000	0.000
131	  R	  0.5	  0.3	3.238	0.000	0.000
132	  Q	  0.9	  0.1	3.095	0.000	0.000
133	  K	  1.3	  0.1	3.095	0.000	0.000
134	  L	  1.0	  0.1	2.703	0.000	0.000
135	  Q	  0.8	  0.1	2.425	0.000	0.000
136	  E	  0.5	  0.1	2.054	0.000	0.000
137	  L	  0.5	  0.1	1.789	0.000	0.000
138	  Q	  0.6	  0.1	1.583	0.000	0.000
139	  E	  0.3	  0.1	1.119	0.000	0.000
140	  K	  1.1	  0.1	0.857	0.000	0.000
141	  L	  1.0	  0.1	0.524	0.000	0.000
142	  A	  1.0	  0.0	0.333	0.000	0.000
143	  P	  0.1	  0.1	0.000	0.000	0.000
144	  V	  0.1	  0.3	0.000	0.000	0.000
145	  G	  0.1	  0.7	1.380	0.000	0.000
146	  E	  0.1	  0.7	1.520	0.000	0.000
147	  D	  0.4	  0.6	5.927	0.000	0.000
148	  L	  0.6	  0.6	5.927	0.000	0.000
149	  R	  0.6	  0.2	6.082	0.000	0.000
150	  D	  0.2	  0.2	6.231	0.000	0.000
151	  R	  0.8	  0.2	6.062	0.000	0.000
152	  M	  1.1	  0.1	6.062	0.000	0.000
153	  R	  1.7	  0.1	4.652	0.000	0.000
154	  Q	  1.5	  0.1	3.748	0.000	0.000
155	  H	  2.6	  0.2	2.367	0.000	0.000
156	  V	  3.0	  0.1	0.141	0.000	0.000
157	  D	  2.4	  0.1	0.304	0.000	0.000
158	  T	  3.5	  0.1	0.976	0.000	0.000
159	  L	  2.8	  0.1	0.976	0.000	0.000
160	  R	  2.9	  0.1	0.976	0.000	0.000
161	  T	  1.4	  0.1	0.976	0.000	0.000
162	  K	  2.1	  0.1	0.976	0.000	0.000
163	  L	  1.9	  0.1	0.813	0.000	0.000
164	  A	  0.9	  0.2	0.437	0.000	0.000
165	  P	  0.0	  0.1	0.000	0.000	0.000
166	  Y	  0.3	  0.4	0.000	0.000	0.000
167	  S	  0.3	  0.4	3.908	0.000	0.000
168	  D	  0.3	  0.3	8.163	0.000	0.000
169	  K	  0.8	  0.3	9.005	0.000	0.000
170	  M	  1.0	  0.2	9.286	0.000	0.000
171	  R	  1.0	  0.2	9.522	0.000	0.000
172	  D	  0.2	  0.2	15.662	0.000	0.000
173	  R	  0.1	  0.2	18.246	0.000	0.000
174	  L	  0.1	  0.1	18.196	0.000	0.000
175	  A	  0.2	  0.1	18.937	0.000	0.000
176	  E	  0.1	  0.1	18.887	0.000	0.000
177	  R	  0.2	  0.1	18.014	0.000	0.000
178	  L	  0.2	  0.1	16.643	0.000	0.000
179	  A	  0.4	  0.0	15.994	0.000	0.000
180	  Q	  1.2	  0.0	15.051	0.000	0.000
181	  L	  1.3	  0.2	9.512	0.000	0.000
182	  K	  1.1	  0.3	7.229	0.000	0.000
183	  D	  0.2	  0.3	3.603	0.000	0.000
184	  S	  0.9	  0.4	2.529	0.000	0.000
185	  A	  1.3	  0.3	2.206	0.000	0.000
186	  T	  1.8	  0.2	2.437	0.000	0.000
187	  L	  1.0	  0.3	2.437	0.000	0.000
188	  A	  0.6	  0.2	2.437	0.000	0.000
189	  E	  4.0	  0.1	2.053	0.000	0.000
190	  Y	  4.8	  0.2	1.486	0.000	0.000
191	  H	  5.7	  0.0	0.516	0.000	0.000
192	  T	  2.5	  0.1	0.164	0.000	0.000
193	  K	  2.2	  0.1	0.164	0.000	0.000
194	  A	  1.2	  0.1	0.164	0.000	0.000
195	  T	  0.8	  0.1	0.164	0.000	0.000
196	  E	  0.2	  0.1	0.164	0.000	0.000
197	  H	  0.7	  0.1	0.164	0.000	0.000
198	  L	  0.7	  0.2	0.000	0.000	0.000
199	  K	  1.2	  0.1	0.000	0.000	0.000
200	  T	 31.7	  0.1	0.166	0.000	0.000
201	  F	 32.1	  0.2	0.166	0.000	0.000
202	  S	 31.6	  0.1	0.166	0.000	0.000
203	  E	  0.9	  0.1	0.166	0.000	0.000
204	  K	  0.6	  0.1	0.166	0.000	0.000
205	  A	  0.6	  0.1	0.166	0.000	0.000
206	  K	  0.5	  0.0	0.166	0.000	0.000
207	  P	  0.0	  0.0	0.000	0.000	0.000
208	  A	  0.1	  0.0	0.000	0.000	0.000
209	  L	  0.2	  0.3	0.000	0.000	0.000
210	  E	  0.2	  0.3	0.000	0.000	0.000
211	  D	  0.5	  0.3	0.000	0.000	0.000
212	  L	  0.8	  0.4	0.000	0.000	0.000
213	  R	  0.8	  0.3	0.000	0.000	0.000
214	  Q	  0.4	  0.3	0.000	0.000	0.000
215	  G	  0.1	  0.3	0.000	0.000	0.000
216	  V	  0.6	  0.2	0.000	0.000	0.000
217	  M	  0.6	  0.0	0.000	0.000	0.000
218	  P	  0.6	  0.0	0.000	0.000	0.000
219	  M	  0.1	  0.0	0.000	0.000	0.000
220	  L	  0.2	  0.2	0.000	0.000	0.000
221	  E	  0.4	  0.2	0.000	0.000	0.000
222	  S	  7.1	  0.2	1.185	0.000	0.000
223	  F	 11.0	  0.3	1.185	0.000	0.000
224	  R	 12.3	  0.0	1.185	0.000	0.000
225	  V	  9.4	  0.0	1.185	0.000	0.000
226	  R	  5.7	  0.0	1.185	0.000	0.000
227	  L	  4.6	  0.0	1.185	0.374	0.374
228	  M	  3.3	  0.0	1.185	0.374	0.374
229	  S	  3.2	  0.0	0.551	0.374	0.374
230	  M	  3.3	  0.0	0.136	0.374	0.374
231	  I	  1.2	  0.0	0.000	0.374	0.374
232	  D	  0.8	  0.1	5.505	0.000	0.000
233	  E	  0.3	  0.1	5.505	0.000	0.000
234	  A	  0.4	  0.2	5.505	0.000	0.000
235	  S	  0.6	  0.2	5.505	0.000	0.000
236	  K	  0.4	  0.2	5.505	0.000	0.000
237	  K	  0.7	  0.2	5.505	0.000	0.000
238	  L	  1.3	  0.1	3.128	0.000	0.000
239	  S	  1.6	  0.0	1.799	0.000	0.000
240	  A	  1.0	  0.0	0.883	0.000	0.000
241	  Q	  0.3	  0.0	0.208	0.000	0.000
