res	aa	Beta	Turn	Helix	Aggregation	Conc-Stab_Aggregation
01	  G	  0.0	  0.1	0.000	0.000	0.000
02	  G	  0.0	  0.1	0.000	0.000	0.000
03	  T	  1.3	  0.1	0.000	0.000	0.000
04	  Q	  1.3	  0.1	0.000	0.000	0.000
05	  D	  1.3	  0.5	0.161	0.000	0.000
06	  P	  0.0	  0.5	0.161	0.000	0.000
07	  W	  0.7	  0.5	0.161	0.000	0.000
08	  D	  0.8	  0.5	0.603	0.000	0.000
09	  Q	  2.0	  0.1	0.603	0.000	0.000
10	  V	  3.3	  0.2	0.603	0.000	0.000
11	  K	  3.2	  0.1	0.603	0.000	0.000
12	  N	  2.1	  0.1	0.607	0.872	0.872
13	  L	  0.3	  0.4	0.607	26.556	26.556
14	  A	  0.8	  0.3	0.432	27.358	27.358
15	  S	  2.1	  0.3	0.432	27.358	27.358
16	  F	  3.6	  0.3	0.165	27.358	27.358
17	  Y	  8.2	  0.0	0.165	27.358	27.358
18	  V	  7.8	  0.0	0.000	25.271	25.271
19	  E	  6.3	  0.0	0.000	0.000	0.000
20	  P	  0.9	  0.0	0.000	0.000	0.000
21	  M	  0.2	  0.0	0.000	0.000	0.000
22	  E	  0.6	  0.1	0.000	0.000	0.000
23	  K	  1.6	  0.1	0.000	0.000	0.000
24	  T	  2.8	  0.1	0.000	0.000	0.000
25	  T	  2.6	  0.3	0.000	0.000	0.000
26	  R	  1.8	  0.3	0.000	0.000	0.000
27	  D	  0.9	  0.3	0.504	0.000	0.000
28	  Y	  3.4	  0.2	0.504	0.000	0.000
29	  V	  4.0	  0.0	0.504	0.000	0.000
30	  A	  3.7	  0.0	0.504	0.000	0.000
31	  K	  4.6	  0.0	0.504	0.000	0.000
32	  F	  5.1	  0.1	0.504	0.000	0.000
33	  E	  5.1	  0.1	0.284	0.000	0.000
34	  S	  1.7	  0.2	1.093	0.000	0.000
35	  T	  1.2	  0.2	4.171	0.000	0.000
36	  A	  1.2	  0.1	4.171	0.000	0.000
37	  F	  1.7	  0.2	4.171	0.000	0.000
38	  A	  1.1	  0.1	4.171	0.000	0.000
39	  K	  1.2	  0.1	4.171	0.000	0.000
40	  M	  1.2	  0.1	3.936	0.000	0.000
41	  L	  2.5	  0.0	3.458	0.000	0.000
42	  N	  2.5	  0.0	4.074	0.000	0.000
43	  L	  3.4	  0.0	3.603	0.000	0.000
44	  K	  2.1	  0.0	2.601	0.000	0.000
45	  L	  2.2	  0.0	1.343	0.000	0.000
46	  L	  0.8	  0.3	1.116	0.000	0.000
47	  D	  0.6	  0.3	0.937	0.000	0.000
48	  N	  0.8	  0.8	0.807	0.000	0.000
49	  W	  1.1	  0.9	0.463	0.000	0.000
50	  D	  1.0	  0.6	0.463	0.000	0.000
51	  T	  2.2	  0.7	0.463	0.000	0.000
52	  L	  2.1	  0.2	0.463	0.000	0.000
53	  N	  2.4	  0.1	0.463	0.000	0.000
54	  T	  2.9	  0.1	0.000	0.000	0.000
55	  T	 13.4	  0.0	0.000	0.000	0.000
56	  V	 14.8	  0.0	0.000	0.000	0.000
57	  T	 14.5	  0.0	0.332	0.000	0.000
58	  K	  5.4	  0.0	0.332	0.000	0.000
59	  V	  3.9	  0.0	0.332	0.000	0.000
60	  R	  2.2	  0.1	0.332	0.000	0.000
61	  E	  0.5	  0.1	0.332	0.000	0.000
62	  Q	  0.1	  0.1	0.332	0.000	0.000
63	  L	  0.1	  0.1	0.156	0.000	0.000
64	  G	  0.1	  0.1	0.156	0.000	0.000
65	  P	  0.0	  0.0	0.000	0.000	0.000
66	  V	  4.1	  0.0	0.000	0.000	0.000
67	  T	  4.7	  0.2	0.000	0.000	0.000
68	  Q	  5.3	  0.2	0.000	0.000	0.000
69	  D	  2.1	  0.2	0.000	0.000	0.000
70	  F	  2.5	  0.2	0.000	0.000	0.000
71	  W	  2.2	  0.2	0.000	0.000	0.000
72	  K	  1.5	  0.2	0.000	0.000	0.000
73	  T	  1.7	  0.2	0.000	0.000	0.000
74	  L	  1.5	  0.2	0.000	0.000	0.000
75	  E	  1.6	  0.2	0.000	0.000	0.000
76	  K	  0.9	  0.2	0.000	0.000	0.000
77	  N	  1.4	  0.2	5.429	0.000	0.000
78	  T	  1.3	  0.2	7.965	0.000	0.000
79	  R	  0.9	  0.1	7.965	0.000	0.000
80	  E	  0.5	  0.1	8.448	0.000	0.000
81	  L	  0.6	  0.1	8.448	0.000	0.000
82	  R	  0.6	  0.1	8.448	0.000	0.000
83	  K	  0.4	  0.1	7.425	0.000	0.000
84	  K	  0.9	  0.1	5.502	0.000	0.000
85	  L	  0.9	  0.1	4.037	0.000	0.000
86	  R	  0.9	  0.1	3.467	0.000	0.000
87	  E	  0.1	  0.1	2.561	0.000	0.000
88	  K	  0.8	  0.3	1.815	0.000	0.000
89	  L	  0.8	  0.3	0.952	0.000	0.000
90	  D	  0.8	  0.2	1.146	0.000	0.000
91	  R	  1.7	  0.2	0.795	0.000	0.000
92	  V	  3.4	  0.1	0.643	0.000	0.000
93	  K	  3.7	  0.0	0.643	0.000	0.000
94	  T	  2.2	  0.0	0.193	0.000	0.000
95	  E	  3.8	  0.0	0.193	0.000	0.000
96	  M	  3.5	  0.0	0.193	0.000	0.000
97	  K	  3.4	  0.2	0.000	0.000	0.000
98	  P	  0.1	  0.2	0.000	0.000	0.000
99	  Q	  1.6	  0.2	0.000	0.000	0.000
100	  L	  1.7	  0.3	0.000	0.000	0.000
101	  E	  1.9	  0.2	0.000	0.000	0.000
102	  K	  1.5	  0.1	0.000	0.000	0.000
103	  F	  2.5	  0.2	0.000	0.000	0.000
104	  Q	  2.3	  0.3	0.000	0.000	0.000
105	  E	  1.3	  0.3	0.000	0.000	0.000
106	  D	  0.5	  0.3	0.000	0.000	0.000
107	  W	  1.4	  0.3	0.000	0.000	0.000
108	  Q	  1.5	  0.1	0.000	0.000	0.000
109	  S	  1.6	  0.1	0.000	0.000	0.000
110	  T	  8.7	  0.1	0.000	0.000	0.000
111	  V	  9.3	  0.3	0.000	0.000	0.000
112	  R	  9.1	  0.2	0.000	0.000	0.000
113	  D	  2.2	  0.2	0.000	0.000	0.000
114	  F	  3.3	  0.2	0.000	0.000	0.000
115	  R	  3.5	  0.0	0.000	0.000	0.000
116	  M	  4.7	  0.0	0.000	0.000	0.000
117	  K	 10.2	  0.0	0.000	0.000	0.000
118	  V	 10.1	  0.1	0.000	0.000	0.000
119	  E	  7.9	  0.2	0.000	0.000	0.000
120	  G	  0.2	  0.2	0.000	0.000	0.000
121	  L	  0.0	  0.2	0.000	0.000	0.000
122	  G	  0.0	  0.4	0.000	0.000	0.000
123	  P	  0.0	  0.4	0.000	0.000	0.000
124	  E	  0.5	  0.4	0.000	0.000	0.000
125	  L	  0.5	  0.9	0.000	0.000	0.000
126	  S	  0.5	  1.0	0.000	0.000	0.000
127	  N	  0.1	  1.5	0.000	0.000	0.000
128	  G	  0.0	  1.6	0.000	0.000	0.000
129	  S	  0.1	  1.3	0.611	0.000	0.000
130	  S	  0.1	  1.2	3.540	0.000	0.000
131	  E	  0.1	  0.7	3.798	0.000	0.000
132	  G	  0.0	  0.6	8.772	0.000	0.000
133	  L	  0.2	  0.4	9.127	0.000	0.000
134	  Q	  0.6	  0.1	9.127	0.000	0.000
135	  K	  0.9	  0.1	9.127	0.000	0.000
136	  L	  0.7	  0.6	9.127	0.000	0.000
137	  A	  0.5	  0.6	8.893	0.000	0.000
138	  N	  1.6	  0.5	8.504	0.000	0.000
139	  F	  4.7	  0.6	4.417	0.000	0.000
140	  T	  6.2	  0.1	1.291	0.000	0.000
141	  R	  5.2	  0.1	1.291	0.000	0.000
142	  Q	  2.4	  0.1	1.138	0.000	0.000
143	  R	  1.4	  0.1	0.956	0.000	0.000
144	  L	  2.7	  0.1	0.956	0.000	0.000
145	  R	  2.9	  0.0	0.956	0.000	0.000
146	  L	  2.7	  0.0	0.670	0.000	0.000
147	  H	  1.2	  0.2	0.407	0.000	0.000
148	  A	  0.8	  0.3	0.175	0.000	0.000
149	  Q	  0.6	  0.3	0.175	0.000	0.000
150	  S	  1.1	  0.3	0.000	0.000	0.000
151	  L	  1.2	  0.1	0.000	0.000	0.000
152	  H	  1.2	  0.1	0.000	0.000	0.000
153	  Q	  0.9	  0.1	0.000	0.000	0.000
154	  E	  0.8	  0.1	0.000	0.000	0.000
155	  V	  0.6	  0.2	0.000	0.000	0.000
156	  G	  0.2	  0.3	0.000	0.000	0.000
157	  K	  0.2	  0.3	0.000	0.000	0.000
158	  L	  0.2	  1.2	0.000	0.000	0.000
159	  G	  0.2	  1.1	0.166	0.000	0.000
160	  D	  0.0	  1.1	0.814	0.000	0.000
161	  S	  5.2	  1.4	4.091	0.000	0.000
162	  L	  5.3	  0.5	4.280	0.000	0.000
163	  S	  5.5	  0.5	12.646	0.000	0.000
164	  R	  0.3	  0.4	12.829	0.000	0.000
165	  E	  0.3	  0.1	13.254	0.000	0.000
166	  L	  0.5	  0.1	13.254	21.035	21.035
167	  A	  0.5	  0.0	13.405	21.035	21.035
168	  L	  0.7	  0.0	13.260	21.035	21.035
169	  A	  0.6	  0.0	12.380	21.035	21.035
170	  L	  0.6	  0.0	11.511	21.035	21.035
171	  K	  0.4	  0.1	9.818	0.000	0.000
172	  E	  1.1	  0.1	3.793	0.000	0.000
173	  L	  1.3	  0.2	1.864	0.000	0.000
174	  N	  1.2	  0.2	1.022	0.000	0.000
175	  T	  0.4	  1.5	0.000	0.000	0.000
176	  G	  0.0	  1.6	0.000	0.000	0.000
177	  N	  0.0	  1.6	0.000	0.000	0.000
178	  S	  0.0	  1.8	0.000	0.000	0.000
179	  G	  0.0	  1.8	0.000	0.000	0.000
180	  P	  0.0	  1.7	0.000	0.000	0.000
181	  G	  0.0	  1.7	0.000	0.000	0.000
182	  G	  0.0	  1.5	0.000	0.000	0.000
183	  L	  0.0	  0.1	0.000	0.000	0.000
184	  P	  0.0	  0.0	0.000	0.000	0.000
185	  A	  0.1	  0.0	0.000	0.000	0.000
186	  K	  0.2	  0.2	0.000	0.000	0.000
187	  A	  0.2	  0.2	0.000	0.000	0.000
188	  N	  1.2	  0.2	0.000	0.000	0.000
189	  Q	  2.0	  0.2	0.000	0.000	0.000
190	  W	  2.6	  0.0	0.000	1.138	1.138
191	  L	  3.6	  0.0	0.000	1.138	1.138
192	  S	  3.2	  0.0	0.000	1.138	1.138
193	  W	  3.2	  0.0	0.000	1.138	1.138
194	  L	  1.1	  0.0	0.000	1.138	1.138
195	  S	  0.7	  0.1	0.697	0.000	0.000
196	  E	  0.3	  0.1	0.697	0.000	0.000
197	  L	  2.0	  0.1	0.697	0.000	0.000
198	  R	  2.5	  0.1	0.697	0.000	0.000
199	  L	  2.5	  0.0	0.697	0.000	0.000
200	  H	  1.6	  0.1	0.697	0.000	0.000
201	  T	  2.3	  0.1	0.000	0.000	0.000
202	  S	  2.4	  0.2	0.364	0.000	0.000
203	  Q	  2.0	  0.2	0.364	0.000	0.000
204	  Q	  1.9	  0.1	0.364	0.000	0.000
205	  L	  1.7	  0.1	0.364	0.000	0.000
206	  Q	  1.7	  0.1	0.364	0.000	0.000
207	  Q	  1.8	  0.1	0.364	0.000	0.000
208	  L	  1.7	  0.2	0.177	0.000	0.000
209	  Q	  1.3	  0.2	0.177	0.000	0.000
210	  G	  0.1	  0.1	0.000	0.000	0.000
211	  L	  0.0	  0.2	0.000	0.000	0.000
212	  G	  0.0	  1.1	0.000	0.000	0.000
213	  P	  0.0	  1.2	0.000	0.000	0.000
214	  D	  0.0	  1.2	0.000	0.000	0.000
215	  Q	  0.2	  1.1	0.000	0.000	0.000
216	  A	  0.4	  0.1	0.000	0.000	0.000
217	  L	  3.9	  0.0	0.000	0.000	0.000
218	  T	 11.5	  0.0	0.545	0.000	0.000
219	  W	 11.7	  0.1	0.545	0.000	0.000
220	  E	  8.3	  0.1	0.545	0.000	0.000
221	  E	  1.0	  0.1	0.545	0.000	0.000
222	  V	  4.8	  0.1	0.545	75.498	75.498
223	  V	  8.2	  0.0	0.545	90.102	90.102
224	  A	  8.3	  0.0	0.545	91.920	91.920
225	  I	  8.5	  0.0	0.545	93.939	93.939
226	  V	  5.8	  0.0	0.545	94.073	94.073
227	  W	  5.2	  0.0	0.545	86.745	86.745
228	  G	  0.9	  0.0	0.263	52.067	52.067
229	  V	  1.7	  0.0	0.000	48.833	48.833
230	  L	  1.6	  0.1	0.000	33.087	33.087
231	  E	  1.6	  0.1	0.000	0.000	0.000
232	  E	  0.3	  0.1	0.000	0.000	0.000
233	  A	  0.6	  0.1	0.000	0.000	0.000
234	  T	  2.2	  0.1	0.000	0.000	0.000
235	  K	  2.2	  0.1	0.000	0.000	0.000
236	  T	  5.1	  0.1	0.000	0.000	0.000
237	  L	  3.7	  0.1	0.000	0.000	0.000
238	  T	  6.1	  0.0	0.000	0.000	0.000
239	  T	  3.0	  0.0	0.000	0.000	0.000
240	  Q	  2.6	  0.0	0.000	0.000	0.000
