res	aa	Beta	Turn	Helix	Aggregation	Conc-Stab_Aggregation
01	  D	  0.0	  0.5	0.000	0.000	0.000
02	  P	  0.0	  0.5	0.000	0.000	0.000
03	  H	  1.4	  0.6	0.000	0.000	0.000
04	  T	  2.5	  0.6	0.000	0.000	0.000
05	  H	  2.8	  0.1	0.000	0.000	0.000
06	  L	  1.6	  0.1	0.000	0.000	0.000
07	  A	  0.6	  0.0	0.000	0.000	0.000
08	  H	  0.6	  0.2	0.000	0.000	0.000
09	  A	  0.5	  0.2	0.000	0.000	0.000
10	  R	  0.5	  0.2	0.000	0.000	0.000
11	  A	  0.3	  0.2	0.000	0.000	0.000
12	  A	  0.4	  0.0	0.000	0.000	0.000
13	  L	  2.7	  0.0	0.000	0.000	0.000
14	  D	  5.1	  0.0	0.000	0.000	0.000
15	  V	  8.7	  0.0	0.000	0.000	0.000
16	  Y	  7.7	  0.1	0.000	0.000	0.000
17	  L	  5.2	  0.2	0.000	0.000	0.000
18	  N	  1.5	  0.2	0.000	0.000	0.000
19	  N	  0.9	  0.2	0.195	0.000	0.000
20	  L	  0.8	  0.1	0.195	0.000	0.000
21	  R	  0.8	  0.2	0.195	0.000	0.000
22	  E	  0.2	  0.2	0.195	0.000	0.000
23	  S	  0.4	  0.2	0.795	0.000	0.000
24	  A	  0.6	  0.2	0.795	0.000	0.000
25	  Q	  0.8	  0.1	0.795	0.000	0.000
26	  R	  1.1	  0.1	0.600	0.000	0.000
27	  S	  1.7	  0.1	0.600	0.000	0.000
28	  L	  1.4	  0.2	0.600	0.000	0.000
29	  Q	  0.8	  0.2	0.379	0.000	0.000
30	  G	  0.1	  0.3	0.146	0.000	0.000
31	  L	  0.2	  0.4	0.000	0.000	0.000
32	  D	  0.2	  0.4	1.720	0.000	0.000
33	  D	  0.3	  0.4	2.887	0.000	0.000
34	  T	  0.4	  0.2	4.636	0.000	0.000
35	  E	  3.7	  0.1	4.636	0.000	0.000
36	  Y	  4.3	  0.1	4.636	0.000	0.000
37	  K	  4.2	  0.1	4.636	0.000	0.000
38	  E	  2.2	  0.1	4.636	0.000	0.000
39	  L	  1.6	  0.2	4.636	0.000	0.000
40	  K	  1.8	  0.1	4.460	0.000	0.000
41	  T	  1.0	  0.1	3.381	0.000	0.000
42	  R	  1.2	  0.1	3.381	0.000	0.000
43	  L	  1.1	  0.1	3.250	0.000	0.000
44	  S	  1.3	  0.1	2.512	0.000	0.000
45	  Q	  1.3	  0.1	1.495	0.000	0.000
46	  R	 13.4	  0.1	0.273	0.000	0.000
47	  I	 12.8	  0.1	0.000	0.000	0.000
48	  D	 12.5	  0.0	0.144	0.000	0.000
49	  E	  4.6	  0.0	0.144	0.000	0.000
50	  I	  4.6	  0.0	0.144	0.000	0.000
51	  H	  4.8	  0.1	0.144	0.000	0.000
52	  N	  1.0	  0.1	0.274	0.000	0.000
53	  Q	  1.8	  0.1	0.274	0.000	0.000
54	  I	  3.3	  0.0	0.129	0.000	0.000
55	  S	  2.9	  0.0	0.311	0.000	0.000
56	  A	  2.2	  0.0	0.311	0.000	0.000
57	  L	  0.7	  0.2	0.311	0.000	0.000
58	  R	  0.5	  0.2	0.311	0.000	0.000
59	  G	  0.3	  0.2	0.182	0.000	0.000
60	  S	 10.9	  0.2	0.182	0.000	0.000
61	  I	 11.1	  0.0	0.000	0.000	0.000
62	  S	 11.1	  0.3	0.000	0.000	0.000
63	  P	  0.3	  0.3	0.000	0.000	0.000
64	  T	  0.5	  0.4	0.000	0.000	0.000
65	  T	  0.5	  0.5	0.000	0.000	0.000
66	  D	  0.6	  0.2	0.000	0.000	0.000
67	  N	  2.3	  0.2	0.000	0.000	0.000
68	  V	  7.0	  0.1	0.000	1.714	1.714
69	  V	  8.0	  0.0	0.000	1.882	1.882
70	  S	  6.3	  0.0	0.000	1.882	1.882
71	  T	  4.5	  0.0	0.000	1.882	1.882
72	  I	  3.9	  0.0	0.000	1.882	1.882
73	  A	  3.4	  0.0	0.000	0.951	0.951
74	  E	  0.7	  0.0	0.000	0.000	0.000
75	  A	  0.5	  0.0	0.000	0.000	0.000
76	  T	  0.7	  0.5	0.000	0.000	0.000
77	  A	  0.5	  0.4	0.000	0.000	0.000
78	  D	  1.6	  0.4	0.000	0.000	0.000
79	  F	  3.3	  0.4	0.000	0.000	0.000
80	  R	  3.4	  0.0	0.000	0.000	0.000
81	  A	  2.6	  0.0	0.000	0.000	0.000
82	  S	  2.0	  0.0	0.000	0.000	0.000
83	  V	  7.9	  0.0	0.000	0.000	0.000
84	  I	  7.6	  0.0	0.000	0.000	0.000
85	  N	  6.4	  0.0	0.000	0.000	0.000
86	  D	  2.0	  0.0	1.638	0.000	0.000
87	  I	  2.4	  0.1	1.638	0.000	0.000
88	  E	  2.3	  0.0	1.638	0.000	0.000
89	  T	  4.0	  0.0	1.638	0.000	0.000
90	  L	  3.6	  0.1	1.638	0.000	0.000
91	  K	  4.0	  0.1	1.638	0.000	0.000
92	  T	  0.7	  0.1	0.683	0.000	0.000
93	  E	  0.7	  0.1	0.683	0.000	0.000
94	  L	  0.4	  0.1	0.466	0.000	0.000
95	  A	  0.3	  0.2	0.502	0.000	0.000
96	  P	  0.0	  0.2	0.204	0.000	0.000
97	  K	  0.3	  0.3	0.204	0.000	0.000
98	  R	  0.4	  0.3	0.204	0.000	0.000
99	  A	  0.7	  0.1	0.204	0.000	0.000
100	  K	  1.2	  0.1	0.346	0.000	0.000
101	  L	  1.1	  0.1	0.142	0.000	0.000
102	  R	  1.1	  0.1	0.142	0.000	0.000
103	  E	  0.8	  0.0	0.142	0.000	0.000
104	  V	  7.2	  0.0	0.142	0.000	0.000
105	  I	  7.3	  0.0	0.142	0.000	0.000
106	  N	  6.9	  0.1	0.356	0.000	0.000
107	  K	  0.7	  0.1	0.356	0.000	0.000
108	  H	  1.8	  0.1	0.214	0.000	0.000
109	  F	  2.2	  0.1	0.214	0.000	0.000
110	  A	  2.2	  0.0	0.214	0.000	0.000
111	  E	  4.4	  0.0	0.214	0.000	0.000
112	  Y	  5.8	  0.0	0.214	0.000	0.000
113	  H	  6.0	  0.2	0.214	0.000	0.000
114	  A	  2.5	  0.2	0.000	0.000	0.000
115	  Q	  2.0	  0.2	0.000	0.000	0.000
116	  L	  1.8	  0.2	0.000	0.000	0.000
117	  D	  1.5	  0.0	0.545	0.000	0.000
118	  P	  0.1	  0.0	0.545	0.000	0.000
119	  I	  0.5	  0.0	0.545	0.000	0.000
120	  F	  1.3	  0.1	0.545	0.000	0.000
121	  K	  1.5	  0.1	0.545	0.000	0.000
122	  E	  4.9	  0.1	0.545	0.000	0.000
123	  Y	  5.0	  0.1	0.213	0.000	0.000
124	  H	  4.9	  0.1	0.000	0.000	0.000
125	  D	  1.1	  0.3	0.852	0.000	0.000
126	  Q	  0.3	  0.3	0.852	0.000	0.000
127	  H	  0.4	  0.2	0.852	0.000	0.000
128	  A	  0.4	  0.4	0.852	0.000	0.000
129	  A	  0.3	  0.3	0.852	0.000	0.000
130	  N	  0.6	  0.3	4.537	0.000	0.000
131	  L	  0.8	  0.3	4.091	0.000	0.000
132	  E	  0.7	  0.0	3.937	0.000	0.000
133	  A	  0.5	  0.0	3.937	0.000	0.000
134	  L	  0.4	  0.1	3.937	0.000	0.000
135	  K	  1.2	  0.1	3.937	0.000	0.000
136	  T	  2.0	  0.1	1.699	0.000	0.000
137	  K	  5.8	  0.1	1.699	0.000	0.000
138	  L	  5.2	  0.0	0.916	0.000	0.000
139	  E	  4.2	  0.0	0.534	0.000	0.000
140	  P	  0.1	  0.0	0.000	0.000	0.000
141	  I	  0.9	  0.0	0.000	0.000	0.000
142	  M	  0.9	  0.1	0.184	0.000	0.000
143	  E	  0.9	  0.1	0.184	0.000	0.000
144	  E	  0.3	  0.1	0.184	0.000	0.000
145	  L	  0.5	  0.1	0.184	0.000	0.000
146	  R	  0.7	  0.1	0.184	0.000	0.000
147	  T	  2.5	  0.1	0.184	0.000	0.000
148	  K	  4.6	  0.1	0.184	0.000	0.000
149	  V	  5.6	  0.0	0.000	0.000	0.000
150	  A	  3.6	  0.0	0.000	0.000	0.000
151	  T	  1.7	  0.0	0.000	0.000	0.000
152	  N	  3.7	  0.0	0.186	0.000	0.000
153	  I	  3.9	  0.1	0.186	0.000	0.000
154	  E	  3.5	  0.1	0.775	0.000	0.000
155	  E	  0.8	  0.1	0.950	0.000	0.000
156	  T	  1.1	  0.1	1.464	0.000	0.000
157	  K	  1.3	  0.1	1.464	0.000	0.000
158	  A	  0.9	  0.0	1.464	0.000	0.000
159	  A	  1.0	  0.0	1.464	0.000	0.000
160	  L	  0.9	  0.0	1.464	0.000	0.000
161	  L	  0.8	  0.0	1.234	0.000	0.000
162	  P	  0.1	  0.0	0.440	0.000	0.000
163	  I	  3.2	  0.0	0.440	0.000	0.000
164	  V	  5.0	  0.0	0.440	0.000	0.000
165	  E	  5.0	  0.0	0.440	0.000	0.000
166	  A	  2.5	  0.0	0.440	0.000	0.000
167	  V	  1.4	  0.0	0.440	0.000	0.000
168	  R	  1.6	  0.0	0.440	0.000	0.000
169	  T	  2.0	  0.1	0.197	0.000	0.000
170	  K	  3.4	  0.1	0.197	0.000	0.000
171	  L	  3.2	  0.1	0.000	0.000	0.000
172	  T	  2.4	  0.1	0.135	0.000	0.000
173	  E	  0.4	  0.1	0.135	0.000	0.000
174	  R	  2.6	  0.1	0.135	0.000	0.000
175	  V	  3.8	  0.1	0.135	0.000	0.000
176	  E	  3.7	  0.1	0.135	0.000	0.000
177	  Q	  2.5	  0.1	0.135	0.000	0.000
178	  L	  1.1	  0.1	0.135	0.000	0.000
179	  K	  1.6	  0.1	0.135	0.000	0.000
180	  E	  1.4	  0.0	0.000	0.000	0.000
181	  I	  3.5	  0.0	0.000	0.000	0.000
182	  A	  3.1	  0.0	0.000	0.000	0.000
183	  T	  2.2	  0.0	0.000	0.000	0.000
184	  P	  0.1	  0.0	0.000	0.000	0.000
185	  Y	  2.2	  0.0	0.000	0.000	0.000
186	  V	  2.9	  0.1	0.000	0.000	0.000
187	  E	  2.9	  0.1	0.139	0.000	0.000
188	  E	  4.1	  0.1	0.139	0.000	0.000
189	  Y	  4.2	  0.1	0.139	0.000	0.000
190	  K	  4.3	  0.1	0.139	0.000	0.000
191	  E	  0.9	  0.1	0.139	0.000	0.000
192	  Q	  1.3	  0.1	0.139	0.000	0.000
193	  M	  1.4	  0.1	0.139	0.000	0.000
194	  K	  1.5	  0.0	0.139	0.000	0.000
195	  Q	  1.6	  0.0	0.000	0.000	0.000
196	  V	  5.0	  0.1	0.000	0.000	0.000
197	  Y	  5.4	  0.1	0.000	0.000	0.000
198	  D	  4.2	  0.1	0.000	0.000	0.000
199	  H	  0.9	  0.3	0.000	0.000	0.000
200	  A	  0.3	  0.4	0.000	0.000	0.000
201	  Q	  0.9	  0.3	0.000	0.000	0.000
202	  N	  3.2	  0.3	0.000	0.000	0.000
203	  V	  3.5	  0.1	0.000	0.000	0.000
204	  S	  2.9	  5.9	4.974	0.000	0.000
205	  P	  0.3	  6.0	4.974	0.000	0.000
206	  D	  0.0	  6.1	7.581	0.000	0.000
207	  D	  0.0	  6.1	12.274	0.000	0.000
208	  L	  0.1	  0.2	12.392	0.000	0.000
209	  A	  0.2	  0.1	12.392	0.000	0.000
210	  A	  0.5	  0.0	12.258	0.000	0.000
211	  L	  0.6	  0.0	11.880	0.000	0.000
212	  R	  0.6	  0.1	10.655	0.000	0.000
213	  T	  2.1	  0.1	6.001	0.000	0.000
214	  K	  3.9	  0.1	5.740	0.000	0.000
215	  V	  4.9	  0.0	3.222	1.418	1.418
216	  A	  3.2	  0.1	3.222	1.418	1.418
217	  A	  1.9	  0.1	2.433	1.418	1.418
218	  S	  8.2	  0.9	1.887	1.418	1.418
219	  F	  8.4	  1.9	0.336	1.418	1.418
220	  D	  7.8	  1.8	0.158	0.000	0.000
221	  G	  0.5	  1.8	0.808	0.000	0.000
222	  I	  0.9	  1.0	0.808	0.000	0.000
223	  K	  1.2	  0.1	0.808	0.000	0.000
224	  E	  1.2	  0.1	0.808	0.000	0.000
225	  K	  1.0	  0.1	0.948	0.000	0.000
226	  L	  0.7	  0.1	0.790	0.000	0.000
227	  Q	  0.8	  0.0	0.790	0.000	0.000
228	  E	  1.6	  0.0	0.705	0.000	0.000
229	  I	  2.8	  0.1	0.538	0.000	0.000
230	  S	  2.8	  0.1	4.763	0.000	0.000
231	  Q	  1.5	  0.1	4.994	0.000	0.000
232	  A	  0.7	  0.1	4.994	0.000	0.000
233	  M	  0.7	  0.0	4.994	0.000	0.000
234	  L	  0.8	  0.0	4.994	0.000	0.000
235	  R	  0.6	  0.1	4.994	0.000	0.000
236	  K	  0.6	  0.1	4.176	0.000	0.000
237	  K	  0.5	  0.2	0.957	0.000	0.000
238	  E	  1.3	  0.1	0.406	0.000	0.000
239	  R	  1.3	  0.2	0.162	0.000	0.000
240	  K	  1.3	  0.1	0.000	0.000	0.000
241	  T	  1.1	  0.1	0.000	0.000	0.000
242	  S	  6.9	  0.4	0.000	0.000	0.000
243	  L	  8.5	  0.4	0.000	0.000	0.000
244	  S	  8.6	  0.4	0.000	0.000	0.000
245	  L	  3.3	  0.4	0.000	0.000	0.000
246	  C	  1.8	  0.2	0.000	0.000	0.000
247	  A	  1.2	  0.2	0.000	0.000	0.000
248	  H	  1.0	  0.3	0.000	0.000	0.000
249	  N	  0.5	  0.5	0.000	0.000	0.000
250	  S	  1.1	  0.8	0.000	0.000	0.000
251	  T	  1.0	  0.8	0.000	0.000	0.000
252	  N	  0.8	  0.8	0.000	0.000	0.000
253	  N	  0.1	  0.6	1.940	0.000	0.000
254	  E	  0.2	  0.1	2.074	0.000	0.000
255	  M	  1.1	  0.1	2.234	0.000	0.000
256	  E	  1.3	  0.1	2.234	0.000	0.000
257	  L	  1.3	  0.1	2.234	0.000	0.000
258	  Y	  2.1	  0.2	2.234	0.000	0.000
259	  R	  2.9	  0.1	1.634	0.000	0.000
260	  H	  4.5	  0.1	1.343	0.000	0.000
261	  V	  5.0	  0.1	0.757	0.000	0.000
262	  F	  5.4	  0.0	0.757	0.000	0.000
263	  F	  5.0	  0.0	0.480	0.000	0.000
264	  K	  3.4	  0.0	0.137	0.000	0.000
265	  F	  3.5	  0.0	0.000	0.444	0.444
266	  I	  3.1	  0.1	0.000	0.444	0.444
267	  N	  2.6	  0.1	0.709	0.444	0.444
268	  A	  1.5	  0.1	0.709	0.444	0.444
269	  L	  1.6	  0.0	0.709	0.444	0.444
270	  H	  2.6	  0.0	0.709	0.000	0.000
271	  L	  2.3	  0.0	0.709	0.000	0.000
272	  Y	  1.1	  0.0	0.709	0.000	0.000
273	  P	  0.1	  0.0	0.000	0.000	0.000
274	  F	  0.0	  0.4	0.000	0.000	0.000
275	  P	  0.0	  0.4	0.000	0.000	0.000
276	  E	  0.4	  0.4	0.000	0.000	0.000
277	  I	  1.0	  0.4	0.000	0.000	0.000
278	  I	  1.0	  0.0	0.158	0.000	0.000
279	  P	  0.6	  0.0	0.158	0.000	0.000
280	  L	  0.2	  0.0	0.158	0.000	0.000
281	  L	  0.4	  0.0	0.158	0.000	0.000
282	  R	  1.0	  0.6	0.158	0.000	0.000
283	  R	  0.9	  0.6	0.158	0.000	0.000
284	  D	  2.2	  0.6	0.000	0.000	0.000
285	  C	  5.7	  0.6	0.000	0.000	0.000
286	  F	  6.9	  0.1	0.000	0.000	0.000
287	  K	  5.6	  0.0	0.000	0.000	0.000
288	  A	  1.5	  0.0	0.000	0.000	0.000
289	  Y	  0.1	  0.0	0.000	0.000	0.000
