res	aa	Beta	Turn	Helix	Aggregation	Conc-Stab_Aggregation
01	  D	  0.0	  0.0	0.000	0.000	0.000
02	  E	  0.0	  0.0	0.000	0.000	0.000
03	  P	  0.0	  0.0	0.000	0.000	0.000
04	  K	  0.1	  0.0	0.000	0.000	0.000
05	  S	  0.1	  0.2	0.224	0.000	0.000
06	  P	  0.1	  0.2	0.224	0.000	0.000
07	  L	  0.1	  0.2	0.224	0.000	0.000
08	  E	  0.1	  0.2	0.224	0.000	0.000
09	  Q	  1.2	  0.1	0.224	0.000	0.000
10	  V	  2.7	  0.1	0.224	0.164	0.164
11	  K	  2.9	  0.1	0.224	0.164	0.164
12	  D	  1.9	  0.1	1.124	0.164	0.164
13	  V	  2.0	  0.1	1.124	82.382	82.382
14	  L	  5.3	  0.0	1.124	83.206	83.206
15	  T	 11.1	  0.0	1.124	83.341	83.341
16	  V	 12.7	  0.0	1.124	83.571	83.571
17	  Y	 10.2	  0.1	1.124	83.571	83.571
18	  M	  4.7	  0.1	0.130	52.868	52.868
19	  N	  2.3	  0.1	0.130	20.734	20.734
20	  T	 17.0	  0.1	0.000	19.566	19.566
21	  V	 18.0	  0.1	0.000	19.225	19.225
22	  K	 17.5	  0.2	0.000	0.000	0.000
23	  D	  1.9	  0.6	0.000	0.000	0.000
24	  T	  0.4	  0.7	0.000	0.000	0.000
25	  G	  0.1	  1.0	0.000	0.000	0.000
26	  K	  0.2	  0.9	0.000	0.000	0.000
27	  D	  0.2	  0.5	0.405	0.000	0.000
28	  Y	  0.7	  0.4	0.405	0.000	0.000
29	  M	  1.0	  0.0	0.405	0.000	0.000
30	  T	  3.7	  0.0	0.405	0.000	0.000
31	  Q	 10.3	  0.0	0.405	0.000	0.000
32	  F	 10.4	  0.1	0.405	0.000	0.000
33	  E	  8.0	  0.1	0.135	0.000	0.000
34	  T	  1.5	  0.2	0.000	0.000	0.000
35	  S	  1.2	  0.2	0.000	0.000	0.000
36	  T	  1.4	  0.3	0.000	0.000	0.000
37	  M	  0.5	  0.3	0.000	0.000	0.000
38	  G	  0.4	  0.5	0.000	0.000	0.000
39	  Q	  0.2	  0.5	0.000	0.000	0.000
40	  D	  0.3	  0.3	0.000	0.000	0.000
41	  L	  2.3	  0.3	0.000	0.000	0.000
42	  K	  7.9	  0.0	0.000	0.000	0.000
43	  I	  8.4	  0.0	0.000	0.000	0.000
44	  T	  6.7	  0.1	0.000	0.000	0.000
45	  E	  0.9	  0.1	0.000	0.000	0.000
46	  T	  3.4	  0.1	0.181	0.000	0.000
47	  M	  4.0	  0.1	0.181	0.000	0.000
48	  T	  4.5	  0.1	1.805	0.000	0.000
49	  S	  1.9	  0.1	4.407	0.000	0.000
50	  L	  1.5	  0.1	4.407	0.000	0.000
51	  K	  1.1	  0.1	4.407	0.000	0.000
52	  A	  0.7	  0.0	4.407	0.000	0.000
53	  A	  0.5	  0.0	4.407	0.000	0.000
54	  L	  0.5	  0.0	4.205	0.000	0.000
55	  D	  0.5	  0.0	4.357	0.000	0.000
56	  A	  0.7	  0.0	3.664	0.000	0.000
57	  F	  2.9	  0.0	3.149	0.000	0.000
58	  Y	  3.5	  0.1	1.344	0.000	0.000
59	  E	  3.1	  0.1	0.911	0.000	0.000
60	  E	  6.3	  0.1	0.911	0.000	0.000
61	  I	  5.8	  0.1	0.911	0.000	0.000
62	  N	  5.8	  0.2	0.911	0.000	0.000
63	  P	  0.3	  0.2	0.000	0.000	0.000
64	  T	 10.3	  0.2	0.000	0.000	0.000
65	  F	 10.9	  0.3	0.000	0.000	0.000
66	  E	 10.9	  0.1	0.000	0.000	0.000
67	  E	  7.0	  0.1	0.000	0.000	0.000
68	  I	  7.0	  0.1	0.000	0.000	0.000
69	  K	  7.2	  0.1	0.000	0.000	0.000
70	  E	  1.0	  0.1	0.000	0.000	0.000
71	  T	  2.9	  0.1	0.000	0.000	0.000
72	  I	  4.7	  0.0	0.000	0.000	0.000
73	  I	  5.5	  0.0	0.000	0.000	0.000
74	  K	  3.2	  0.1	0.000	0.000	0.000
75	  E	  1.2	  0.1	0.000	0.000	0.000
76	  T	  0.4	  0.4	0.451	0.000	0.000
77	  S	  0.2	  0.4	0.451	0.000	0.000
78	  D	  0.5	  0.4	0.788	0.000	0.000
79	  L	  0.8	  0.4	0.788	0.000	0.000
80	  R	  1.0	  0.1	0.788	0.000	0.000
81	  Q	  0.7	  0.1	0.788	0.000	0.000
82	  E	  1.2	  0.1	0.474	0.000	0.000
83	  M	  1.6	  0.1	0.474	0.000	0.000
84	  T	  1.5	  0.2	0.997	0.000	0.000
85	  K	  0.7	  0.3	0.997	0.000	0.000
86	  G	  0.1	  0.3	2.421	0.000	0.000
87	  L	  0.3	  0.2	1.948	0.000	0.000
88	  E	  0.3	  0.0	2.164	0.000	0.000
89	  A	  1.0	  0.0	2.164	0.000	0.000
90	  V	  1.5	  0.0	2.164	0.000	0.000
91	  K	  1.5	  0.1	2.164	0.000	0.000
92	  K	  1.2	  0.1	1.351	0.000	0.000
93	  S	  6.5	  0.1	0.742	0.000	0.000
94	  I	  6.8	  0.1	0.000	0.000	0.000
95	  D	  6.3	  0.3	0.281	0.000	0.000
96	  P	  0.3	  0.3	0.281	0.000	0.000
97	  H	  0.5	  0.3	0.720	0.000	0.000
98	  L	  0.5	  0.4	0.720	0.000	0.000
99	  E	  0.6	  0.1	3.023	0.000	0.000
100	  E	  1.6	  0.1	3.750	0.000	0.000
101	  F	  3.6	  0.2	3.750	0.000	0.000
102	  Q	  3.8	  0.0	3.750	0.000	0.000
103	  K	  2.3	  0.0	3.750	0.000	0.000
104	  K	  0.7	  0.0	3.750	0.000	0.000
105	  W	  0.9	  0.0	3.117	0.000	0.000
106	  A	  0.9	  0.3	2.932	0.000	0.000
107	  A	  0.6	  0.3	2.284	0.000	0.000
108	  D	  2.6	  0.3	1.751	0.000	0.000
109	  V	  3.7	  0.6	1.209	0.000	0.000
110	  E	  3.7	  0.3	1.209	0.000	0.000
111	  N	  3.4	  0.3	1.014	0.000	0.000
112	  F	  4.6	  0.3	0.875	0.000	0.000
113	  R	  5.1	  0.1	0.443	0.000	0.000
114	  Q	  3.5	  0.1	0.443	0.000	0.000
115	  R	  1.6	  0.1	0.000	0.000	0.000
116	  V	  1.1	  0.1	0.000	0.000	0.000
117	  G	  0.4	  0.1	0.000	0.000	0.000
118	  P	  0.0	  0.1	0.000	0.000	0.000
119	  L	  0.4	  0.1	0.000	0.000	0.000
120	  T	  1.1	  0.2	0.861	0.000	0.000
121	  Q	  1.2	  0.3	0.861	0.000	0.000
122	  D	  1.0	  0.3	0.861	0.000	0.000
123	  L	  0.5	  0.5	0.861	0.000	0.000
124	  K	  0.4	  0.3	0.861	0.000	0.000
125	  D	  0.3	  0.5	0.861	0.000	0.000
126	  S	  0.5	  0.5	0.220	0.000	0.000
127	  T	  2.1	  0.4	0.000	0.000	0.000
128	  K	  2.3	  0.4	0.000	0.000	0.000
129	  Q	  2.7	  0.1	0.000	0.000	0.000
130	  K	  1.9	  0.1	0.000	0.000	0.000
131	  F	  1.8	  0.1	0.000	0.000	0.000
132	  D	  1.0	  0.2	0.488	0.000	0.000
133	  E	  1.6	  0.2	0.488	0.000	0.000
134	  L	  1.6	  0.2	0.488	0.000	0.000
135	  H	  2.0	  0.2	0.488	0.000	0.000
136	  Q	  1.0	  0.1	0.488	0.000	0.000
137	  K	  1.8	  0.1	0.488	0.000	0.000
138	  L	  1.5	  0.1	0.178	0.000	0.000
139	  S	  1.1	  0.0	0.178	0.000	0.000
140	  P	  0.1	  0.2	0.000	0.000	0.000
141	  I	  0.1	  0.3	0.000	0.000	0.000
142	  G	  0.1	  0.4	1.456	0.000	0.000
143	  K	  0.5	  0.4	1.456	0.000	0.000
144	  E	  1.7	  0.2	1.456	0.000	0.000
145	  I	  1.9	  0.2	1.456	0.000	0.000
146	  R	  1.4	  0.1	1.456	0.000	0.000
147	  D	  0.3	  0.2	1.456	0.000	0.000
148	  R	  0.2	  0.4	1.456	0.000	0.000
149	  A	  0.2	  0.6	1.250	0.000	0.000
150	  Q	  0.2	  0.6	0.980	0.000	0.000
151	  G	  0.1	  0.5	0.192	0.000	0.000
152	  H	  5.1	  0.3	0.000	0.000	0.000
153	  I	  5.6	  0.0	0.000	0.000	0.000
154	  E	  5.6	  0.0	0.000	0.000	0.000
155	  T	 10.7	  0.0	0.000	0.000	0.000
156	  V	 10.7	  0.1	0.000	0.000	0.000
157	  Q	 11.0	  0.0	0.000	0.000	0.000
158	  E	  1.1	  0.0	0.000	0.000	0.000
159	  F	  4.8	  0.0	0.000	0.000	0.000
160	  V	  5.1	  0.0	0.000	0.000	0.000
161	  K	  5.0	  0.0	0.000	0.000	0.000
162	  P	  0.7	  0.0	0.000	0.000	0.000
163	  Y	  1.2	  0.0	0.000	0.000	0.000
164	  H	  1.3	  0.1	0.000	0.000	0.000
165	  E	  1.3	  0.1	0.000	0.000	0.000
166	  Q	  2.0	  0.1	0.000	0.000	0.000
167	  I	  3.3	  0.1	0.000	0.000	0.000
168	  K	  3.5	  0.1	0.000	0.000	0.000
169	  T	  2.7	  0.1	0.000	0.000	0.000
170	  S	 12.0	  0.1	0.000	0.000	0.000
171	  V	 13.6	  0.0	0.000	0.000	0.000
172	  S	 13.0	  0.1	0.887	0.000	0.000
173	  Q	  2.5	  0.1	0.887	0.000	0.000
174	  K	  1.0	  0.1	0.887	0.000	0.000
175	  I	  0.9	  0.1	0.887	0.000	0.000
176	  Q	  0.8	  0.1	0.887	0.000	0.000
177	  E	  0.5	  0.1	0.887	0.000	0.000
178	  L	  0.4	  0.1	0.887	0.000	0.000
179	  R	  0.4	  0.2	0.752	0.000	0.000
180	  E	  0.1	  0.4	0.568	0.000	0.000
181	  K	  0.1	  0.4	0.439	0.000	0.000
182	  G	  0.0	  0.4	0.244	0.000	0.000
183	  L	  0.0	  0.2	0.000	0.000	0.000
184	  P	  0.0	  0.0	0.000	0.000	0.000
185	  S	  0.0	  0.2	0.185	0.000	0.000
186	  P	  0.0	  0.6	0.185	0.000	0.000
187	  A	  0.1	  0.6	0.185	0.000	0.000
188	  D	  0.6	  0.6	5.781	0.000	0.000
189	  Y	  1.1	  0.5	5.781	0.000	0.000
190	  Q	  1.3	  0.1	5.781	0.000	0.000
191	  T	  1.6	  0.1	6.078	0.000	0.000
192	  K	  6.1	  0.1	6.419	0.000	0.000
193	  I	  6.5	  0.0	6.769	0.000	0.000
194	  T	  5.8	  0.1	13.470	0.000	0.000
195	  E	  0.8	  0.1	14.106	0.000	0.000
196	  Q	  1.0	  0.1	13.928	0.000	0.000
197	  L	  1.3	  0.1	12.844	0.000	0.000
198	  K	  1.3	  0.0	12.844	0.000	0.000
199	  A	  0.6	  0.0	12.331	0.000	0.000
200	  L	  0.4	  0.1	11.421	0.000	0.000
201	  K	  0.6	  0.1	9.876	0.000	0.000
202	  E	  0.6	  0.1	6.282	0.000	0.000
203	  K	  1.8	  0.1	4.781	0.000	0.000
204	  F	  1.9	  0.0	1.818	0.000	0.000
205	  S	  1.8	  0.0	0.457	0.000	0.000
206	  P	  0.4	  0.0	0.000	0.000	0.000
207	  I	  0.8	  0.0	0.000	0.000	0.000
208	  L	  0.9	  0.3	0.000	0.000	0.000
209	  E	  0.9	  0.3	0.000	0.000	0.000
210	  D	  0.3	  0.3	0.393	0.000	0.000
211	  L	  0.4	  0.3	0.393	0.000	0.000
212	  K	  0.6	  0.1	0.393	0.000	0.000
213	  T	  0.9	  0.1	0.393	0.000	0.000
214	  S	  1.6	  0.1	0.393	0.000	0.000
215	  A	  1.4	  0.1	0.393	0.000	0.000
216	  D	  0.9	  0.0	0.706	0.000	0.000
217	  P	  0.0	  0.0	0.547	0.000	0.000
218	  I	  1.3	  0.0	0.547	0.000	0.000
219	  S	  1.6	  0.1	2.147	0.000	0.000
220	  Q	  1.6	  0.1	2.147	0.000	0.000
221	  K	  0.7	  0.1	2.147	0.000	0.000
222	  A	  0.5	  0.1	1.785	0.000	0.000
223	  K	  0.5	  0.5	1.785	0.000	0.000
224	  A	  0.3	  0.5	1.600	0.000	0.000
225	  D	  0.3	  0.5	1.290	0.000	0.000
226	  I	  0.9	  0.5	0.768	0.441	0.441
227	  L	  2.7	  0.1	0.768	0.441	0.441
228	  N	  2.7	  0.1	0.929	0.441	0.441
229	  F	  2.8	  0.1	1.165	0.441	0.441
230	  L	  0.8	  0.1	2.291	0.441	0.441
231	  E	  0.8	  0.1	3.432	0.000	0.000
232	  E	  0.1	  0.1	3.432	0.000	0.000
233	  A	  0.2	  0.1	3.432	0.000	0.000
234	  R	  0.4	  0.1	3.432	0.000	0.000
235	  K	  0.5	  0.2	3.432	0.000	0.000
236	  S	  6.3	  0.5	2.377	0.000	0.000
237	  L	  6.4	  0.5	0.895	0.000	0.000
238	  S	  7.7	  0.4	0.407	0.000	0.000
239	  S	  1.9	  0.4	0.130	0.000	0.000
240	  S	  1.5	  0.1	0.000	0.000	0.000
