res	aa	Beta	Turn	Helix	Aggregation	Conc-Stab_Aggregation
01	  D	  0.0	  0.0	0.000	0.000	0.000
02	  E	  0.0	  0.0	0.000	0.000	0.000
03	  P	  0.0	  0.1	0.000	0.000	0.000
04	  Q	  0.3	  0.1	0.000	0.000	0.000
05	  S	  0.7	  0.1	0.329	0.000	0.000
06	  Q	  2.0	  0.1	0.329	0.000	0.000
07	  W	  2.0	  0.1	0.329	0.000	0.000
08	  D	  1.7	  0.1	0.709	0.000	0.000
09	  K	  4.9	  0.1	0.709	0.000	0.000
10	  V	  6.2	  0.4	0.709	0.000	0.000
11	  K	  6.2	  0.3	0.709	0.000	0.000
12	  D	  1.8	  0.3	0.510	0.000	0.000
13	  F	  0.5	  0.8	0.510	9.053	9.053
14	  A	  0.5	  0.5	0.163	9.053	9.053
15	  N	  4.9	  0.5	0.163	9.053	9.053
16	  V	 10.8	  0.5	0.000	9.053	9.053
17	  Y	 12.1	  0.0	0.000	9.053	9.053
18	  V	  8.4	  0.1	0.000	8.318	8.318
19	  D	  2.2	  0.1	0.142	0.000	0.000
20	  A	  1.4	  0.1	0.142	0.000	0.000
21	  V	  2.5	  0.1	0.142	0.000	0.000
22	  K	  2.4	  0.3	0.142	0.000	0.000
23	  D	  1.7	  1.1	0.142	0.000	0.000
24	  S	  0.2	  1.5	0.142	0.000	0.000
25	  G	  0.1	  1.7	0.000	0.000	0.000
26	  R	  0.4	  1.5	0.000	0.000	0.000
27	  D	  0.7	  0.7	0.000	0.000	0.000
28	  Y	  2.4	  0.3	0.000	0.000	0.000
29	  V	  4.0	  0.1	0.000	0.000	0.000
30	  S	  4.1	  0.1	0.000	0.000	0.000
31	  Q	  9.6	  0.1	0.000	0.000	0.000
32	  F	  9.0	  0.2	0.000	0.000	0.000
33	  E	  8.5	  0.2	0.000	0.000	0.000
34	  S	  2.4	  0.9	0.000	0.000	0.000
35	  S	  1.2	  1.1	0.000	0.000	0.000
36	  S	  1.2	  1.2	0.000	0.000	0.000
37	  L	  0.3	  1.2	0.000	0.000	0.000
38	  G	  0.2	  0.5	0.195	0.000	0.000
39	  Q	  0.4	  0.3	0.195	0.000	0.000
40	  Q	  1.4	  0.1	0.195	0.000	0.000
41	  L	  3.1	  0.1	0.195	0.000	0.000
42	  N	  3.0	  0.4	0.640	0.000	0.000
43	  L	  3.8	  0.4	0.640	0.000	0.000
44	  N	  2.1	  0.4	0.640	0.000	0.000
45	  L	  1.8	  0.4	0.444	0.000	0.000
46	  L	  0.2	  0.5	0.444	0.000	0.000
47	  E	  0.3	  0.5	0.444	0.000	0.000
48	  N	  0.8	  1.0	0.000	0.000	0.000
49	  W	  1.1	  1.1	0.000	0.000	0.000
50	  D	  1.1	  0.7	0.000	0.000	0.000
51	  T	  0.6	  0.8	0.000	0.000	0.000
52	  L	  0.2	  0.9	0.000	0.000	0.000
53	  G	  0.2	  0.9	0.000	0.000	0.000
54	  S	  0.5	  0.8	0.000	0.000	0.000
55	  T	 19.0	  0.7	0.000	0.000	0.000
56	  V	 20.7	  0.1	0.000	0.000	0.000
57	  S	 20.4	  0.1	0.000	0.000	0.000
58	  Q	  3.4	  0.1	0.000	0.000	0.000
59	  L	  1.2	  0.1	0.000	0.000	0.000
60	  Q	  1.1	  0.1	0.000	0.000	0.000
61	  E	  0.2	  0.1	0.000	0.000	0.000
62	  R	  0.3	  0.1	0.000	0.000	0.000
63	  L	  0.2	  0.2	0.000	0.000	0.000
64	  G	  0.1	  0.1	0.474	0.000	0.000
65	  P	  0.0	  0.1	0.474	0.000	0.000
66	  L	  0.2	  0.1	0.474	0.000	0.000
67	  T	  0.5	  0.3	0.474	0.000	0.000
68	  R	  0.7	  0.3	0.474	0.000	0.000
69	  D	  1.5	  0.3	0.474	0.000	0.000
70	  F	  2.5	  0.3	0.000	0.000	0.000
71	  W	  2.5	  0.4	0.000	0.000	0.000
72	  D	  1.5	  0.5	0.168	0.000	0.000
73	  N	  0.8	  0.5	0.168	0.000	0.000
74	  L	  0.7	  0.4	0.168	0.000	0.000
75	  E	  0.8	  0.1	0.168	0.000	0.000
76	  K	  0.5	  0.2	0.168	0.000	0.000
77	  E	  0.5	  0.2	0.168	0.000	0.000
78	  T	  0.7	  0.1	0.958	0.000	0.000
79	  D	  0.8	  0.1	1.105	0.000	0.000
80	  W	  1.8	  0.0	1.105	0.000	0.000
81	  V	  4.1	  0.0	1.105	0.000	0.000
82	  R	  4.0	  0.1	1.105	0.000	0.000
83	  Q	  3.1	  0.1	1.105	0.000	0.000
84	  E	  1.5	  0.1	0.818	0.000	0.000
85	  M	  1.3	  0.1	0.291	0.000	0.000
86	  N	  1.3	  0.9	0.598	0.000	0.000
87	  K	  0.2	  0.9	0.469	0.000	0.000
88	  D	  0.3	  0.9	4.819	0.000	0.000
89	  L	  0.3	  0.9	5.094	0.000	0.000
90	  E	  0.3	  0.1	5.394	0.000	0.000
91	  E	 13.5	  0.0	5.539	0.000	0.000
92	  V	 15.4	  0.1	5.395	0.000	0.000
93	  K	 15.6	  0.0	5.395	0.000	0.000
94	  Q	  3.0	  0.0	4.302	0.000	0.000
95	  K	  3.6	  0.0	3.451	0.000	0.000
96	  V	  3.7	  0.0	1.381	0.000	0.000
97	  Q	  3.2	  0.0	1.381	0.000	0.000
98	  P	  0.4	  0.0	0.000	0.000	0.000
99	  Y	  1.0	  0.1	0.000	0.000	0.000
100	  L	  0.9	  0.2	0.000	0.000	0.000
101	  D	  1.0	  0.2	6.835	0.000	0.000
102	  E	  1.5	  0.2	7.776	0.000	0.000
103	  F	  3.4	  0.1	7.776	0.000	0.000
104	  Q	  3.6	  0.0	7.776	0.000	0.000
105	  K	  2.2	  0.0	7.776	0.000	0.000
106	  K	  1.0	  0.0	7.776	0.000	0.000
107	  W	  1.2	  0.0	6.511	0.000	0.000
108	  K	  1.3	  0.1	5.769	0.000	0.000
109	  E	  0.6	  0.1	3.603	0.000	0.000
110	  E	  2.4	  0.1	3.239	0.000	0.000
111	  V	  6.8	  0.1	2.995	0.000	0.000
112	  E	  6.9	  0.1	2.995	0.000	0.000
113	  L	  5.0	  0.0	2.751	0.000	0.000
114	  Y	  2.5	  0.1	2.597	0.000	0.000
115	  R	  2.6	  0.1	1.672	0.000	0.000
116	  Q	  3.1	  0.1	1.425	0.000	0.000
117	  K	  6.2	  0.1	0.356	0.000	0.000
118	  V	  6.4	  0.0	0.000	0.000	0.000
119	  A	  5.7	  0.4	0.000	0.000	0.000
120	  P	  0.5	  0.4	0.000	0.000	0.000
121	  L	  0.0	  0.5	0.000	0.000	0.000
122	  G	  0.0	  0.5	0.000	0.000	0.000
123	  A	  0.1	  0.1	0.000	0.000	0.000
124	  E	  0.5	  0.1	0.000	0.000	0.000
125	  L	  0.5	  0.1	0.000	0.000	0.000
126	  Q	  0.5	  0.2	0.841	0.000	0.000
127	  E	  0.2	  0.2	0.990	0.000	0.000
128	  S	  1.0	  0.2	3.034	0.000	0.000
129	  A	  1.1	  0.2	3.034	0.000	0.000
130	  R	  1.4	  0.1	3.034	0.000	0.000
131	  Q	  0.9	  0.1	3.034	0.000	0.000
132	  K	  1.3	  0.1	2.632	0.000	0.000
133	  L	  1.0	  0.1	2.196	0.000	0.000
134	  Q	  0.8	  0.1	1.897	0.000	0.000
135	  E	  0.5	  0.1	1.498	0.000	0.000
136	  L	  0.5	  0.3	1.213	0.000	0.000
137	  Q	  0.4	  0.4	1.045	0.000	0.000
138	  G	  0.1	  0.4	0.452	0.000	0.000
139	  R	  0.9	  0.4	0.202	0.000	0.000
140	  L	  1.0	  0.2	0.000	0.000	0.000
141	  S	  1.0	  0.0	0.000	0.000	0.000
142	  P	  0.1	  0.0	0.000	0.000	0.000
143	  V	  0.8	  0.0	0.000	0.000	0.000
144	  A	  0.8	  0.1	0.212	0.000	0.000
145	  E	  0.9	  0.1	0.578	0.000	0.000
146	  E	  0.9	  0.1	0.578	0.000	0.000
147	  F	  1.7	  0.3	0.578	0.000	0.000
148	  R	  1.7	  0.2	0.578	0.000	0.000
149	  D	  0.9	  0.2	0.578	0.000	0.000
150	  R	  0.8	  0.2	0.578	0.000	0.000
151	  M	  1.0	  0.1	0.578	0.000	0.000
152	  R	  1.4	  0.1	0.426	0.000	0.000
153	  T	  2.5	  0.1	0.000	0.000	0.000
154	  H	  3.8	  0.2	0.000	0.000	0.000
155	  V	  4.6	  0.2	0.000	0.000	0.000
156	  D	  2.7	  0.2	0.176	0.000	0.000
157	  S	  3.3	  0.2	0.973	0.000	0.000
158	  L	  2.3	  0.2	0.973	0.000	0.000
159	  R	  2.6	  0.2	0.973	0.000	0.000
160	  T	  1.6	  0.1	0.973	0.000	0.000
161	  Q	  1.7	  0.1	0.973	0.000	0.000
162	  L	  1.4	  0.1	0.797	0.000	0.000
163	  A	  0.4	  0.2	0.437	0.000	0.000
164	  P	  0.1	  0.2	0.000	0.000	0.000
165	  H	  0.0	  0.3	0.000	0.000	0.000
166	  S	  0.1	  0.4	3.176	0.000	0.000
167	  E	  0.1	  0.2	3.720	0.000	0.000
168	  Q	  0.9	  0.2	4.199	0.000	0.000
169	  M	  1.0	  0.1	4.591	0.000	0.000
170	  R	  1.0	  0.1	5.486	0.000	0.000
171	  E	  0.1	  0.2	6.003	0.000	0.000
172	  S	  0.2	  0.2	16.488	0.000	0.000
173	  L	  0.2	  0.1	17.080	0.000	0.000
174	  A	  0.3	  0.1	18.498	0.000	0.000
175	  Q	  0.4	  0.1	18.663	0.000	0.000
176	  R	  0.5	  0.1	18.634	0.000	0.000
177	  L	  0.4	  0.1	18.687	0.000	0.000
178	  A	  0.2	  0.1	18.566	0.000	0.000
179	  E	  1.3	  0.0	18.235	0.000	0.000
180	  L	  1.6	  0.1	16.616	0.000	0.000
181	  K	  1.6	  0.1	15.487	0.000	0.000
182	  S	  0.4	  0.1	10.576	0.000	0.000
183	  N	  0.1	  0.3	8.603	0.000	0.000
184	  P	  0.0	  0.2	0.000	0.000	0.000
185	  T	  1.8	  0.2	0.000	0.000	0.000
186	  L	  1.8	  0.3	0.000	0.000	0.000
187	  N	  1.9	  0.0	0.000	0.000	0.000
188	  E	  4.0	  0.0	0.000	0.000	0.000
189	  Y	  4.9	  0.0	0.000	0.000	0.000
190	  H	  5.6	  0.0	0.000	0.000	0.000
191	  T	  2.0	  0.1	0.000	0.000	0.000
192	  R	  1.2	  0.1	0.000	0.000	0.000
193	  A	  0.5	  0.1	0.000	0.000	0.000
194	  K	  0.7	  0.1	0.000	0.000	0.000
195	  T	  1.7	  0.1	0.000	0.000	0.000
196	  H	  2.3	  0.1	0.000	0.000	0.000
197	  L	  2.0	  0.2	0.000	0.000	0.000
198	  K	  1.6	  0.2	0.000	0.000	0.000
199	  T	  2.1	  0.3	0.237	0.000	0.000
200	  F	  2.0	  0.5	0.237	0.000	0.000
201	  G	  1.3	  0.5	0.237	0.000	0.000
202	  E	  0.3	  0.5	0.237	0.000	0.000
203	  K	  0.5	  0.3	0.237	0.000	0.000
204	  A	  0.5	  0.1	0.237	0.000	0.000
205	  R	  0.4	  0.0	0.237	0.000	0.000
206	  P	  0.0	  0.0	0.000	0.000	0.000
207	  A	  0.1	  0.0	0.000	0.000	0.000
208	  L	  0.2	  0.2	0.000	0.000	0.000
209	  E	  0.2	  0.2	0.000	0.000	0.000
210	  D	  1.0	  0.5	0.000	0.000	0.000
211	  V	  3.7	  0.5	0.000	0.000	0.000
212	  S	  5.2	  0.5	0.000	0.000	0.000
213	  H	  4.5	  0.6	0.000	0.000	0.000
214	  S	  2.4	  0.3	0.000	0.000	0.000
215	  L	  0.8	  0.2	0.000	0.000	0.000
216	  M	  0.7	  0.1	0.000	0.000	0.000
217	  P	  0.1	  0.0	0.000	0.000	0.000
218	  I	  0.7	  0.0	0.000	0.000	0.000
219	  L	  0.7	  0.0	0.000	0.000	0.000
220	  E	  0.8	  0.0	0.000	0.000	0.000
221	  T	 16.4	  0.0	0.383	0.000	0.000
222	  V	 17.8	  0.1	0.383	0.000	0.000
223	  K	 18.4	  0.0	0.383	0.000	0.000
224	  T	  3.6	  0.0	0.383	0.000	0.000
225	  K	  2.8	  0.0	0.383	0.000	0.000
226	  F	  3.6	  0.2	0.383	0.337	0.337
227	  Q	  2.8	  0.2	0.000	0.337	0.337
228	  S	  3.2	  0.2	0.134	0.337	0.337
229	  V	  7.0	  0.2	0.134	0.337	0.337
230	  I	  6.9	  0.0	0.134	0.337	0.337
231	  D	  5.6	  0.1	0.134	0.000	0.000
232	  K	  0.5	  0.1	0.134	0.000	0.000
233	  A	  0.2	  0.1	0.134	0.000	0.000
234	  S	  0.3	  0.1	0.000	0.000	0.000
235	  E	  0.4	  0.0	0.000	0.000	0.000
236	  I	  2.3	  0.0	0.000	0.000	0.000
237	  L	  3.2	  0.0	0.000	0.000	0.000
238	  T	  4.2	  0.0	0.000	0.000	0.000
239	  A	  2.2	  0.0	0.000	0.000	0.000
240	  Q	  1.3	  0.0	0.000	0.000	0.000
