res	aa	Beta	Turn	Helix	Aggregation	Conc-Stab_Aggregation
01	  D	  0.0	  0.0	0.000	0.000	0.000
02	  E	  0.0	  0.0	0.000	0.000	0.000
03	  P	  0.0	  0.1	0.000	0.000	0.000
04	  Q	  0.3	  0.1	0.000	0.000	0.000
05	  S	  0.7	  0.1	0.329	0.000	0.000
06	  Q	  2.0	  0.1	0.329	0.000	0.000
07	  W	  2.0	  0.1	0.329	0.000	0.000
08	  D	  1.7	  0.1	0.709	0.000	0.000
09	  K	  4.9	  0.1	0.709	0.000	0.000
10	  V	  6.2	  0.4	0.709	0.000	0.000
11	  K	  6.2	  0.3	0.709	0.000	0.000
12	  D	  1.8	  0.3	0.510	0.000	0.000
13	  F	  0.5	  0.8	0.510	9.123	9.123
14	  A	  0.5	  0.5	0.163	9.123	9.123
15	  N	  4.9	  0.5	0.163	9.123	9.123
16	  V	 10.8	  0.5	0.000	9.123	9.123
17	  Y	 12.1	  0.0	0.000	9.123	9.123
18	  V	  8.4	  0.1	0.000	8.381	8.381
19	  D	  2.2	  0.1	0.142	0.000	0.000
20	  A	  1.4	  0.1	0.142	0.000	0.000
21	  V	  2.5	  0.1	0.142	0.000	0.000
22	  K	  2.4	  0.3	0.142	0.000	0.000
23	  D	  1.7	  1.1	0.142	0.000	0.000
24	  S	  0.2	  1.5	0.142	0.000	0.000
25	  G	  0.1	  1.7	0.000	0.000	0.000
26	  R	  0.4	  1.5	0.000	0.000	0.000
27	  D	  0.7	  0.7	0.000	0.000	0.000
28	  Y	  2.4	  0.3	0.000	0.000	0.000
29	  V	  4.0	  0.1	0.000	0.000	0.000
30	  S	  4.1	  0.1	0.000	0.000	0.000
31	  Q	  9.6	  0.1	0.000	0.000	0.000
32	  F	  9.0	  0.2	0.000	0.000	0.000
33	  E	  8.5	  0.2	0.000	0.000	0.000
34	  S	  2.4	  0.9	0.000	0.000	0.000
35	  S	  1.2	  1.1	0.000	0.000	0.000
36	  S	  1.2	  1.2	0.000	0.000	0.000
37	  L	  0.3	  1.2	0.000	0.000	0.000
38	  G	  0.2	  0.5	0.195	0.000	0.000
39	  Q	  0.4	  0.3	0.195	0.000	0.000
40	  Q	  1.4	  0.1	0.195	0.000	0.000
41	  L	  3.1	  0.1	0.195	0.000	0.000
42	  N	  3.0	  0.4	0.640	0.000	0.000
43	  L	  3.8	  0.4	0.640	0.000	0.000
44	  N	  2.1	  0.4	0.640	0.000	0.000
45	  L	  1.8	  0.4	0.444	0.000	0.000
46	  L	  0.2	  0.5	0.444	0.000	0.000
47	  E	  0.3	  0.5	0.444	0.000	0.000
48	  N	  0.8	  1.0	0.000	0.000	0.000
49	  W	  1.1	  1.1	0.000	0.000	0.000
50	  D	  1.1	  0.7	0.000	0.000	0.000
51	  T	  0.6	  0.9	0.000	0.000	0.000
52	  L	  0.2	  1.1	0.000	0.000	0.000
53	  G	  0.2	  1.1	0.000	0.000	0.000
54	  S	  0.6	  1.0	0.000	0.000	0.000
55	  T	  1.2	  1.0	0.000	0.000	0.000
56	  V	  1.3	  0.3	0.000	0.000	0.000
57	  G	  0.8	  0.3	0.169	0.000	0.000
58	  Q	  1.4	  0.3	0.169	0.000	0.000
59	  L	  1.3	  0.1	0.169	0.000	0.000
60	  Q	  1.4	  0.1	0.169	0.000	0.000
61	  E	  0.2	  0.1	0.169	0.000	0.000
62	  R	  0.3	  0.1	0.169	0.000	0.000
63	  L	  0.2	  0.2	0.169	0.000	0.000
64	  G	  0.1	  0.1	0.642	0.000	0.000
65	  P	  0.0	  0.1	0.473	0.000	0.000
66	  L	  0.2	  0.1	0.473	0.000	0.000
67	  T	  0.5	  0.3	0.473	0.000	0.000
68	  R	  0.7	  0.3	0.473	0.000	0.000
69	  D	  1.5	  0.3	0.473	0.000	0.000
70	  F	  2.5	  0.3	0.000	0.000	0.000
71	  W	  2.5	  0.4	0.000	0.000	0.000
72	  D	  1.5	  0.5	0.168	0.000	0.000
73	  N	  0.8	  0.5	0.168	0.000	0.000
74	  L	  0.7	  0.4	0.168	0.000	0.000
75	  E	  0.8	  0.1	0.168	0.000	0.000
76	  K	  0.5	  0.2	0.168	0.000	0.000
77	  E	  0.5	  0.2	0.168	0.000	0.000
78	  T	  0.7	  0.1	0.958	0.000	0.000
79	  D	  0.8	  0.1	1.105	0.000	0.000
80	  W	  1.8	  0.0	1.105	0.000	0.000
81	  V	  4.1	  0.0	1.105	0.000	0.000
82	  R	  4.0	  0.1	1.105	0.000	0.000
83	  Q	  3.1	  0.1	1.105	0.000	0.000
84	  E	  1.5	  0.1	0.818	0.000	0.000
85	  M	  1.3	  0.1	0.291	0.000	0.000
86	  N	  1.3	  0.9	0.598	0.000	0.000
87	  K	  0.2	  0.9	0.469	0.000	0.000
88	  D	  0.3	  0.9	4.819	0.000	0.000
89	  L	  0.3	  0.9	5.094	0.000	0.000
90	  E	  0.3	  0.1	5.394	0.000	0.000
91	  E	 13.5	  0.0	5.539	0.000	0.000
92	  V	 15.4	  0.1	5.395	0.000	0.000
93	  K	 15.6	  0.0	5.395	0.000	0.000
94	  Q	  3.0	  0.0	4.302	0.000	0.000
95	  K	  3.6	  0.0	3.451	0.000	0.000
96	  V	  3.7	  0.0	1.381	0.000	0.000
97	  Q	  3.2	  0.0	1.381	0.000	0.000
98	  P	  0.4	  0.0	0.000	0.000	0.000
99	  Y	  1.0	  0.1	0.000	0.000	0.000
100	  L	  0.9	  0.2	0.000	0.000	0.000
101	  D	  1.0	  0.2	6.598	0.000	0.000
102	  E	  1.5	  0.2	7.440	0.000	0.000
103	  F	  3.5	  0.1	7.440	0.000	0.000
104	  Q	  3.6	  0.0	7.440	0.000	0.000
105	  K	  2.2	  0.0	7.440	0.000	0.000
106	  K	  1.0	  0.0	7.440	0.000	0.000
107	  W	  1.2	  0.1	6.174	0.000	0.000
108	  K	  1.2	  0.4	5.432	0.000	0.000
109	  E	  0.5	  0.4	3.305	0.000	0.000
110	  D	  2.4	  0.4	4.420	0.000	0.000
111	  V	  6.9	  0.4	4.353	0.000	0.000
112	  E	  7.0	  0.0	4.353	0.000	0.000
113	  L	  4.9	  0.0	4.143	0.000	0.000
114	  Y	  2.5	  0.1	4.022	0.000	0.000
115	  R	  2.6	  0.1	3.335	0.000	0.000
116	  Q	  3.0	  0.1	2.800	0.000	0.000
117	  K	  6.1	  0.1	1.013	0.000	0.000
118	  V	  6.2	  0.0	0.298	0.000	0.000
119	  A	  5.6	  0.4	0.298	0.000	0.000
120	  P	  0.5	  0.4	0.000	0.000	0.000
121	  L	  0.0	  0.5	0.000	0.000	0.000
122	  G	  0.0	  0.5	0.000	0.000	0.000
123	  A	  0.1	  0.1	0.000	0.000	0.000
124	  E	  1.5	  0.1	0.000	0.000	0.000
125	  L	  1.5	  0.1	0.000	0.000	0.000
126	  H	  1.6	  0.4	1.345	0.000	0.000
127	  E	  0.4	  0.3	1.345	0.000	0.000
128	  S	  1.1	  0.3	3.279	0.000	0.000
129	  A	  1.1	  0.4	3.279	0.000	0.000
130	  R	  1.4	  0.1	3.279	0.000	0.000
131	  Q	  0.9	  0.1	3.279	0.000	0.000
132	  K	  1.3	  0.1	2.694	0.000	0.000
133	  L	  1.0	  0.1	2.287	0.000	0.000
134	  Q	  0.8	  0.1	2.003	0.000	0.000
135	  E	  0.5	  0.1	1.483	0.000	0.000
136	  L	  0.5	  0.3	1.213	0.000	0.000
137	  Q	  0.4	  0.4	1.054	0.000	0.000
138	  G	  0.1	  0.4	0.428	0.000	0.000
139	  R	  0.9	  0.4	0.191	0.000	0.000
140	  L	  1.0	  0.2	0.000	0.000	0.000
141	  S	  1.0	  0.0	0.313	0.000	0.000
142	  P	  0.1	  0.0	0.453	0.000	0.000
143	  V	  0.8	  0.0	0.766	0.000	0.000
144	  A	  0.8	  0.1	1.441	0.000	0.000
145	  E	  0.8	  0.1	2.043	0.000	0.000
146	  E	  0.3	  0.1	2.679	0.000	0.000
147	  L	  0.5	  0.3	2.679	0.000	0.000
148	  R	  0.5	  0.2	2.679	0.000	0.000
149	  D	  0.2	  0.3	2.679	0.000	0.000
150	  R	  0.7	  0.3	2.679	0.000	0.000
151	  L	  0.8	  0.2	2.679	0.000	0.000
152	  R	  1.2	  0.1	2.158	0.000	0.000
153	  T	  2.5	  0.1	0.000	0.000	0.000
154	  H	  3.8	  0.1	0.000	0.000	0.000
155	  V	  4.3	  0.1	0.000	0.000	0.000
156	  D	  2.5	  0.1	0.161	0.000	0.000
157	  T	  3.5	  0.1	0.429	0.000	0.000
158	  L	  2.7	  0.1	0.429	0.000	0.000
159	  R	  2.9	  0.1	0.429	0.000	0.000
160	  T	  1.4	  0.1	0.429	0.000	0.000
161	  K	  4.7	  0.1	0.429	0.000	0.000
162	  I	  4.8	  0.0	0.267	0.000	0.000
163	  A	  3.9	  0.2	0.267	0.000	0.000
164	  P	  0.4	  0.2	0.000	0.000	0.000
165	  H	  0.0	  0.7	0.000	0.000	0.000
166	  S	  0.0	  0.7	1.552	0.000	0.000
167	  D	  0.0	  0.5	5.570	0.000	0.000
168	  Q	  0.9	  0.5	6.040	0.000	0.000
169	  M	  0.9	  0.1	6.423	0.000	0.000
170	  R	  0.9	  0.1	7.299	0.000	0.000
171	  E	  0.1	  0.2	7.805	0.000	0.000
172	  S	  0.2	  0.2	18.247	0.000	0.000
173	  L	  0.2	  0.1	18.669	0.000	0.000
174	  A	  0.3	  0.1	20.057	0.000	0.000
175	  Q	  0.4	  0.0	20.096	0.000	0.000
176	  R	  0.5	  0.0	19.840	0.000	0.000
177	  L	  0.4	  0.0	19.863	0.000	0.000
178	  A	  0.2	  0.1	19.745	0.000	0.000
179	  E	  1.3	  0.0	19.421	0.000	0.000
180	  L	  1.6	  0.1	17.788	0.000	0.000
181	  K	  1.6	  0.1	16.628	0.000	0.000
182	  S	  0.4	  0.1	11.373	0.000	0.000
183	  N	  0.1	  0.3	9.148	0.000	0.000
184	  P	  0.0	  0.2	0.000	0.000	0.000
185	  T	  1.8	  0.2	0.000	0.000	0.000
186	  L	  1.8	  0.2	0.000	0.000	0.000
187	  N	  1.9	  0.0	0.000	0.000	0.000
188	  E	  4.0	  0.0	0.000	0.000	0.000
189	  Y	  4.9	  0.0	0.000	0.000	0.000
190	  H	  5.6	  0.0	0.000	0.000	0.000
191	  T	  2.0	  0.1	0.000	0.000	0.000
192	  R	  1.2	  0.1	0.000	0.000	0.000
193	  A	  0.5	  0.1	0.000	0.000	0.000
194	  K	  0.7	  0.1	0.000	0.000	0.000
195	  T	  1.7	  0.1	0.000	0.000	0.000
196	  H	  2.2	  0.1	0.000	0.000	0.000
197	  L	  1.9	  0.1	0.000	0.000	0.000
198	  K	  1.1	  0.1	0.000	0.000	0.000
199	  T	  6.4	  0.1	0.227	0.000	0.000
200	  L	  6.3	  0.1	0.227	0.000	0.000
201	  S	  6.1	  0.2	0.227	0.000	0.000
202	  E	  0.2	  0.2	0.227	0.000	0.000
203	  K	  0.5	  0.2	0.227	0.000	0.000
204	  A	  0.5	  0.1	0.227	0.000	0.000
205	  R	  0.4	  0.0	0.227	0.000	0.000
206	  P	  0.0	  0.0	0.000	0.000	0.000
207	  A	  0.1	  0.0	0.000	0.000	0.000
208	  L	  0.2	  0.3	0.000	0.000	0.000
209	  E	  0.2	  0.3	0.000	0.000	0.000
210	  D	  0.5	  0.3	0.213	0.000	0.000
211	  L	  1.4	  0.3	0.213	0.000	0.000
212	  R	  1.5	  0.1	0.213	0.000	0.000
213	  H	  1.3	  0.1	0.213	0.000	0.000
214	  S	  0.9	  0.1	0.213	0.000	0.000
215	  L	  0.9	  0.1	0.213	0.000	0.000
216	  M	  0.7	  0.1	0.213	0.000	0.000
217	  P	  0.1	  0.0	0.000	0.000	0.000
218	  M	  0.1	  0.0	0.000	0.000	0.000
219	  L	  0.1	  0.2	0.000	0.000	0.000
220	  E	  0.4	  0.2	0.000	0.000	0.000
221	  T	 14.5	  0.2	0.172	0.000	0.000
222	  F	 14.9	  0.2	0.172	0.000	0.000
223	  K	 15.3	  0.1	0.172	0.000	0.000
224	  T	  3.0	  0.1	0.172	0.000	0.000
225	  K	  3.8	  0.1	0.172	0.000	0.000
226	  V	  4.4	  0.0	0.172	0.339	0.339
227	  Q	  3.0	  0.0	0.172	0.339	0.339
228	  S	  2.9	  0.0	0.133	0.339	0.339
229	  V	  6.9	  0.0	0.133	0.339	0.339
230	  I	  6.9	  0.0	0.133	0.339	0.339
231	  D	  5.6	  0.1	0.133	0.000	0.000
232	  K	  0.5	  0.1	0.133	0.000	0.000
233	  A	  0.2	  0.1	0.133	0.000	0.000
234	  S	  0.2	  0.2	0.000	0.000	0.000
235	  E	  0.1	  0.2	0.000	0.000	0.000
236	  T	  3.3	  0.2	0.000	0.000	0.000
237	  L	  4.1	  0.1	0.000	0.000	0.000
238	  T	  5.4	  0.0	0.000	0.000	0.000
239	  A	  2.2	  0.0	0.000	0.000	0.000
240	  Q	  1.3	  0.0	0.000	0.000	0.000
