res	aa	Beta	Turn	Helix	Aggregation	Conc-Stab_Aggregation
01	  D	  0.0	  0.0	0.000	0.000	0.000
02	  E	  0.0	  0.0	0.000	0.000	0.000
03	  P	  0.0	  0.1	0.000	0.000	0.000
04	  Q	  0.1	  0.1	0.000	0.000	0.000
05	  S	  0.3	  0.1	0.161	0.000	0.000
06	  R	  3.1	  0.2	0.161	0.000	0.000
07	  W	  3.2	  0.2	0.161	0.000	0.000
08	  D	  3.1	  0.2	0.335	0.000	0.000
09	  K	  4.8	  0.2	0.335	0.000	0.000
10	  V	  6.1	  0.3	0.335	0.706	0.706
11	  K	  6.1	  0.3	0.335	0.845	0.845
12	  D	  1.7	  0.3	0.814	0.845	0.845
13	  F	  0.5	  0.4	0.814	61.453	61.453
14	  A	  1.1	  0.2	0.640	62.288	62.288
15	  T	  7.2	  0.2	0.640	62.288	62.288
16	  V	 12.9	  0.2	0.640	62.288	62.288
17	  Y	 13.6	  0.0	0.640	62.288	62.288
18	  V	  8.3	  0.1	0.123	57.350	57.350
19	  D	  2.1	  0.1	0.262	0.544	0.544
20	  A	  1.4	  0.1	0.262	0.544	0.544
21	  V	  2.4	  0.1	0.262	0.544	0.544
22	  K	  2.4	  0.3	0.262	0.544	0.544
23	  D	  1.7	  1.1	0.139	0.000	0.000
24	  S	  0.2	  1.5	0.139	0.000	0.000
25	  G	  0.1	  1.7	0.000	0.000	0.000
26	  R	  0.4	  1.5	0.000	0.000	0.000
27	  D	  0.7	  0.7	0.000	0.000	0.000
28	  Y	  2.4	  0.3	0.000	0.000	0.000
29	  V	  4.0	  0.1	0.000	0.000	0.000
30	  S	  4.1	  0.1	0.000	0.000	0.000
31	  Q	  9.6	  0.1	0.000	0.000	0.000
32	  F	  8.9	  0.2	0.000	0.000	0.000
33	  E	  8.5	  0.2	0.000	0.000	0.000
34	  S	  2.4	  0.9	0.000	0.000	0.000
35	  S	  1.1	  1.1	0.000	0.000	0.000
36	  S	  1.2	  1.2	0.663	0.000	0.000
37	  L	  0.3	  1.2	0.663	0.000	0.000
38	  G	  0.2	  0.6	0.835	0.000	0.000
39	  K	  0.2	  0.4	0.835	0.000	0.000
40	  Q	  1.1	  0.2	0.835	0.000	0.000
41	  L	  2.8	  0.1	0.835	0.000	0.000
42	  N	  3.0	  0.4	1.277	0.000	0.000
43	  L	  3.8	  0.4	1.089	0.000	0.000
44	  N	  2.1	  0.4	0.944	0.000	0.000
45	  L	  1.8	  0.4	0.442	0.000	0.000
46	  L	  0.2	  0.5	0.442	0.000	0.000
47	  E	  0.3	  0.5	0.442	0.000	0.000
48	  N	  0.8	  1.0	0.000	0.000	0.000
49	  W	  1.1	  1.1	0.000	0.000	0.000
50	  D	  1.1	  0.7	0.000	0.000	0.000
51	  T	  0.6	  0.7	0.000	0.000	0.000
52	  L	  0.2	  0.5	0.000	0.000	0.000
53	  G	  0.2	  0.4	0.000	0.000	0.000
54	  T	  2.6	  0.3	0.000	0.000	0.000
55	  T	  3.2	  0.5	0.000	0.000	0.000
56	  V	  3.3	  0.3	0.000	0.000	0.000
57	  G	  0.8	  0.3	0.166	0.000	0.000
58	  Q	  1.3	  0.3	0.166	0.000	0.000
59	  L	  1.2	  0.1	0.166	0.000	0.000
60	  Q	  1.3	  0.1	0.166	0.000	0.000
61	  E	  0.2	  0.1	0.166	0.000	0.000
62	  R	  0.3	  0.1	0.166	0.000	0.000
63	  L	  0.2	  0.2	0.166	0.000	0.000
64	  G	  0.1	  0.1	0.639	0.000	0.000
65	  P	  0.0	  0.1	0.473	0.000	0.000
66	  L	  0.2	  0.1	0.473	0.000	0.000
67	  T	  0.5	  0.3	0.473	0.000	0.000
68	  R	  0.7	  0.3	0.473	0.000	0.000
69	  D	  1.5	  0.3	0.473	0.000	0.000
70	  F	  2.5	  0.3	0.000	0.000	0.000
71	  W	  2.5	  0.4	0.000	0.000	0.000
72	  D	  1.5	  0.5	0.166	0.000	0.000
73	  N	  0.8	  0.5	0.166	0.000	0.000
74	  L	  0.7	  0.4	0.166	0.000	0.000
75	  E	  0.8	  0.1	0.166	0.000	0.000
76	  K	  0.5	  0.2	0.166	0.000	0.000
77	  E	  0.5	  0.2	0.166	0.000	0.000
78	  T	  0.7	  0.1	2.419	0.000	0.000
79	  D	  0.5	  0.1	2.655	0.000	0.000
80	  W	  1.1	  0.0	2.655	0.000	0.000
81	  L	  1.1	  0.0	2.655	0.000	0.000
82	  R	  1.3	  0.1	2.655	0.000	0.000
83	  Q	  0.7	  0.1	2.655	0.000	0.000
84	  E	  1.5	  0.1	1.598	0.000	0.000
85	  M	  1.4	  0.1	0.749	0.000	0.000
86	  N	  1.3	  0.9	0.934	0.000	0.000
87	  K	  0.2	  0.9	0.692	0.000	0.000
88	  D	  0.3	  0.9	4.756	0.000	0.000
89	  L	  0.3	  0.9	4.994	0.000	0.000
90	  E	  0.3	  0.1	5.244	0.000	0.000
91	  E	 13.6	  0.0	5.244	0.000	0.000
92	  V	 15.5	  0.1	5.100	0.000	0.000
93	  K	 15.6	  0.1	5.100	0.000	0.000
94	  Q	  2.8	  0.1	4.187	0.000	0.000
95	  N	  3.1	  0.1	3.574	0.000	0.000
96	  V	  3.3	  0.1	0.545	0.000	0.000
97	  Q	  2.8	  0.0	0.545	0.000	0.000
98	  P	  0.4	  0.0	0.000	0.000	0.000
99	  Y	  0.9	  0.1	0.000	0.000	0.000
100	  L	  0.9	  0.2	0.117	0.000	0.000
101	  D	  1.0	  0.2	10.635	0.000	0.000
102	  E	  1.4	  0.2	11.654	0.000	0.000
103	  F	  3.3	  0.1	11.654	0.000	0.000
104	  Q	  3.4	  0.0	11.654	0.000	0.000
105	  K	  2.1	  0.0	11.654	0.000	0.000
106	  K	  0.8	  0.0	11.654	0.000	0.000
107	  W	  0.8	  0.0	10.657	0.000	0.000
108	  N	  0.7	  0.9	10.277	0.000	0.000
109	  E	  0.2	  0.9	6.004	0.000	0.000
110	  D	  2.3	  0.9	5.817	0.000	0.000
111	  V	  6.6	  0.9	4.760	0.000	0.000
112	  E	  6.7	  0.0	4.760	0.000	0.000
113	  L	  4.7	  0.0	4.461	0.000	0.000
114	  Y	  2.5	  0.1	4.334	0.000	0.000
115	  R	  2.8	  0.1	3.789	0.000	0.000
116	  Q	  3.2	  0.1	3.131	0.000	0.000
117	  R	  3.5	  0.1	1.113	0.000	0.000
118	  V	  3.5	  0.0	0.542	0.000	0.000
119	  A	  2.9	  0.4	0.542	0.000	0.000
120	  P	  0.5	  0.4	0.000	0.000	0.000
121	  L	  0.0	  0.5	0.000	0.000	0.000
122	  G	  0.0	  0.5	0.000	0.000	0.000
123	  A	  0.1	  0.1	0.000	0.000	0.000
124	  E	  1.5	  0.1	0.000	0.000	0.000
125	  L	  1.5	  0.1	0.000	0.000	0.000
126	  H	  1.6	  0.4	1.482	0.000	0.000
127	  E	  0.4	  0.3	1.482	0.000	0.000
128	  S	  1.1	  0.3	3.487	0.000	0.000
129	  A	  1.1	  0.4	3.487	0.000	0.000
130	  R	  1.4	  0.1	3.487	0.000	0.000
131	  Q	  0.9	  0.1	3.487	0.000	0.000
132	  K	  1.3	  0.1	2.903	0.000	0.000
133	  L	  1.0	  0.1	2.497	0.000	0.000
134	  Q	  0.8	  0.1	2.214	0.000	0.000
135	  E	  0.5	  0.1	1.695	0.000	0.000
136	  L	  0.5	  0.4	1.426	0.000	0.000
137	  Q	  0.4	  0.4	1.267	0.000	0.000
138	  G	  0.1	  0.4	0.643	0.000	0.000
139	  K	  1.0	  0.4	0.407	0.000	0.000
140	  L	  1.1	  0.1	0.000	0.000	0.000
141	  S	  1.1	  0.1	0.000	0.000	0.000
142	  P	  0.1	  0.0	0.000	0.000	0.000
143	  V	  0.8	  0.0	0.000	0.000	0.000
144	  A	  0.8	  0.1	0.212	0.000	0.000
145	  E	  0.9	  0.1	0.578	0.000	0.000
146	  E	  0.9	  0.1	0.578	0.000	0.000
147	  F	  1.7	  0.3	0.578	0.000	0.000
148	  R	  1.7	  0.2	0.578	0.000	0.000
149	  D	  0.9	  0.2	0.578	0.000	0.000
150	  R	  0.8	  0.2	0.578	0.000	0.000
151	  M	  1.0	  0.1	0.578	0.000	0.000
152	  R	  1.4	  0.1	0.427	0.000	0.000
153	  T	  2.6	  0.1	0.000	0.000	0.000
154	  H	  3.9	  0.1	0.000	0.000	0.000
155	  V	  4.2	  0.0	0.000	0.000	0.000
156	  D	  2.3	  0.2	0.566	0.000	0.000
157	  A	  1.0	  0.2	0.566	0.000	0.000
158	  L	  0.5	  0.2	0.566	0.000	0.000
159	  R	  0.8	  0.2	0.566	0.000	0.000
160	  T	  1.6	  0.1	0.566	0.000	0.000
161	  Q	  1.7	  0.1	0.566	0.000	0.000
162	  L	  1.5	  0.1	0.172	0.000	0.000
163	  A	  0.4	  0.2	0.172	0.000	0.000
164	  P	  0.1	  0.2	0.000	0.000	0.000
165	  H	  0.0	  0.8	0.000	0.000	0.000
166	  S	  0.0	  0.8	3.679	0.000	0.000
167	  D	  0.0	  0.7	8.152	0.000	0.000
168	  K	  0.7	  0.7	8.763	0.000	0.000
169	  L	  0.7	  0.2	9.193	0.000	0.000
170	  R	  0.7	  0.2	9.839	0.000	0.000
171	  E	  0.1	  0.1	10.332	0.000	0.000
172	  S	  0.2	  0.1	20.093	0.000	0.000
173	  L	  0.2	  0.1	20.156	0.000	0.000
174	  A	  0.3	  0.0	21.511	0.000	0.000
175	  Q	  0.4	  0.0	21.412	0.000	0.000
176	  R	  0.5	  0.0	20.797	0.000	0.000
177	  L	  0.4	  0.0	20.644	0.000	0.000
178	  A	  0.2	  0.1	20.531	0.000	0.000
179	  E	  1.3	  0.0	20.215	0.000	0.000
180	  L	  1.6	  0.1	18.455	0.000	0.000
181	  K	  1.6	  0.1	17.123	0.000	0.000
182	  S	  0.4	  0.1	11.654	0.000	0.000
183	  N	  0.1	  0.3	9.443	0.000	0.000
184	  P	  0.0	  0.2	0.000	0.000	0.000
185	  T	  1.8	  0.2	0.000	0.000	0.000
186	  L	  1.8	  0.2	0.000	0.000	0.000
187	  N	  1.9	  0.0	0.000	0.000	0.000
188	  E	  4.0	  0.0	0.000	0.000	0.000
189	  Y	  4.9	  0.0	0.000	0.000	0.000
190	  H	  5.6	  0.0	0.000	0.000	0.000
191	  T	  2.0	  0.1	0.000	0.000	0.000
192	  R	  1.2	  0.1	0.000	0.000	0.000
193	  A	  0.5	  0.1	0.000	0.000	0.000
194	  K	  0.7	  0.1	0.000	0.000	0.000
195	  T	  1.7	  0.1	0.000	0.000	0.000
196	  H	  2.5	  0.2	0.000	0.000	0.000
197	  L	  2.3	  0.2	0.000	0.000	0.000
198	  N	  4.7	  0.2	0.000	0.000	0.000
199	  T	  4.9	  0.4	0.281	0.000	0.000
200	  F	  4.7	  0.4	0.281	0.000	0.000
201	  G	  1.3	  0.5	0.281	0.000	0.000
202	  E	  0.3	  0.5	0.281	0.000	0.000
203	  K	  0.5	  0.3	0.281	0.000	0.000
204	  A	  0.5	  0.1	0.281	0.000	0.000
205	  R	  0.4	  0.0	0.281	0.000	0.000
206	  P	  0.0	  0.0	0.000	0.000	0.000
207	  A	  0.1	  0.0	0.000	0.000	0.000
208	  L	  0.2	  0.3	0.000	0.000	0.000
209	  E	  0.2	  0.3	0.000	0.000	0.000
210	  D	  0.5	  0.3	0.000	0.000	0.000
211	  L	  1.4	  0.3	0.000	0.000	0.000
212	  R	  2.1	  0.1	0.000	0.000	0.000
213	  H	  3.0	  0.1	0.000	0.000	0.000
214	  T	  3.2	  0.1	0.000	0.000	0.000
215	  L	  2.5	  0.0	0.000	0.000	0.000
216	  I	  1.3	  0.0	0.000	0.000	0.000
217	  P	  0.2	  0.0	0.000	0.000	0.000
218	  I	  0.6	  0.0	0.000	0.000	0.000
219	  L	  0.8	  0.1	0.000	0.000	0.000
220	  D	  0.8	  0.1	0.177	0.000	0.000
221	  T	  3.5	  0.1	0.491	0.000	0.000
222	  L	  3.4	  0.1	0.491	0.000	0.000
223	  K	  4.2	  0.1	0.491	0.000	0.000
224	  T	  2.8	  0.1	0.491	0.000	0.000
225	  K	  6.8	  0.1	0.491	0.000	0.000
226	  V	  9.0	  0.1	0.315	0.000	0.000
227	  K	  7.7	  0.0	0.315	0.000	0.000
228	  S	  4.8	  0.0	0.281	0.000	0.000
229	  V	  6.8	  0.0	0.281	0.000	0.000
230	  I	  6.5	  0.0	0.281	0.000	0.000
231	  D	  5.3	  0.1	0.414	0.000	0.000
232	  K	  0.5	  0.1	0.414	0.000	0.000
233	  A	  0.2	  0.1	0.414	0.000	0.000
234	  R	  0.2	  0.2	0.267	0.000	0.000
235	  E	  0.1	  0.1	0.133	0.000	0.000
236	  T	  3.3	  0.1	0.133	0.000	0.000
237	  L	  4.1	  0.1	0.133	0.000	0.000
238	  T	  5.4	  0.0	0.000	0.000	0.000
239	  A	  2.2	  0.0	0.000	0.000	0.000
240	  Q	  1.3	  0.0	0.000	0.000	0.000
