res	aa	Beta	Turn	Helix	Aggregation	Conc-Stab_Aggregation
01	  D	  0.0	  0.0	0.000	0.000	0.000
02	  E	  0.0	  0.0	0.000	0.000	0.000
03	  P	  0.0	  0.0	0.000	0.000	0.000
04	  Q	  0.0	  0.0	0.000	0.000	0.000
05	  S	  0.0	  0.3	0.172	0.000	0.000
06	  P	  0.0	  0.3	0.172	0.000	0.000
07	  W	  0.2	  0.3	0.172	0.000	0.000
08	  D	  0.3	  0.3	0.172	0.000	0.000
09	  R	  1.9	  0.1	0.172	0.000	0.000
10	  V	  3.3	  0.2	0.172	0.434	0.434
11	  K	  3.3	  0.1	0.172	0.526	0.526
12	  D	  1.7	  0.1	2.461	0.526	0.526
13	  L	  0.1	  0.1	2.461	41.041	41.041
14	  A	  0.8	  0.0	2.461	42.294	42.294
15	  T	  6.9	  0.0	2.461	42.294	42.294
16	  V	 12.8	  0.0	2.461	42.294	42.294
17	  Y	 13.4	  0.0	2.461	42.294	42.294
18	  V	  8.2	  0.1	0.713	39.031	39.031
19	  D	  2.1	  0.1	0.713	0.360	0.360
20	  A	  1.4	  0.1	0.437	0.360	0.360
21	  V	  2.4	  0.4	0.437	0.360	0.360
22	  K	  2.4	  0.5	0.437	0.360	0.360
23	  D	  1.6	  2.4	0.000	0.000	0.000
24	  G	  0.0	  2.6	0.000	0.000	0.000
25	  G	  0.0	  2.5	0.000	0.000	0.000
26	  R	  0.3	  2.4	0.000	0.000	0.000
27	  D	  0.7	  0.5	0.000	0.000	0.000
28	  Y	  3.3	  0.3	0.000	0.780	0.780
29	  V	  4.6	  0.0	0.000	0.780	0.780
30	  A	  4.5	  0.0	0.000	0.780	0.780
31	  Q	  9.0	  0.0	0.000	0.780	0.780
32	  F	  9.8	  0.0	0.134	0.780	0.780
33	  E	  9.6	  0.0	0.382	0.000	0.000
34	  A	  2.8	  0.1	0.382	0.000	0.000
35	  S	  0.5	  0.3	1.069	0.000	0.000
36	  A	  0.4	  0.4	1.069	0.000	0.000
37	  L	  0.2	  0.5	1.069	0.000	0.000
38	  G	  0.1	  0.5	1.069	0.000	0.000
39	  K	  0.2	  0.3	0.935	0.000	0.000
40	  Q	  1.1	  0.2	0.686	0.000	0.000
41	  L	  2.8	  0.1	0.446	0.000	0.000
42	  N	  3.0	  0.0	1.267	0.000	0.000
43	  L	  3.6	  0.0	1.114	0.000	0.000
44	  K	  2.2	  0.0	0.977	0.000	0.000
45	  L	  2.2	  0.0	0.821	0.000	0.000
46	  L	  0.8	  0.3	0.821	0.000	0.000
47	  D	  0.6	  0.3	0.821	0.000	0.000
48	  N	  0.8	  0.9	0.357	0.000	0.000
49	  W	  1.2	  1.0	0.000	0.000	0.000
50	  D	  1.2	  0.9	0.000	0.000	0.000
51	  S	  6.3	  1.8	0.000	0.000	0.000
52	  L	  5.9	  1.3	0.000	0.000	0.000
53	  S	  5.9	  1.2	0.000	0.000	0.000
54	  G	  0.3	  1.1	0.000	0.000	0.000
55	  T	  4.2	  0.2	0.795	0.000	0.000
56	  V	  5.0	  0.1	0.795	0.000	0.000
57	  A	  5.3	  0.0	0.795	0.000	0.000
58	  K	  2.0	  0.0	0.795	0.000	0.000
59	  L	  1.2	  0.1	0.795	0.000	0.000
60	  R	  0.9	  0.1	0.795	0.000	0.000
61	  E	  0.1	  0.1	0.630	0.000	0.000
62	  Q	  0.2	  0.1	0.451	0.000	0.000
63	  I	  0.1	  0.1	0.180	0.000	0.000
64	  G	  0.1	  0.0	0.180	0.000	0.000
65	  P	  0.0	  0.0	0.000	0.000	0.000
66	  V	  4.1	  0.0	0.000	0.000	0.000
67	  T	  4.6	  0.1	0.000	0.000	0.000
68	  Q	  5.0	  0.1	0.000	0.000	0.000
69	  E	  1.4	  0.1	0.000	0.000	0.000
70	  F	  2.1	  0.1	0.000	0.000	0.000
71	  W	  2.0	  0.4	0.000	0.000	0.000
72	  D	  1.5	  0.5	0.156	0.000	0.000
73	  N	  0.8	  0.5	0.405	0.000	0.000
74	  L	  0.6	  0.4	0.405	0.000	0.000
75	  E	  0.8	  0.1	0.564	0.000	0.000
76	  K	  0.5	  0.1	1.190	0.000	0.000
77	  E	  0.4	  0.1	1.462	0.000	0.000
78	  T	  0.3	  0.1	9.327	0.000	0.000
79	  E	  0.1	  0.1	9.458	0.000	0.000
80	  A	  0.4	  0.0	9.458	0.000	0.000
81	  L	  0.6	  0.1	9.458	0.000	0.000
82	  R	  0.9	  0.1	9.458	0.000	0.000
83	  Q	  0.7	  0.1	9.264	0.000	0.000
84	  E	  0.8	  0.1	3.635	0.000	0.000
85	  M	  0.9	  0.1	1.909	0.000	0.000
86	  S	  1.3	  1.4	1.489	0.000	0.000
87	  K	  0.9	  1.4	0.974	0.000	0.000
88	  D	  0.8	  1.4	4.845	0.000	0.000
89	  L	  0.3	  1.4	4.979	0.000	0.000
90	  E	  0.3	  0.1	5.276	0.000	0.000
91	  E	 13.4	  0.0	5.421	0.000	0.000
92	  V	 15.3	  0.1	5.292	0.000	0.000
93	  K	 15.5	  0.0	5.292	0.000	0.000
94	  Q	  3.0	  0.0	4.227	0.000	0.000
95	  K	  3.6	  0.0	3.389	0.000	0.000
96	  V	  3.7	  0.0	1.363	0.000	0.000
97	  Q	  3.2	  0.0	1.363	0.000	0.000
98	  P	  0.4	  0.0	0.000	0.000	0.000
99	  Y	  1.0	  0.1	0.000	0.000	0.000
100	  L	  1.0	  0.2	0.000	0.000	0.000
101	  D	  1.0	  0.2	4.957	0.000	0.000
102	  E	  1.6	  0.2	5.116	0.000	0.000
103	  F	  3.6	  0.1	5.116	0.000	0.000
104	  Q	  3.7	  0.0	5.116	0.000	0.000
105	  K	  2.3	  0.0	5.116	0.000	0.000
106	  K	  0.7	  0.0	5.116	0.000	0.000
107	  W	  1.2	  0.0	3.988	0.000	0.000
108	  H	  1.2	  0.1	3.404	0.000	0.000
109	  E	  0.8	  0.1	2.095	0.000	0.000
110	  E	  2.4	  0.1	1.876	0.000	0.000
111	  V	  6.9	  0.2	1.930	0.000	0.000
112	  E	  7.1	  0.1	1.930	0.000	0.000
113	  L	  5.0	  0.1	1.741	0.000	0.000
114	  Y	  2.6	  0.1	1.741	0.000	0.000
115	  R	  2.6	  0.1	1.310	0.000	0.000
116	  Q	  3.1	  0.1	1.132	0.000	0.000
117	  K	  6.2	  0.1	0.287	0.000	0.000
118	  V	  6.4	  0.0	0.000	0.000	0.000
119	  A	  5.8	  0.4	0.000	0.000	0.000
120	  P	  0.5	  0.4	0.000	0.000	0.000
121	  L	  0.0	  0.5	0.000	0.000	0.000
122	  G	  0.0	  0.5	0.000	0.000	0.000
123	  T	  0.1	  0.2	0.150	0.000	0.000
124	  E	  0.4	  0.2	0.150	0.000	0.000
125	  L	  0.4	  0.2	0.150	0.000	0.000
126	  R	  0.3	  0.5	0.545	0.000	0.000
127	  E	  0.1	  0.7	0.545	0.000	0.000
128	  G	  0.0	  0.7	3.089	0.000	0.000
129	  A	  0.2	  0.6	2.939	0.000	0.000
130	  R	  0.5	  0.3	2.939	0.000	0.000
131	  Q	  0.9	  0.1	2.939	0.000	0.000
132	  K	  1.3	  0.1	2.939	0.000	0.000
133	  L	  1.0	  0.1	2.544	0.000	0.000
134	  Q	  0.8	  0.1	2.263	0.000	0.000
135	  E	  0.5	  0.1	1.888	0.000	0.000
136	  L	  0.5	  0.1	1.620	0.000	0.000
137	  Q	  0.6	  0.1	1.412	0.000	0.000
138	  E	  0.3	  0.1	0.955	0.000	0.000
139	  K	  3.8	  0.1	0.698	0.000	0.000
140	  L	  3.8	  0.1	0.372	0.000	0.000
141	  T	  3.7	  0.4	0.185	0.000	0.000
142	  P	  0.2	  0.4	0.000	0.000	0.000
143	  L	  0.0	  0.5	0.000	0.000	0.000
144	  G	  0.0	  0.6	2.959	0.000	0.000
145	  E	  0.0	  0.2	3.215	0.000	0.000
146	  E	  0.3	  0.2	3.635	0.000	0.000
147	  L	  0.5	  0.3	3.635	0.000	0.000
148	  R	  0.5	  0.2	3.635	0.000	0.000
149	  D	  0.2	  0.3	3.635	0.000	0.000
150	  R	  0.2	  0.3	3.184	0.000	0.000
151	  A	  0.2	  0.1	2.839	0.000	0.000
152	  R	  0.6	  0.1	2.096	0.000	0.000
153	  T	  2.4	  0.1	0.230	0.000	0.000
154	  H	  3.8	  0.1	0.230	0.000	0.000
155	  V	  4.1	  0.0	0.167	0.000	0.000
156	  D	  2.2	  0.2	2.658	0.000	0.000
157	  A	  1.0	  0.2	2.658	0.000	0.000
158	  L	  0.8	  0.2	2.658	0.000	0.000
159	  R	  1.0	  0.2	2.658	0.000	0.000
160	  A	  1.0	  0.0	2.658	0.000	0.000
161	  H	  1.3	  0.0	2.658	0.000	0.000
162	  L	  1.1	  0.0	0.917	0.000	0.000
163	  A	  0.8	  0.1	0.625	0.000	0.000
164	  P	  0.0	  0.1	0.000	0.000	0.000
165	  Y	  0.3	  0.3	0.000	0.000	0.000
166	  S	  0.3	  0.4	5.807	0.000	0.000
167	  D	  0.3	  0.3	9.631	0.000	0.000
168	  Q	  0.9	  0.3	9.930	0.000	0.000
169	  L	  0.9	  0.2	9.930	0.000	0.000
170	  R	  0.9	  0.2	9.930	0.000	0.000
171	  E	  0.2	  0.1	9.930	0.000	0.000
172	  R	  0.3	  0.1	9.134	0.000	0.000
173	  L	  0.3	  0.1	7.975	0.000	0.000
174	  A	  0.4	  0.0	7.388	0.000	0.000
175	  T	  0.7	  0.0	5.900	0.000	0.000
176	  R	  1.2	  0.0	5.900	0.000	0.000
177	  L	  1.3	  0.1	4.981	0.000	0.000
178	  Q	  1.0	  0.0	4.406	0.000	0.000
179	  A	  0.8	  0.0	3.379	0.000	0.000
180	  L	  0.5	  0.1	2.973	0.000	0.000
181	  K	  0.3	  0.4	2.440	0.000	0.000
182	  E	  0.1	  0.6	1.035	0.000	0.000
183	  G	  0.0	  0.9	0.504	0.000	0.000
184	  G	  0.1	  0.8	0.000	0.000	0.000
185	  S	  3.6	  1.5	0.307	0.000	0.000
186	  A	  4.1	  1.2	0.307	0.000	0.000
187	  S	  4.1	  1.0	1.083	0.000	0.000
188	  L	  0.7	  1.1	1.083	0.000	0.000
189	  A	  0.3	  0.2	1.083	0.000	0.000
190	  E	  4.1	  0.1	1.083	0.000	0.000
191	  Y	  5.9	  0.2	0.952	0.000	0.000
192	  H	  6.1	  0.2	0.776	0.000	0.000
193	  A	  2.3	  0.2	0.483	0.000	0.000
194	  K	  0.5	  0.2	0.483	0.000	0.000
195	  A	  0.3	  0.2	0.169	0.000	0.000
196	  S	  0.3	  0.2	0.169	0.000	0.000
197	  E	  0.2	  0.2	0.000	0.000	0.000
198	  H	  1.0	  0.2	0.000	0.000	0.000
199	  L	  1.7	  0.1	0.000	0.000	0.000
200	  S	  1.8	  0.0	0.193	0.000	0.000
201	  A	  1.2	  0.0	0.193	0.000	0.000
202	  L	  0.5	  0.1	0.193	0.000	0.000
203	  S	  0.4	  0.2	0.193	0.000	0.000
204	  E	  0.2	  0.2	0.193	0.000	0.000
205	  K	  0.8	  0.2	0.193	0.000	0.000
206	  A	  0.8	  0.1	0.000	0.000	0.000
207	  K	  0.7	  0.0	0.000	0.000	0.000
208	  P	  0.0	  0.0	0.000	0.000	0.000
209	  A	  0.1	  0.0	0.000	0.000	0.000
210	  L	  0.2	  0.3	0.000	0.000	0.000
211	  E	  0.2	  0.3	0.000	0.000	0.000
212	  D	  0.5	  0.3	0.000	0.000	0.000
213	  L	  0.8	  0.4	0.000	0.000	0.000
214	  R	  0.8	  0.3	0.000	0.000	0.000
215	  Q	  0.4	  0.3	0.000	0.000	0.000
216	  G	  0.1	  0.3	0.000	0.000	0.000
217	  L	  0.1	  0.1	0.000	0.000	0.000
218	  L	  0.1	  0.0	0.000	0.000	0.000
219	  P	  0.1	  0.0	0.000	0.000	0.000
220	  V	  1.6	  0.0	0.000	0.631	0.631
221	  L	  1.7	  0.3	0.000	0.631	0.631
222	  E	  1.9	  0.3	0.000	0.631	0.631
223	  S	  2.0	  0.3	0.000	0.631	0.631
224	  F	  4.6	  0.3	0.000	0.631	0.631
225	  K	  5.7	  0.0	0.000	0.631	0.631
226	  V	  8.9	  0.0	0.000	15.897	15.897
227	  S	  6.4	  0.0	0.680	17.199	17.199
228	  L	  5.4	  0.0	0.680	18.707	18.707
229	  L	  0.6	  0.0	0.680	18.707	18.707
230	  A	  0.5	  0.0	0.680	18.502	18.502
231	  A	  0.5	  0.0	0.680	17.751	17.751
232	  V	  0.6	  0.0	1.193	14.931	14.931
233	  D	  0.5	  0.1	11.856	0.000	0.000
234	  E	  0.2	  0.1	12.272	0.000	0.000
235	  A	  0.1	  0.1	12.272	0.000	0.000
236	  A	  0.2	  0.1	12.272	0.000	0.000
237	  K	  0.2	  0.1	12.272	0.000	0.000
238	  K	  0.9	  0.1	11.975	0.000	0.000
239	  L	  1.2	  0.1	6.512	0.000	0.000
240	  N	  1.5	  0.0	3.026	0.000	0.000
241	  T	  0.7	  0.0	0.388	0.000	0.000
242	  Q	  0.4	  0.0	0.199	0.000	0.000
