res	aa	Beta	Turn	Helix	Aggregation	Conc-Stab_Aggregation
01	  E	  0.0	  0.0	0.000	0.000	0.000
02	  E	  0.0	  0.0	0.000	0.000	0.000
03	  P	  0.0	  0.4	0.000	0.000	0.000
04	  P	  0.0	  0.4	0.000	0.000	0.000
05	  S	  0.4	  0.4	1.500	0.000	0.000
06	  Q	  5.5	  0.4	1.500	0.000	0.000
07	  W	  6.2	  0.1	2.077	0.000	0.000
08	  E	  5.8	  0.1	2.481	0.000	0.000
09	  Q	  1.8	  0.1	2.481	0.000	0.000
10	  V	  3.3	  0.1	2.481	0.000	0.000
11	  K	  3.5	  0.0	2.481	0.000	0.000
12	  A	  2.6	  0.0	2.272	0.000	0.000
13	  F	  0.9	  0.2	2.272	0.000	0.000
14	  A	  1.1	  0.2	1.223	0.000	0.000
15	  Q	  2.3	  0.2	1.223	0.000	0.000
16	  M	  2.8	  0.2	0.584	0.000	0.000
17	  Y	  3.4	  0.0	0.584	0.000	0.000
18	  L	  2.4	  0.1	0.450	0.000	0.000
19	  K	  1.8	  0.1	0.314	0.000	0.000
20	  S	  1.1	  0.1	0.000	0.000	0.000
21	  A	  1.1	  0.1	0.000	0.000	0.000
22	  K	  2.6	  0.0	0.000	0.000	0.000
23	  V	  3.2	  0.2	0.000	0.000	0.000
24	  R	  2.9	  0.2	0.000	0.000	0.000
25	  G	  1.0	  0.3	0.000	0.000	0.000
26	  R	  0.3	  0.3	0.000	0.000	0.000
27	  E	  0.3	  0.1	0.000	0.421	0.421
28	  Y	  2.1	  0.1	0.000	0.791	0.791
29	  I	  4.9	  0.0	0.000	0.791	0.791
30	  V	  8.4	  0.0	0.000	0.791	0.791
31	  K	  9.8	  0.0	0.000	0.791	0.791
32	  F	  7.4	  0.0	0.000	0.791	0.791
33	  E	  4.2	  0.1	0.603	0.369	0.369
34	  E	  0.8	  0.1	0.603	0.000	0.000
35	  T	  0.3	  0.2	11.123	0.000	0.000
36	  D	  0.2	  0.1	14.632	0.000	0.000
37	  L	  0.2	  0.1	14.632	0.000	0.000
38	  A	  0.1	  0.1	14.632	0.000	0.000
39	  K	  0.2	  0.1	14.632	0.000	0.000
40	  K	  0.8	  0.1	14.469	0.000	0.000
41	  L	  2.1	  0.1	10.069	0.928	0.928
42	  N	  2.4	  0.0	8.449	1.229	1.229
43	  L	  5.0	  0.0	4.317	1.229	1.229
44	  T	  7.3	  0.0	2.701	1.229	1.229
45	  V	  8.3	  0.0	2.701	1.229	1.229
46	  L	  5.1	  0.0	2.701	0.928	0.928
47	  E	  1.6	  0.1	2.253	0.000	0.000
48	  K	  0.8	  0.2	2.126	0.000	0.000
49	  L	  0.9	  0.2	1.519	0.000	0.000
50	  D	  0.9	  0.2	0.899	0.000	0.000
51	  T	  6.0	  0.2	0.596	0.000	0.000
52	  L	  5.8	  0.2	0.596	0.000	0.000
53	  S	  5.8	  0.2	0.998	0.000	0.000
54	  N	  0.2	  0.2	2.010	0.000	0.000
55	  K	  2.3	  0.2	2.329	0.000	0.000
56	  V	  3.0	  0.2	2.519	0.000	0.000
57	  A	  2.9	  0.2	3.210	0.000	0.000
58	  D	  0.9	  0.2	6.810	0.000	0.000
59	  L	  0.4	  0.2	7.010	0.000	0.000
60	  Q	  0.6	  0.1	7.010	0.000	0.000
61	  K	  0.7	  0.1	6.826	0.000	0.000
62	  Q	  1.9	  0.1	6.620	0.000	0.000
63	  L	  1.7	  0.1	6.480	0.000	0.000
64	  N	  1.6	  0.0	6.281	0.000	0.000
65	  P	  0.1	  0.0	0.000	0.000	0.000
66	  V	  1.6	  0.0	0.000	1.019	1.019
67	  A	  1.6	  0.0	0.000	1.019	1.019
68	  Q	  1.8	  0.0	0.000	1.019	1.019
69	  T	  2.6	  0.0	1.742	1.019	1.019
70	  I	  2.8	  0.0	1.742	1.019	1.019
71	  W	  2.9	  0.1	2.237	1.019	1.019
72	  D	  0.5	  0.2	3.270	0.000	0.000
73	  K	  1.5	  0.2	3.270	0.000	0.000
74	  L	  1.3	  0.2	3.270	0.000	0.000
75	  K	  1.5	  0.3	3.107	0.000	0.000
76	  K	  0.4	  0.4	2.633	0.000	0.000
77	  E	  0.3	  0.7	1.741	0.000	0.000
78	  G	  0.0	  0.7	0.629	0.000	0.000
79	  G	  0.0	  0.5	0.376	0.000	0.000
80	  M	  0.3	  0.3	0.198	0.000	0.000
81	  L	  0.5	  0.1	0.198	0.000	0.000
82	  T	  0.5	  0.2	0.198	0.000	0.000
83	  G	  0.2	  0.3	0.198	0.000	0.000
84	  E	  1.0	  0.3	0.198	0.000	0.000
85	  L	  1.1	  0.2	0.000	0.000	0.000
86	  N	  1.2	  1.1	1.095	0.000	0.000
87	  K	  0.2	  1.1	1.095	0.000	0.000
88	  D	  0.1	  1.1	3.911	0.000	0.000
89	  L	  0.1	  1.1	3.911	0.000	0.000
90	  A	  0.3	  0.0	3.911	0.000	0.000
91	  E	  0.9	  0.0	3.911	0.000	0.000
92	  V	  3.8	  0.0	3.488	0.000	0.000
93	  M	  3.7	  0.0	3.488	0.000	0.000
94	  K	  3.1	  0.0	1.643	0.000	0.000
95	  P	  0.1	  0.0	0.000	0.000	0.000
96	  Y	  0.8	  0.0	0.000	0.000	0.000
97	  L	  0.8	  0.2	0.000	0.000	0.000
98	  E	  0.8	  0.3	0.000	0.000	0.000
99	  G	  0.1	  0.3	0.525	0.000	0.000
100	  I	  0.3	  0.3	0.525	0.000	0.000
101	  Q	  0.5	  0.1	0.525	0.000	0.000
102	  K	  0.5	  0.0	0.525	0.000	0.000
103	  K	  1.0	  0.0	0.525	0.000	0.000
104	  W	  1.5	  0.0	0.525	0.000	0.000
105	  Q	  1.5	  0.1	0.171	0.000	0.000
106	  E	  0.9	  0.1	0.000	0.000	0.000
107	  R	  2.5	  0.1	0.000	0.000	0.000
108	  V	  7.3	  0.1	0.000	0.000	0.000
109	  E	  7.2	  0.0	0.000	0.000	0.000
110	  L	  5.1	  0.0	0.000	0.000	0.000
111	  L	  0.2	  0.0	0.000	0.000	0.000
112	  G	  0.2	  0.1	0.000	0.000	0.000
113	  Q	  0.5	  0.1	0.000	0.000	0.000
114	  A	  0.5	  0.1	0.000	0.000	0.000
115	  L	  0.4	  1.5	0.000	0.000	0.000
116	  P	  0.0	  1.6	0.000	0.000	0.000
117	  G	  0.0	  1.6	0.000	0.000	0.000
118	  S	  1.4	  1.6	3.290	0.000	0.000
119	  V	  2.1	  0.1	3.799	0.000	0.000
120	  Q	  2.1	  0.1	4.282	0.000	0.000
121	  E	  0.7	  0.1	6.333	0.000	0.000
122	  E	  0.4	  0.1	8.697	0.000	0.000
123	  L	  0.4	  0.1	9.510	0.000	0.000
124	  Q	  0.5	  0.1	10.995	0.000	0.000
125	  E	  0.5	  0.1	11.395	0.000	0.000
126	  L	  0.7	  0.1	11.395	0.000	0.000
127	  Q	  0.7	  0.1	11.395	0.000	0.000
128	  K	  0.4	  0.1	10.916	0.000	0.000
129	  K	  1.0	  0.1	9.820	0.000	0.000
130	  L	  1.1	  0.1	7.637	0.000	0.000
131	  R	  1.8	  0.1	6.799	0.000	0.000
132	  Q	  1.1	  0.1	4.494	0.000	0.000
133	  L	  0.8	  0.3	0.913	0.000	0.000
134	  G	  0.1	  0.3	0.440	0.000	0.000
135	  E	  0.1	  0.3	0.294	0.000	0.000
136	  T	  8.4	  0.3	0.000	0.000	0.000
137	  V	  9.2	  0.4	0.000	0.000	0.000
138	  R	  9.2	  0.5	0.000	0.000	0.000
139	  D	  0.9	  0.9	0.000	0.000	0.000
140	  G	  0.0	  0.9	0.302	0.000	0.000
141	  S	  0.3	  0.7	0.302	0.000	0.000
142	  R	  0.7	  0.5	0.302	0.000	0.000
143	  T	  1.6	  0.1	1.519	0.000	0.000
144	  L	  1.8	  0.1	1.519	0.000	0.000
145	  M	  1.5	  0.0	2.091	0.000	0.000
146	  D	  0.5	  0.1	2.761	0.000	0.000
147	  R	  0.2	  0.3	2.761	0.000	0.000
148	  A	  0.2	  0.5	2.761	0.000	0.000
149	  R	  0.3	  0.5	2.444	0.000	0.000
150	  G	  0.1	  0.4	2.090	0.000	0.000
151	  Q	  1.3	  0.2	1.617	0.000	0.000
152	  V	  6.0	  0.0	0.000	0.199	0.199
153	  F	  6.6	  0.1	0.000	0.214	0.214
154	  S	  5.6	  0.1	1.621	0.214	0.214
155	  E	  0.9	  0.1	2.081	0.224	0.224
156	  R	  0.9	  0.1	2.401	0.224	0.224
157	  M	  1.5	  0.1	2.401	64.873	64.873
158	  F	  4.6	  0.1	2.737	77.968	77.968
159	  S	  4.1	  0.1	7.682	80.224	80.224
160	  L	  4.3	  0.1	7.682	95.795	95.795
161	  L	  2.0	  0.1	7.682	95.972	95.972
162	  L	  3.1	  0.0	7.682	95.791	95.791
163	  I	  3.7	  0.0	7.682	94.650	94.650
164	  L	  3.1	  0.2	7.682	82.664	82.664
165	  Q	  2.7	  0.2	6.908	7.217	7.217
166	  S	  2.0	  0.4	3.172	4.396	4.396
167	  F	  1.9	  0.7	0.687	4.052	4.052
168	  G	  0.9	  0.9	0.000	0.142	0.142
169	  E	  0.1	  1.0	0.000	0.000	0.000
170	  D	  0.1	  0.7	0.000	0.000	0.000
171	  L	  0.3	  0.4	0.000	0.000	0.000
172	  H	  0.9	  0.1	0.000	0.000	0.000
173	  Q	  1.5	  0.1	0.000	0.000	0.000
174	  C	  4.6	  0.1	0.000	0.000	0.000
175	  M	  4.1	  0.1	0.000	0.000	0.000
176	  E	  3.4	  0.8	0.000	0.000	0.000
177	  P	  0.1	  0.9	0.000	0.000	0.000
178	  G	  0.0	  1.3	0.846	0.000	0.000
179	  E	  0.1	  1.3	1.043	0.000	0.000
180	  D	  0.1	  0.6	2.210	0.000	0.000
181	  K	  0.9	  0.6	2.210	0.000	0.000
182	  L	  0.9	  0.2	2.210	0.000	0.000
183	  R	  0.9	  0.2	2.210	0.000	0.000
184	  E	  0.2	  0.1	2.210	0.000	0.000
185	  C	  3.0	  0.1	1.613	0.000	0.000
186	  L	  3.1	  0.0	0.683	0.000	0.000
187	  E	  3.0	  0.3	0.683	0.000	0.000
188	  P	  0.1	  0.3	0.147	0.000	0.000
189	  Y	  0.1	  0.5	0.147	0.000	0.000
190	  G	  0.1	  0.5	4.617	0.000	0.000
191	  E	  0.2	  0.3	4.770	0.000	0.000
192	  Q	  0.9	  0.3	4.770	0.000	0.000
193	  L	  1.2	  0.1	4.770	0.000	0.000
194	  R	  1.3	  0.1	4.770	0.000	0.000
195	  K	  0.6	  0.1	4.770	0.000	0.000
196	  H	  1.0	  0.1	2.518	0.000	0.000
197	  L	  0.9	  0.1	1.189	0.000	0.000
198	  H	  1.1	  0.2	0.957	0.000	0.000
199	  E	  0.5	  0.2	0.563	0.000	0.000
200	  H	  0.6	  0.2	0.353	0.000	0.000
201	  L	  0.3	  0.2	0.185	0.000	0.000
202	  G	  0.3	  0.0	6.138	0.000	0.000
203	  L	  0.2	  0.0	6.301	0.000	0.000
204	  A	  0.2	  0.1	6.601	0.000	0.000
205	  E	  0.4	  0.0	6.601	0.000	0.000
206	  L	  0.6	  0.1	6.601	0.000	0.000
207	  R	  0.7	  0.1	6.601	0.000	0.000
208	  K	  0.6	  0.1	5.044	0.000	0.000
209	  Q	  4.6	  0.1	2.440	0.000	0.000
210	  V	  5.2	  0.0	0.496	0.000	0.000
211	  E	  5.1	  0.1	0.496	0.000	0.000
212	  P	  0.8	  0.1	0.000	0.000	0.000
213	  T	  6.1	  0.1	0.000	0.000	0.000
214	  L	  6.2	  0.1	0.000	0.000	0.000
215	  Q	  6.2	  0.0	0.000	0.000	0.000
216	  P	  0.1	  0.0	0.000	0.000	0.000
217	  L	  0.1	  0.0	0.000	0.000	0.000
218	  W	  1.0	  0.3	0.000	0.000	0.000
219	  E	  1.0	  0.3	0.000	0.000	0.000
220	  S	  1.7	  0.3	0.000	0.000	0.000
221	  L	  1.0	  0.8	0.000	0.000	0.000
222	  Q	  1.0	  0.7	0.000	0.000	0.000
223	  D	  0.3	  0.7	0.000	0.000	0.000
224	  G	  0.1	  0.7	0.000	0.000	0.000
225	  I	  1.4	  0.2	0.000	0.000	0.000
226	  S	  2.2	  0.2	0.000	0.000	0.000
227	  Q	  2.5	  0.1	0.000	0.000	0.000
228	  R	  2.0	  0.1	0.000	0.000	0.000
229	  L	  1.3	  0.2	0.000	0.000	0.000
230	  T	  1.1	  0.1	0.000	0.000	0.000
231	  G	  0.3	  0.1	0.000	0.000	0.000
232	  Q	  0.1	  0.1	0.000	0.000	0.000
