res	aa	Beta	Turn	Helix	Aggregation	Conc-Stab_Aggregation
01	  E	  0.0	  0.0	0.000	0.000	0.000
02	  E	  0.0	  0.0	0.000	0.000	0.000
03	  P	  0.0	  0.4	0.000	0.000	0.000
04	  P	  0.0	  0.4	0.000	0.000	0.000
05	  S	  0.4	  0.4	5.644	0.000	0.000
06	  Q	  5.1	  0.4	5.811	0.000	0.000
07	  W	  6.4	  0.1	7.282	0.000	0.000
08	  E	  6.1	  0.1	9.063	0.000	0.000
09	  R	  2.9	  0.1	9.063	0.000	0.000
10	  V	  3.6	  0.1	9.063	0.000	0.000
11	  K	  3.6	  0.0	9.063	0.000	0.000
12	  A	  2.3	  0.0	8.931	0.000	0.000
13	  L	  0.2	  0.0	8.713	0.000	0.000
14	  A	  0.4	  0.0	7.762	0.000	0.000
15	  Q	  1.7	  0.0	7.325	0.000	0.000
16	  M	  2.6	  0.0	4.599	0.000	0.000
17	  Y	  3.4	  0.1	3.594	0.000	0.000
18	  L	  2.6	  0.1	2.850	0.000	0.000
19	  N	  1.8	  0.3	2.703	0.000	0.000
20	  S	  1.0	  0.3	0.913	0.000	0.000
21	  T	  2.5	  0.2	0.000	0.000	0.000
22	  K	  3.7	  0.2	0.000	0.000	0.000
23	  V	  4.0	  0.1	0.105	0.000	0.000
24	  S	  2.1	  0.2	0.105	0.000	0.000
25	  G	  0.8	  0.2	0.324	0.000	0.000
26	  R	  0.1	  0.2	0.324	0.000	0.000
27	  E	  0.1	  0.1	0.324	0.000	0.000
28	  Y	  1.0	  0.0	37.042	0.000	0.000
29	  I	  1.1	  0.0	37.042	0.000	0.000
30	  A	  1.2	  0.0	37.042	0.000	0.000
31	  K	  1.8	  0.0	37.042	0.000	0.000
32	  F	  1.8	  0.0	37.135	0.000	0.000
33	  E	  1.8	  0.0	38.249	0.000	0.000
34	  E	  0.3	  0.0	38.763	0.000	0.000
35	  T	  0.1	  0.1	54.423	0.000	0.000
36	  E	  0.1	  0.0	55.060	0.000	0.000
37	  L	  0.1	  0.0	64.694	0.000	0.000
38	  A	  0.1	  0.0	64.694	0.000	0.000
39	  K	  0.1	  0.0	64.694	0.000	0.000
40	  K	  0.3	  0.0	64.494	0.000	0.000
41	  L	  0.9	  0.0	24.381	0.000	0.000
42	  N	  1.0	  0.0	24.020	0.000	0.000
43	  L	  1.8	  0.0	20.627	0.000	0.000
44	  K	  1.8	  0.0	17.642	0.000	0.000
45	  V	  2.5	  0.0	14.090	0.000	0.000
46	  L	  1.4	  0.0	13.995	0.000	0.000
47	  A	  1.0	  0.0	13.527	0.000	0.000
48	  K	  0.7	  0.1	13.161	0.000	0.000
49	  L	  0.8	  0.2	10.315	0.000	0.000
50	  D	  0.7	  0.2	0.461	0.000	0.000
51	  T	  4.7	  0.1	0.132	0.000	0.000
52	  L	  4.6	  0.2	0.132	0.000	0.000
53	  S	  4.6	  0.2	0.132	0.000	0.000
54	  N	  0.2	  0.2	0.000	0.000	0.000
55	  K	  2.4	  0.2	0.000	0.000	0.000
56	  V	  3.1	  0.2	0.000	0.000	0.000
57	  A	  3.1	  0.2	0.000	0.000	0.000
58	  D	  1.0	  0.2	1.015	0.000	0.000
59	  L	  0.8	  0.2	1.015	0.000	0.000
60	  T	  2.4	  0.1	1.198	0.000	0.000
61	  K	  2.3	  0.2	1.198	0.000	0.000
62	  Q	  1.9	  0.2	1.198	0.000	0.000
63	  L	  0.3	  0.2	1.198	0.000	0.000
64	  G	  0.1	  0.2	1.198	0.000	0.000
65	  Q	  0.3	  0.2	0.872	0.000	0.000
66	  T	  0.9	  0.4	0.000	0.000	0.000
67	  Q	  1.4	  0.3	0.000	0.000	0.000
68	  D	  2.1	  0.3	2.213	0.000	0.000
69	  F	  2.8	  0.2	2.213	0.000	0.000
70	  W	  2.6	  0.1	2.786	0.000	0.000
71	  A	  1.9	  0.2	2.786	0.000	0.000
72	  K	  1.8	  0.2	2.786	0.000	0.000
73	  L	  1.7	  0.3	2.786	0.000	0.000
74	  K	  1.5	  0.2	2.523	0.000	0.000
75	  N	  0.4	  0.2	1.952	0.000	0.000
76	  E	  0.3	  0.2	1.150	0.000	0.000
77	  V	  0.6	  0.0	0.682	0.000	0.000
78	  G	  0.5	  0.0	0.883	0.000	0.000
79	  M	  0.7	  0.0	0.201	0.000	0.000
80	  L	  0.5	  0.1	0.201	0.000	0.000
81	  T	  0.5	  0.2	0.201	0.000	0.000
82	  G	  0.2	  0.3	0.201	0.000	0.000
83	  E	  1.1	  0.3	0.201	0.000	0.000
84	  L	  1.2	  0.2	0.000	0.000	0.000
85	  N	  1.2	  1.1	0.000	0.000	0.000
86	  K	  0.2	  1.1	0.000	0.000	0.000
87	  D	  0.1	  1.1	0.000	0.000	0.000
88	  L	  0.5	  1.1	0.000	15.678	15.678
89	  A	  1.2	  0.0	0.000	16.016	16.016
90	  V	  6.0	  0.0	0.000	17.178	17.178
91	  V	  7.0	  0.0	0.000	17.178	17.178
92	  N	  9.4	  0.0	0.000	17.178	17.178
93	  T	  8.1	  0.0	0.191	14.822	14.822
94	  Y	  7.5	  0.0	0.191	13.448	13.448
95	  L	  4.2	  0.2	0.191	11.280	11.280
96	  E	  0.8	  0.2	0.191	0.000	0.000
97	  G	  0.1	  0.2	0.689	0.000	0.000
98	  I	  0.3	  0.3	0.689	0.000	0.000
99	  Q	  0.5	  0.1	0.689	0.000	0.000
100	  K	  0.5	  0.0	0.689	0.000	0.000
101	  K	  1.0	  0.0	0.689	0.000	0.000
102	  W	  1.7	  0.2	0.498	0.000	0.000
103	  Q	  1.6	  0.2	0.159	0.000	0.000
104	  D	  0.9	  0.2	0.000	0.000	0.000
105	  R	  5.5	  0.2	0.000	0.000	0.000
106	  V	  6.3	  0.0	0.000	0.000	0.000
107	  E	  6.3	  0.2	0.000	0.000	0.000
108	  P	  0.8	  0.3	0.239	0.000	0.000
109	  L	  0.0	  0.4	0.239	0.000	0.000
110	  G	  0.0	  0.6	6.831	0.000	0.000
111	  Q	  0.2	  0.4	6.831	0.000	0.000
112	  D	  0.5	  0.3	14.474	0.000	0.000
113	  L	  0.5	  0.3	15.069	0.000	0.000
114	  R	  0.5	  0.1	16.462	0.000	0.000
115	  E	  0.2	  0.1	16.695	0.000	0.000
116	  R	  0.3	  0.1	16.523	0.000	0.000
117	  A	  0.3	  0.1	16.301	0.000	0.000
118	  R	  0.4	  0.1	15.488	0.000	0.000
119	  K	  0.4	  0.1	13.821	0.000	0.000
120	  Q	  1.3	  0.1	10.259	0.000	0.000
121	  L	  1.2	  0.1	6.520	0.000	0.000
122	  Q	  1.2	  0.1	5.871	0.000	0.000
123	  E	  0.5	  0.1	4.882	0.000	0.000
124	  L	  0.5	  0.1	4.377	0.000	0.000
125	  Q	  0.6	  0.1	4.084	0.000	0.000
126	  E	  0.2	  0.1	3.185	0.000	0.000
127	  K	  0.4	  0.1	2.744	0.000	0.000
128	  L	  0.2	  0.2	2.040	0.000	0.000
129	  G	  0.2	  0.2	1.854	0.000	0.000
130	  Q	  0.1	  0.2	1.262	0.000	0.000
131	  L	  0.1	  0.2	0.178	0.000	0.000
132	  G	  0.1	  0.2	0.574	0.000	0.000
133	  A	  0.4	  0.1	0.574	0.000	0.000
134	  K	  1.4	  0.1	0.574	0.000	0.000
135	  V	  5.1	  0.1	0.396	0.000	0.000
136	  L	  4.8	  1.4	0.396	0.000	0.000
137	  N	  3.8	  1.5	0.396	0.000	0.000
138	  G	  0.1	  1.5	0.250	0.000	0.000
139	  T	  1.0	  1.4	0.000	0.000	0.000
140	  R	  2.8	  0.1	0.000	0.000	0.000
141	  V	 12.3	  0.0	0.000	0.000	0.000
142	  H	 13.4	  0.0	0.000	0.000	0.000
143	  V	 13.2	  0.0	0.000	0.000	0.000
144	  E	  4.1	  0.0	0.000	0.000	0.000
145	  R	  2.0	  0.0	0.000	0.000	0.000
146	  A	  0.4	  0.0	0.000	0.000	0.000
147	  R	  0.4	  0.0	0.000	0.000	0.000
148	  P	  0.1	  0.0	0.000	0.000	0.000
149	  Y	  1.6	  0.0	0.000	0.000	0.000
150	  V	  2.8	  0.1	0.000	0.000	0.000
151	  D	  2.8	  0.2	0.000	0.000	0.000
152	  S	  2.5	  0.2	0.000	0.000	0.000
153	  L	  1.3	  0.2	0.000	0.000	0.000
154	  H	  1.3	  0.3	0.000	0.000	0.000
155	  P	  0.1	  0.2	0.000	0.000	0.000
156	  F	  0.8	  0.2	0.000	0.000	0.000
157	  L	  0.8	  0.2	0.000	0.000	0.000
158	  E	  0.9	  0.1	0.000	0.000	0.000
159	  T	  0.6	  0.2	0.462	0.000	0.000
160	  I	  0.5	  0.4	0.462	0.000	0.000
161	  G	  0.5	  0.4	0.884	0.000	0.000
162	  K	  0.2	  0.4	0.884	0.000	0.000
163	  E	  0.4	  0.3	0.884	0.000	0.000
164	  L	  0.7	  0.2	0.884	0.000	0.000
165	  R	  0.7	  0.1	0.884	0.000	0.000
166	  Q	  1.1	  0.1	0.677	0.000	0.000
167	  C	  3.4	  0.1	0.000	0.000	0.000
168	  L	  3.4	  0.0	0.000	0.000	0.000
169	  E	  2.8	  0.0	0.000	0.000	0.000
170	  P	  0.1	  0.2	0.000	0.000	0.000
171	  C	  0.1	  7.6	0.000	0.000	0.000
172	  N	  0.1	  7.7	0.000	0.000	0.000
173	  G	  0.1	  7.7	0.000	0.000	0.000
174	  K	  0.8	  7.5	0.000	0.000	0.000
175	  L	  0.8	  0.2	0.000	0.000	0.000
176	  R	  0.8	  0.1	0.000	0.000	0.000
177	  E	  0.2	  0.1	0.000	0.000	0.000
178	  C	  3.1	  0.1	0.000	0.000	0.000
179	  L	  3.2	  0.0	0.000	0.000	0.000
180	  E	  3.1	  0.3	0.000	0.000	0.000
181	  P	  0.1	  0.3	0.000	0.000	0.000
182	  Y	  0.1	  0.5	0.000	0.000	0.000
183	  G	  0.1	  0.6	0.246	0.000	0.000
184	  E	  0.2	  0.3	0.246	0.000	0.000
185	  Q	  1.3	  0.3	0.246	0.000	0.000
186	  L	  1.6	  0.1	0.246	0.000	0.000
187	  Q	  1.8	  0.0	0.246	0.000	0.000
188	  A	  0.8	  0.0	0.246	0.000	0.000
189	  L	  0.5	  0.1	0.246	0.000	0.000
190	  Q	  0.3	  0.3	0.246	0.000	0.000
191	  E	  0.1	  0.8	0.000	0.000	0.000
192	  G	  0.0	  0.8	0.000	0.000	0.000
193	  G	  0.0	  0.7	0.161	0.846	0.846
194	  L	  0.1	  0.5	0.161	16.717	16.717
195	  G	  0.1	  0.1	1.062	19.748	19.748
196	  L	  2.5	  0.0	1.062	19.748	19.748
197	  V	  7.2	  0.0	1.062	19.748	19.748
198	  M	  7.3	  0.0	1.062	19.748	19.748
199	  L	  5.0	  0.0	1.062	18.956	18.956
200	  R	  0.3	  0.1	1.062	0.000	0.000
201	  E	  0.1	  0.1	0.804	0.000	0.000
202	  Q	  0.1	  0.1	0.230	0.000	0.000
203	  V	  0.2	  0.2	0.000	0.000	0.000
204	  G	  0.2	  0.2	0.000	0.000	0.000
205	  E	  0.1	  0.3	0.000	0.000	0.000
206	  Q	  0.1	  0.3	0.000	0.000	0.000
207	  L	  0.1	  0.5	0.000	0.000	0.000
208	  G	  0.1	  0.4	0.000	0.000	0.000
209	  G	  0.1	  0.5	0.000	0.000	0.000
210	  M	  0.2	  0.5	0.000	0.000	0.000
211	  N	  0.2	  1.5	0.000	0.000	0.000
212	  E	  0.1	  1.5	0.000	0.000	0.000
213	  D	  0.3	  1.3	0.000	0.000	0.000
214	  L	  0.4	  1.3	0.000	0.000	0.000
215	  Q	  0.4	  0.0	0.000	0.000	0.000
216	  P	  0.1	  0.0	0.000	0.000	0.000
217	  L	  0.2	  0.0	0.000	0.000	0.000
218	  W	  0.8	  0.3	0.000	0.000	0.000
219	  K	  1.1	  0.3	0.000	0.000	0.000
220	  S	  1.7	  0.3	0.168	0.000	0.000
221	  L	  1.2	  0.5	0.168	0.000	0.000
222	  Q	  1.0	  0.2	0.168	0.000	0.000
223	  D	  0.4	  0.2	0.168	0.000	0.000
224	  A	  0.5	  0.2	0.168	0.000	0.000
225	  F	  0.5	  0.0	0.168	0.000	0.000
226	  S	  0.4	  0.0	0.000	0.000	0.000
