res	aa	Beta	Turn	Helix	Aggregation	Conc-Stab_Aggregation
01	  E	  0.0	  0.0	0.000	0.000	0.000
02	  E	  0.0	  0.0	0.000	0.000	0.000
03	  P	  0.0	  0.4	0.000	0.000	0.000
04	  P	  0.0	  0.4	0.000	0.000	0.000
05	  S	  0.4	  0.4	0.772	0.000	0.000
06	  Q	  5.6	  0.4	0.772	0.000	0.000
07	  W	  7.0	  0.1	0.906	0.000	0.000
08	  E	  6.7	  0.1	1.044	0.000	0.000
09	  R	  3.1	  0.1	1.044	0.000	0.000
10	  V	  3.2	  0.2	1.044	0.000	0.000
11	  K	  3.1	  0.1	1.044	0.000	0.000
12	  D	  1.6	  0.1	2.716	0.000	0.000
13	  L	  0.1	  0.1	2.716	0.000	0.000
14	  A	  0.1	  0.1	2.576	0.000	0.000
15	  K	  0.3	  0.1	2.576	0.000	0.000
16	  E	  0.3	  0.1	1.950	0.000	0.000
17	  Y	  1.3	  0.2	1.950	0.000	0.000
18	  L	  1.5	  0.3	1.427	0.000	0.000
19	  D	  1.4	  0.5	2.218	0.000	0.000
20	  S	  0.4	  0.6	3.276	0.000	0.000
21	  G	  0.6	  0.5	2.988	0.000	0.000
22	  I	  1.2	  0.3	2.397	0.000	0.000
23	  A	  1.3	  0.1	2.397	0.000	0.000
24	  K	  1.9	  0.0	2.397	0.000	0.000
25	  F	  2.5	  0.0	2.397	0.000	0.000
26	  K	  2.6	  0.0	1.234	0.000	0.000
27	  A	  1.7	  0.0	0.601	0.000	0.000
28	  I	  3.5	  0.1	0.786	0.000	0.000
29	  D	  3.2	  0.0	5.538	0.000	0.000
30	  L	  3.0	  0.0	5.538	0.000	0.000
31	  A	  0.1	  0.1	5.538	0.000	0.000
32	  K	  0.2	  0.1	5.538	0.000	0.000
33	  K	  0.9	  0.1	5.275	0.000	0.000
34	  L	  2.2	  0.1	4.901	0.461	0.461
35	  N	  2.5	  0.0	4.468	0.461	0.461
36	  L	  5.2	  0.0	2.332	7.125	7.125
37	  T	  9.2	  0.0	2.363	7.125	7.125
38	  V	 13.0	  0.0	2.363	7.125	7.125
39	  V	 10.4	  0.0	2.363	7.125	7.125
40	  A	  5.3	  0.0	2.363	6.875	6.875
41	  K	  1.3	  0.0	2.363	0.000	0.000
42	  L	  0.6	  0.0	1.839	0.000	0.000
43	  A	  0.9	  0.0	1.502	0.000	0.000
44	  T	  6.3	  0.0	1.136	0.000	0.000
45	  L	  6.3	  0.2	1.136	0.000	0.000
46	  S	  5.8	  0.3	1.573	0.000	0.000
47	  D	  0.1	  0.3	1.334	0.000	0.000
48	  K	  2.3	  0.3	1.334	0.000	0.000
49	  V	  3.7	  0.0	1.334	0.000	0.000
50	  A	  4.0	  0.0	1.334	0.000	0.000
51	  A	  1.8	  0.0	1.334	0.000	0.000
52	  L	  0.4	  0.0	1.202	0.000	0.000
53	  P	  0.0	  0.1	0.000	0.000	0.000
54	  E	  0.0	  0.1	0.000	0.000	0.000
55	  Q	  0.1	  0.1	0.000	0.000	0.000
56	  L	  0.2	  0.1	0.000	0.000	0.000
57	  G	  0.3	  0.1	0.000	0.000	0.000
58	  W	  0.6	  0.2	0.000	0.000	0.000
59	  A	  0.8	  0.2	0.000	0.000	0.000
60	  K	  1.4	  0.4	0.000	0.000	0.000
61	  L	  1.1	  0.4	0.000	0.000	0.000
62	  D	  0.8	  0.2	0.000	0.000	0.000
63	  E	  0.2	  0.2	0.000	0.000	0.000
64	  V	  0.6	  0.0	0.000	0.000	0.000
65	  G	  0.5	  0.0	0.204	0.000	0.000
66	  M	  0.7	  0.0	0.204	0.000	0.000
67	  L	  0.5	  0.1	0.204	0.000	0.000
68	  T	  0.5	  0.2	0.204	0.000	0.000
69	  G	  0.2	  0.3	0.204	0.000	0.000
70	  E	  1.1	  0.3	0.204	0.000	0.000
71	  L	  1.2	  0.2	0.000	0.000	0.000
72	  N	  1.2	  1.1	0.000	0.000	0.000
73	  K	  0.2	  1.1	0.000	0.000	0.000
74	  D	  0.3	  1.1	0.141	0.000	0.000
75	  L	  0.3	  1.1	0.141	0.000	0.000
76	  T	  0.6	  0.0	0.141	0.000	0.000
77	  E	  6.5	  0.0	0.141	0.000	0.000
78	  V	  7.8	  0.1	0.141	6.496	6.496
79	  N	 10.6	  0.0	0.141	6.979	6.979
80	  T	  8.1	  0.0	0.000	9.759	9.759
81	  Y	  7.8	  0.0	0.000	13.601	13.601
82	  L	  4.7	  0.0	0.000	13.601	13.601
83	  V	  1.8	  0.0	0.000	13.601	13.601
84	  G	  0.7	  0.0	0.000	12.569	12.569
85	  I	  0.7	  0.1	0.000	12.034	12.034
86	  Q	  0.5	  0.1	0.000	0.000	0.000
87	  K	  0.5	  0.0	0.000	0.000	0.000
88	  K	  1.1	  0.0	0.000	0.000	0.000
89	  W	  1.4	  0.1	0.000	0.000	0.000
90	  K	  1.5	  0.1	0.000	0.000	0.000
91	  E	  0.8	  0.1	0.000	0.000	0.000
92	  R	  5.8	  0.1	0.000	0.000	0.000
93	  V	  6.4	  0.0	0.000	0.000	0.000
94	  E	  6.3	  0.0	0.118	0.000	0.000
95	  P	  0.9	  0.0	0.386	0.000	0.000
96	  L	  0.3	  0.0	0.386	0.000	0.000
97	  R	  1.5	  0.4	1.505	0.000	0.000
98	  Q	  1.6	  0.4	1.505	0.000	0.000
99	  D	  1.7	  0.4	8.973	0.000	0.000
100	  L	  0.5	  0.4	9.754	0.000	0.000
101	  R	  0.5	  0.1	11.506	0.000	0.000
102	  E	  0.2	  0.1	11.929	0.000	0.000
103	  R	  0.3	  0.1	11.929	0.000	0.000
104	  A	  0.4	  0.1	12.091	0.000	0.000
105	  R	  0.4	  0.1	11.683	0.000	0.000
106	  K	  0.4	  0.1	10.614	0.000	0.000
107	  Q	  1.4	  0.1	8.260	0.000	0.000
108	  L	  1.3	  0.1	5.621	0.000	0.000
109	  Q	  1.2	  0.1	5.325	0.000	0.000
110	  E	  0.5	  0.1	5.093	0.000	0.000
111	  L	  0.5	  0.1	4.853	0.000	0.000
112	  Q	  0.6	  0.1	4.863	0.000	0.000
113	  E	  0.2	  0.1	4.362	0.000	0.000
114	  K	  0.8	  0.1	4.143	0.000	0.000
115	  L	  1.0	  0.1	3.808	0.000	0.000
116	  V	  5.7	  0.1	3.634	0.000	0.000
117	  Q	  5.1	  0.0	3.634	0.000	0.000
118	  L	  4.8	  0.1	3.064	0.000	0.000
119	  G	  0.1	  0.1	3.432	0.000	0.000
120	  A	  0.4	  0.1	0.613	0.000	0.000
121	  K	  1.4	  0.1	0.489	0.000	0.000
122	  V	  5.0	  0.1	0.368	0.000	0.000
123	  L	  4.8	  1.4	0.368	0.000	0.000
124	  N	  3.8	  1.5	0.368	0.000	0.000
125	  G	  0.1	  1.5	0.232	0.000	0.000
126	  T	  1.0	  1.4	0.000	0.000	0.000
127	  R	  2.8	  0.1	0.000	0.000	0.000
128	  V	 12.3	  0.0	0.000	0.000	0.000
129	  H	 13.4	  0.0	0.000	0.000	0.000
130	  V	 13.2	  0.0	0.000	0.000	0.000
131	  E	  4.1	  0.0	0.000	0.000	0.000
132	  R	  2.0	  0.0	0.000	0.000	0.000
133	  A	  0.4	  0.0	0.000	0.000	0.000
134	  R	  0.4	  0.0	0.000	0.000	0.000
135	  P	  0.1	  0.0	0.000	0.000	0.000
136	  Y	  1.6	  0.0	0.000	0.000	0.000
137	  V	  2.8	  0.1	0.000	0.000	0.000
138	  D	  2.8	  0.2	0.000	0.000	0.000
139	  S	  2.5	  0.2	0.000	0.000	0.000
140	  L	  1.3	  0.2	0.000	0.000	0.000
141	  H	  1.3	  0.3	0.000	0.000	0.000
142	  P	  0.1	  0.2	0.000	0.000	0.000
143	  F	  0.8	  0.2	0.000	0.000	0.000
144	  L	  0.9	  0.3	0.000	0.000	0.000
145	  E	  0.9	  0.1	0.000	0.000	0.000
146	  T	  0.4	  0.1	0.331	0.000	0.000
147	  M	  0.4	  0.1	0.331	0.000	0.000
148	  G	  0.3	  0.2	2.250	0.000	0.000
149	  E	  0.0	  0.2	2.250	0.000	0.000
150	  E	  0.3	  0.2	2.250	0.000	0.000
151	  L	  0.6	  0.2	2.250	0.000	0.000
152	  R	  0.7	  0.1	2.250	0.000	0.000
153	  Q	  1.1	  0.1	2.250	0.000	0.000
154	  C	  3.4	  0.1	0.662	0.000	0.000
155	  L	  3.4	  0.0	0.261	0.000	0.000
156	  E	  2.8	  0.0	0.261	0.000	0.000
157	  P	  0.1	  0.2	0.000	0.000	0.000
158	  C	  0.1	  7.6	0.000	0.000	0.000
159	  N	  0.1	  7.6	0.000	0.000	0.000
160	  G	  0.1	  7.7	0.000	0.000	0.000
161	  K	  0.8	  7.5	0.000	0.000	0.000
162	  L	  0.8	  0.2	0.000	0.000	0.000
163	  R	  0.8	  0.1	0.000	0.000	0.000
164	  E	  0.2	  0.1	0.000	0.000	0.000
165	  C	  3.1	  0.1	0.000	0.000	0.000
166	  L	  3.2	  0.0	0.000	0.000	0.000
167	  E	  3.1	  0.3	0.000	0.000	0.000
168	  P	  0.1	  0.3	0.000	0.000	0.000
169	  Y	  0.1	  0.5	0.000	0.000	0.000
170	  G	  0.1	  0.6	1.679	0.000	0.000
171	  E	  0.2	  0.3	2.024	0.000	0.000
172	  Q	  1.2	  0.3	2.202	0.000	0.000
173	  L	  1.6	  0.1	2.202	0.000	0.000
174	  Q	  1.8	  0.0	2.202	0.000	0.000
175	  A	  0.8	  0.0	2.202	0.000	0.000
176	  L	  0.8	  0.0	2.202	0.000	0.000
177	  Q	  0.8	  0.0	2.044	0.000	0.000
178	  A	  0.8	  0.0	1.568	0.000	0.000
179	  L	  0.8	  0.1	1.398	0.000	0.000
180	  Q	  0.6	  0.4	1.176	0.000	0.000
181	  A	  0.4	  0.7	0.382	0.000	0.000
182	  G	  0.1	  0.9	0.204	0.000	0.000
183	  S	  0.2	  0.9	0.739	0.000	0.000
184	  L	  0.3	  0.5	0.739	0.000	0.000
185	  G	  0.4	  0.2	4.070	0.000	0.000
186	  L	  0.3	  0.0	4.070	0.000	0.000
187	  A	  0.5	  0.1	4.070	0.000	0.000
188	  K	  1.2	  0.0	4.070	0.000	0.000
189	  L	  1.2	  0.1	4.070	0.000	0.000
190	  R	  0.9	  0.1	3.866	0.000	0.000
191	  E	  0.1	  0.1	2.961	0.000	0.000
192	  Q	  0.1	  0.1	2.001	0.000	0.000
193	  V	  0.2	  0.2	0.549	0.000	0.000
194	  G	  0.2	  0.1	0.803	0.000	0.000
195	  A	  0.5	  0.2	0.462	0.000	0.000
196	  Q	  0.4	  0.2	0.462	0.000	0.000
197	  L	  0.4	  0.2	0.254	0.000	0.000
198	  G	  0.1	  0.2	0.254	0.000	0.000
199	  K	  1.1	  0.1	0.254	0.000	0.000
200	  M	  1.1	  0.2	0.000	0.000	0.000
201	  N	  1.1	  0.1	0.000	0.000	0.000
202	  E	  0.1	  0.1	0.000	0.000	0.000
203	  E	  0.2	  0.1	0.000	0.000	0.000
204	  L	  0.4	  0.2	0.000	0.000	0.000
205	  E	  0.4	  0.1	0.000	0.000	0.000
206	  S	  0.5	  0.1	0.480	0.424	0.424
207	  L	  0.6	  0.1	0.480	4.428	4.428
208	  W	  1.1	  0.3	0.480	6.226	6.226
209	  A	  1.3	  0.4	0.480	6.427	6.427
210	  S	  1.8	  0.4	1.002	6.665	6.665
211	  L	  3.0	  0.4	1.002	8.613	8.613
212	  Q	  3.7	  0.0	1.002	8.385	8.385
213	  Y	  3.8	  0.0	0.810	8.769	8.769
214	  L	  3.7	  0.0	0.522	8.769	8.769
215	  F	  2.7	  0.0	0.522	8.318	8.318
216	  L	  1.9	  0.0	0.214	0.384	0.384
217	  P	  0.2	  0.0	0.000	0.384	0.384
218	  F	  1.1	  0.2	0.000	0.000	0.000
219	  L	  3.8	  0.2	0.000	0.000	0.000
220	  D	  4.6	  0.4	0.000	0.000	0.000
221	  I	  4.8	  0.5	0.000	0.000	0.000
222	  S	  2.9	  0.5	0.000	0.000	0.000
223	  Q	  2.1	  0.5	0.000	0.000	0.000
224	  R	  0.9	  0.2	0.000	0.000	0.000
225	  G	  0.1	  0.2	0.000	0.000	0.000
