res	aa	Beta	Turn	Helix	Aggregation	Conc-Stab_Aggregation
01	  D	  0.0	  0.0	0.000	0.000	0.000
02	  E	  0.0	  0.0	0.000	0.000	0.000
03	  P	  0.0	  0.0	0.000	0.000	0.000
04	  Q	  0.0	  0.0	0.000	0.000	0.000
05	  S	  0.0	  0.3	0.174	0.000	0.000
06	  P	  0.0	  0.3	0.174	0.000	0.000
07	  W	  0.2	  0.3	0.174	0.000	0.000
08	  D	  0.3	  0.3	0.383	0.000	0.000
09	  R	  2.0	  0.1	0.383	0.000	0.000
10	  V	  3.4	  0.4	0.383	0.709	0.709
11	  K	  3.4	  0.3	0.383	0.848	0.848
12	  D	  1.8	  0.3	0.866	0.848	0.848
13	  F	  0.5	  0.5	0.866	61.644	61.644
14	  A	  1.1	  0.2	0.657	62.482	62.482
15	  T	  7.2	  0.2	0.657	62.482	62.482
16	  V	 12.9	  0.2	0.657	62.482	62.482
17	  Y	 13.6	  0.0	0.657	62.482	62.482
18	  V	  8.3	  0.1	0.126	57.529	57.529
19	  D	  2.1	  0.1	0.265	0.546	0.546
20	  A	  1.4	  0.1	0.265	0.546	0.546
21	  V	  2.5	  0.1	0.265	0.546	0.546
22	  K	  2.4	  0.3	0.265	0.546	0.546
23	  D	  1.7	  1.1	0.139	0.000	0.000
24	  S	  0.2	  1.4	0.139	0.000	0.000
25	  G	  0.1	  1.3	0.000	0.000	0.000
26	  R	  0.3	  1.1	0.000	0.000	0.000
27	  E	  0.3	  0.3	0.000	0.000	0.000
28	  Y	  2.0	  0.1	0.000	0.000	0.000
29	  V	  3.8	  0.1	0.000	0.000	0.000
30	  S	  4.2	  0.1	0.000	0.000	0.000
31	  Q	  9.7	  0.1	0.000	0.000	0.000
32	  F	  8.2	  0.1	0.000	0.000	0.000
33	  E	  7.7	  0.1	0.138	0.000	0.000
34	  T	  1.1	  0.1	0.497	0.000	0.000
35	  S	  0.7	  0.4	1.071	0.000	0.000
36	  A	  0.7	  0.4	1.071	0.000	0.000
37	  L	  0.2	  0.5	1.071	0.000	0.000
38	  G	  0.1	  0.5	1.244	0.000	0.000
39	  K	  0.2	  0.3	1.244	0.000	0.000
40	  Q	  1.1	  0.2	0.747	0.000	0.000
41	  L	  2.8	  0.1	0.502	0.000	0.000
42	  N	  3.0	  0.4	0.944	0.000	0.000
43	  L	  3.7	  0.4	0.815	0.000	0.000
44	  N	  2.1	  0.4	0.815	0.000	0.000
45	  L	  1.8	  0.4	0.442	0.000	0.000
46	  L	  0.2	  0.5	0.442	0.000	0.000
47	  E	  0.3	  0.5	0.442	0.000	0.000
48	  N	  0.8	  1.0	0.140	0.000	0.000
49	  W	  1.1	  1.0	0.140	0.000	0.000
50	  D	  2.9	  0.5	0.140	0.000	0.000
51	  T	  3.4	  0.8	0.140	0.000	0.000
52	  F	  3.2	  2.4	0.140	0.000	0.000
53	  G	  1.3	  2.5	0.140	0.000	0.000
54	  S	  1.0	  2.5	0.000	0.000	0.000
55	  T	  2.0	  2.5	0.000	0.000	0.000
56	  F	  2.1	  1.3	0.000	0.000	0.000
57	  G	  1.3	  1.3	0.313	0.000	0.000
58	  R	  0.7	  1.3	0.313	0.000	0.000
59	  L	  0.6	  1.1	0.313	0.000	0.000
60	  Q	  0.7	  0.1	0.313	0.000	0.000
61	  E	  0.2	  0.1	0.313	0.000	0.000
62	  Q	  0.2	  0.1	0.313	0.000	0.000
63	  L	  0.1	  0.1	0.140	0.000	0.000
64	  G	  0.1	  0.1	0.790	0.000	0.000
65	  P	  0.0	  0.0	0.650	0.000	0.000
66	  V	  2.0	  0.0	0.650	0.000	0.000
67	  T	  2.2	  0.1	0.650	0.000	0.000
68	  R	  2.4	  0.1	0.650	0.000	0.000
69	  E	  0.9	  0.1	0.650	0.000	0.000
70	  F	  1.9	  0.1	0.180	0.000	0.000
71	  W	  2.4	  0.3	0.000	0.000	0.000
72	  D	  1.9	  0.4	0.000	0.000	0.000
73	  S	  1.8	  0.4	0.000	0.000	0.000
74	  L	  1.4	  0.3	0.000	0.000	0.000
75	  E	  1.6	  0.3	0.000	0.000	0.000
76	  K	  0.7	  0.2	0.000	0.000	0.000
77	  D	  0.6	  0.6	0.222	0.000	0.000
78	  T	  0.8	  0.6	3.294	0.000	0.000
79	  D	  0.5	  0.5	3.527	0.000	0.000
80	  W	  1.1	  0.4	3.527	0.000	0.000
81	  L	  1.1	  0.0	3.527	0.000	0.000
82	  R	  1.3	  0.1	3.527	0.000	0.000
83	  Q	  0.7	  0.1	3.527	0.000	0.000
84	  E	  1.4	  0.1	1.968	0.000	0.000
85	  M	  1.3	  0.1	0.960	0.000	0.000
86	  N	  1.3	  0.9	1.038	0.000	0.000
87	  K	  0.2	  0.9	0.728	0.000	0.000
88	  D	  0.3	  0.9	4.798	0.000	0.000
89	  L	  0.3	  0.9	5.072	0.000	0.000
90	  E	  0.3	  0.1	5.372	0.000	0.000
91	  E	 13.5	  0.0	5.518	0.000	0.000
92	  V	 15.4	  0.1	5.375	0.000	0.000
93	  K	 15.6	  0.0	5.375	0.000	0.000
94	  Q	  3.0	  0.0	4.286	0.000	0.000
95	  K	  3.6	  0.0	3.439	0.000	0.000
96	  V	  3.7	  0.0	1.377	0.000	0.000
97	  Q	  3.2	  0.0	1.377	0.000	0.000
98	  P	  0.4	  0.0	0.000	0.000	0.000
99	  Y	  0.9	  0.1	0.000	0.000	0.000
100	  L	  0.9	  0.2	0.118	0.000	0.000
101	  D	  1.0	  0.2	5.964	0.000	0.000
102	  E	  1.5	  0.2	8.273	0.000	0.000
103	  F	  3.3	  0.1	8.273	0.000	0.000
104	  Q	  3.5	  0.0	8.273	0.000	0.000
105	  K	  2.1	  0.0	8.273	0.000	0.000
106	  K	  2.6	  0.0	8.424	0.000	0.000
107	  W	  2.8	  0.0	8.017	0.000	0.000
108	  E	  2.8	  0.1	7.963	0.000	0.000
109	  E	  0.4	  0.1	7.518	0.000	0.000
110	  E	  2.1	  0.1	6.766	0.000	0.000
111	  V	  3.8	  0.1	6.153	0.000	0.000
112	  E	  4.0	  0.1	6.153	0.000	0.000
113	  R	  3.9	  0.1	6.001	0.000	0.000
114	  Y	  2.6	  0.1	5.813	0.000	0.000
115	  R	  2.4	  0.0	0.997	0.000	0.000
116	  P	  0.4	  0.0	0.000	0.000	0.000
117	  K	 16.7	  0.0	0.000	0.000	0.000
118	  V	 17.5	  0.0	0.000	0.000	0.000
119	  E	 17.5	  0.2	0.000	0.000	0.000
120	  P	  0.8	  0.2	0.000	0.000	0.000
121	  L	  0.0	  0.3	0.000	0.000	0.000
122	  G	  0.0	  0.3	0.641	0.000	0.000
123	  A	  0.4	  0.1	0.641	0.000	0.000
124	  Q	  1.2	  0.1	0.641	0.000	0.000
125	  L	  1.2	  0.1	0.641	0.000	0.000
126	  R	  0.9	  0.5	1.836	0.000	0.000
127	  E	  0.1	  0.6	1.965	0.000	0.000
128	  G	  0.0	  0.6	8.367	0.000	0.000
129	  A	  0.2	  0.6	8.802	0.000	0.000
130	  R	  0.5	  0.3	8.802	0.000	0.000
131	  Q	  0.8	  0.1	8.802	0.000	0.000
132	  K	  2.2	  0.1	9.984	0.000	0.000
133	  L	  1.9	  0.1	9.871	0.000	0.000
134	  E	  1.6	  0.1	10.339	0.000	0.000
135	  E	  0.4	  0.1	10.160	0.000	0.000
136	  L	  0.6	  0.1	9.738	0.000	0.000
137	  Q	  0.8	  0.1	9.340	0.000	0.000
138	  K	  0.6	  0.1	7.703	0.000	0.000
139	  Q	  1.7	  0.1	5.342	0.000	0.000
140	  L	  1.6	  0.1	1.578	0.000	0.000
141	  V	  1.5	  0.2	0.890	0.000	0.000
142	  P	  0.2	  0.2	0.000	0.000	0.000
143	  L	  0.0	  0.3	0.000	0.000	0.000
144	  G	  0.0	  0.7	1.477	0.000	0.000
145	  E	  0.0	  0.5	1.477	0.000	0.000
146	  D	  0.4	  0.5	4.716	0.000	0.000
147	  L	  0.6	  0.6	4.716	0.000	0.000
148	  R	  0.6	  0.2	5.048	0.000	0.000
149	  D	  0.2	  0.2	5.664	0.000	0.000
150	  R	  0.2	  0.2	5.438	0.000	0.000
151	  A	  0.4	  0.1	5.438	0.000	0.000
152	  R	  0.9	  0.1	4.651	0.000	0.000
153	  L	  2.1	  0.0	3.233	0.000	0.000
154	  H	  3.3	  0.0	1.908	0.000	0.000
155	  V	  3.5	  0.0	0.475	0.000	0.000
156	  D	  2.2	  0.2	1.297	0.000	0.000
157	  A	  1.0	  0.2	1.297	0.000	0.000
158	  L	  0.5	  0.2	1.297	0.000	0.000
159	  R	  0.7	  0.2	1.121	0.000	0.000
160	  T	  1.4	  0.1	0.822	0.000	0.000
161	  K	  2.1	  0.1	0.822	0.000	0.000
162	  L	  2.0	  0.1	0.402	0.000	0.000
163	  A	  1.0	  0.2	0.224	0.000	0.000
164	  P	  0.1	  0.1	0.000	0.000	0.000
165	  Y	  0.3	  0.4	0.000	0.000	0.000
166	  S	  0.3	  0.4	1.989	0.000	0.000
167	  D	  0.3	  0.3	4.417	0.000	0.000
168	  Q	  1.0	  0.3	4.554	0.000	0.000
169	  M	  1.2	  0.2	4.554	0.000	0.000
170	  R	  1.2	  0.2	4.554	0.000	0.000
171	  D	  0.3	  0.3	7.273	0.000	0.000
172	  R	  0.2	  0.3	7.762	0.000	0.000
173	  L	  0.2	  0.1	7.248	0.000	0.000
174	  A	  0.2	  0.1	7.105	0.000	0.000
175	  E	  0.1	  0.1	6.643	0.000	0.000
176	  R	  0.9	  0.1	5.666	0.000	0.000
177	  L	  1.6	  0.1	4.088	0.000	0.000
178	  T	  2.1	  0.0	3.641	0.000	0.000
179	  A	  1.6	  0.0	3.641	0.000	0.000
180	  L	  1.0	  0.2	3.448	0.000	0.000
181	  R	  0.7	  0.2	2.109	0.000	0.000
182	  D	  0.4	  0.2	0.818	0.000	0.000
183	  N	  0.2	  0.4	1.477	0.000	0.000
184	  P	  0.0	  0.2	0.793	0.000	0.000
185	  K	  0.4	  0.2	0.793	0.000	0.000
186	  L	  0.4	  0.4	0.793	0.000	0.000
187	  A	  0.5	  0.2	0.793	0.000	0.000
188	  E	  4.1	  0.2	0.793	0.000	0.000
189	  Y	  6.0	  0.2	0.512	0.000	0.000
190	  H	  6.2	  0.2	0.142	0.000	0.000
191	  A	  2.3	  0.2	0.000	0.000	0.000
192	  R	  0.6	  0.2	0.000	0.000	0.000
193	  A	  0.3	  0.2	0.000	0.000	0.000
194	  T	  0.4	  0.1	1.116	0.000	0.000
195	  E	  0.3	  0.1	1.116	0.000	0.000
196	  H	  0.9	  0.1	1.116	0.000	0.000
197	  L	  0.9	  0.1	1.116	0.000	0.000
198	  K	  0.9	  0.1	1.116	0.000	0.000
199	  K	  0.4	  0.1	1.116	0.000	0.000
200	  L	  0.2	  0.2	0.536	0.000	0.000
201	  G	  0.2	  0.2	0.346	0.000	0.000
202	  E	  0.4	  0.2	0.202	0.000	0.000
203	  K	  2.1	  0.2	0.000	0.000	0.000
204	  T	  2.3	  0.1	0.000	0.000	0.000
205	  K	  1.9	  0.2	0.000	0.000	0.000
206	  P	  0.3	  0.2	0.000	0.000	0.000
207	  T	  1.2	  0.2	1.163	0.000	0.000
208	  L	  1.3	  0.5	1.163	0.000	0.000
209	  E	  1.3	  0.3	1.163	0.000	0.000
210	  D	  0.5	  0.3	1.163	0.000	0.000
211	  L	  0.8	  0.4	1.163	0.000	0.000
212	  R	  0.8	  0.3	1.163	0.000	0.000
213	  Q	  0.4	  0.3	0.970	0.000	0.000
214	  G	  0.1	  0.3	0.311	0.000	0.000
215	  L	  0.1	  0.2	0.141	0.000	0.000
216	  M	  0.1	  0.0	0.141	0.000	0.000
217	  P	  0.1	  0.0	0.000	0.000	0.000
218	  W	  0.5	  0.0	0.280	0.000	0.000
219	  L	  0.6	  0.1	0.533	0.000	0.000
220	  E	  0.6	  0.1	1.030	0.000	0.000
221	  S	  0.8	  0.1	4.167	0.000	0.000
222	  L	  1.0	  0.2	4.167	0.000	0.000
223	  K	  1.3	  0.0	4.167	0.000	0.000
224	  A	  0.8	  0.0	4.167	0.000	0.000
225	  K	  0.5	  0.0	4.167	0.000	0.000
226	  A	  0.5	  0.0	3.137	1.645	1.645
227	  L	  2.3	  0.0	2.266	1.645	1.645
228	  S	  2.8	  0.0	0.940	1.645	1.645
229	  V	  5.4	  0.0	0.000	1.645	1.645
230	  L	  3.5	  0.0	0.000	1.645	1.645
231	  D	  2.9	  0.1	3.599	0.000	0.000
232	  E	  0.3	  0.1	3.599	0.000	0.000
233	  A	  0.5	  0.1	3.599	0.000	0.000
234	  T	  2.6	  0.1	3.599	0.000	0.000
235	  Q	  2.7	  0.1	3.599	0.000	0.000
236	  K	  3.3	  0.1	3.599	0.000	0.000
237	  L	  1.6	  0.1	1.628	0.000	0.000
238	  N	  1.6	  0.0	0.943	0.000	0.000
239	  T	  0.7	  0.0	0.000	0.000	0.000
240	  Q	  0.4	  0.0	0.000	0.000	0.000
