res	aa	Beta	Turn	Helix	Aggregation	Conc-Stab_Aggregation
01	  E	  0.0	  0.0	0.000	0.000	0.000
02	  E	  0.0	  0.0	0.000	0.000	0.000
03	  P	  0.0	  0.0	0.000	0.000	0.000
04	  Q	  0.0	  0.0	0.000	0.000	0.000
05	  T	  0.0	  0.0	0.000	0.000	0.000
06	  P	  0.0	  0.0	0.000	0.000	0.000
07	  I	  0.2	  0.0	0.000	0.000	0.000
08	  Q	  0.2	  0.0	0.000	0.000	0.000
09	  H	  0.2	  0.0	0.000	0.000	0.000
10	  Y	  0.0	  0.0	0.000	0.000	0.000
11	  R	  0.0	  0.0	0.000	0.000	0.000
12	  E	  0.0	  0.0	 -nan	0.000	0.000
13	  V	  0.0	  0.0	 -nan	0.000	0.000
14	  V	  0.0	  0.0	 -nan	0.000	0.000
15	  E	  0.0	  0.0	 -nan	0.000	0.000
16	  S	  0.0	  0.0	 -nan	0.000	0.000
17	  Y	  0.0	  0.0	 -nan	0.000	0.000
18	  L	  0.0	  0.0	 -nan	0.000	0.000
19	  Q	  0.0	  0.0	 -nan	0.000	0.000
20	  K	  0.0	  0.0	 -nan	0.000	0.000
21	  I	  0.0	  0.0	 -nan	0.000	0.000
22	  Q	  0.0	  0.0	 -nan	0.000	0.000
23	  D	  0.0	  0.0	 -nan	0.000	0.000
24	  I	  0.0	  0.0	 -nan	0.000	0.000
25	  G	  0.0	  0.0	0.000	0.000	0.000
26	  K	  0.0	  0.0	0.000	0.000	0.000
27	  E	  0.1	  0.0	0.000	0.000	0.000
28	  A	  0.1	  0.0	0.000	0.000	0.000
29	  A	  0.4	  0.0	0.000	0.000	0.000
30	  T	  0.9	  0.0	0.000	0.000	0.000
31	  Q	  1.1	  0.0	0.000	0.000	0.000
32	  A	  0.8	  0.2	0.000	0.000	0.000
33	  E	  0.4	  0.2	0.000	0.000	0.000
34	  S	  0.2	  1.4	0.774	0.000	0.000
35	  S	  0.2	  1.4	5.421	0.000	0.000
36	  D	  0.3	  1.3	9.370	0.000	0.000
37	  I	  0.8	  1.2	9.370	0.000	0.000
38	  A	  0.8	  0.1	9.370	0.000	0.000
39	  K	  0.8	  0.1	9.370	0.000	0.000
40	  Q	  0.9	  0.1	9.202	0.000	0.000
41	  L	  1.9	  0.1	8.062	0.000	0.000
42	  D	  1.9	  0.0	9.254	0.000	0.000
43	  L	  2.9	  0.0	8.584	0.000	0.000
44	  K	  3.3	  0.0	8.011	0.000	0.000
45	  I	  3.5	  0.0	6.337	0.000	0.000
46	  R	  1.8	  0.1	6.337	0.000	0.000
47	  E	  0.6	  0.1	5.546	0.000	0.000
48	  R	  3.2	  0.1	3.058	0.000	0.000
49	  F	  3.9	  0.1	0.850	0.000	0.000
50	  D	  4.2	  0.1	0.000	0.000	0.000
51	  S	 20.6	  0.1	0.000	0.000	0.000
52	  F	 22.9	  0.1	0.000	0.000	0.000
53	  S	 22.8	  1.5	3.048	0.000	0.000
54	  A	  4.4	  1.5	3.048	0.000	0.000
55	  N	  0.5	  1.5	6.208	0.000	0.000
56	  A	  0.1	  1.5	6.547	0.000	0.000
57	  L	  0.4	  0.0	6.677	0.000	0.000
58	  A	  0.7	  0.0	6.677	0.000	0.000
59	  L	  0.9	  0.0	6.449	0.000	0.000
60	  R	  0.7	  0.1	5.911	0.000	0.000
61	  K	  0.6	  0.1	4.342	0.000	0.000
62	  Q	  1.8	  0.1	2.507	0.000	0.000
63	  L	  1.7	  0.1	1.715	0.000	0.000
64	  N	  1.5	  0.0	1.597	0.000	0.000
65	  P	  0.1	  0.0	0.000	0.000	0.000
66	  Y	  2.2	  0.0	0.000	0.000	0.000
67	  V	  3.5	  0.0	0.000	0.000	0.000
68	  E	  3.6	  0.0	0.136	0.000	0.000
69	  K	  2.9	  0.0	0.136	0.000	0.000
70	  I	  2.0	  0.0	0.136	0.000	0.000
71	  R	  2.0	  0.1	0.136	0.000	0.000
72	  E	  0.4	  0.1	0.136	0.000	0.000
73	  E	  3.3	  0.1	0.136	0.000	0.000
74	  V	  5.5	  0.1	0.000	0.000	0.000
75	  S	  5.9	  0.0	0.644	0.000	0.000
76	  A	  2.9	  0.0	0.644	0.000	0.000
77	  E	  0.9	  0.0	0.644	0.000	0.000
78	  L	  0.7	  0.1	0.644	0.000	0.000
79	  Q	  0.7	  0.2	0.644	0.000	0.000
80	  K	  0.8	  0.2	0.644	0.000	0.000
81	  D	  0.7	  0.2	0.154	0.000	0.000
82	  I	  0.6	  0.2	0.000	0.000	0.000
83	  P	  0.2	  0.0	0.000	0.000	0.000
84	  L	  0.3	  0.0	0.000	0.000	0.000
85	  L	  0.3	  0.1	0.000	0.000	0.000
86	  K	  0.7	  0.1	0.000	0.000	0.000
87	  E	  0.5	  0.1	0.000	0.000	0.000
88	  K	  3.6	  0.1	0.000	0.000	0.000
89	  I	  3.9	  0.0	0.000	0.000	0.000
90	  R	  3.8	  0.0	0.000	0.000	0.000
91	  P	  0.6	  0.0	0.000	0.000	0.000
92	  Y	  1.1	  0.0	0.000	0.000	0.000
93	  I	  1.7	  0.1	0.000	0.000	0.000
94	  E	  1.9	  0.1	0.000	0.000	0.000
95	  T	  8.8	  0.1	0.000	0.000	0.000
96	  F	  9.2	  0.2	0.000	0.000	0.000
97	  H	  9.0	  0.1	0.000	0.000	0.000
98	  N	  1.3	  0.1	0.000	0.000	0.000
99	  N	  0.2	  0.1	0.000	0.000	0.000
100	  W	  0.3	  0.0	0.000	0.000	0.000
101	  G	  0.2	  0.0	0.000	0.000	0.000
102	  V	 16.2	  0.0	0.000	0.000	0.000
103	  K	 19.9	  0.0	0.000	0.000	0.000
104	  V	 22.5	  0.1	0.000	0.000	0.000
105	  K	  8.2	  0.1	0.000	0.000	0.000
106	  S	  4.6	  0.1	0.000	0.000	0.000
107	  F	  2.6	  0.2	0.000	0.000	0.000
108	  K	  2.2	  0.2	0.000	0.000	0.000
109	  E	  0.9	  0.2	0.000	0.000	0.000
110	  N	  1.0	  0.2	0.000	0.000	0.000
111	  I	  1.3	  0.2	0.000	0.000	0.000
112	  A	  1.3	  0.0	0.000	0.000	0.000
113	  P	  0.4	  0.0	0.000	0.000	0.000
114	  L	  0.6	  0.0	0.000	0.000	0.000
115	  V	  2.0	  0.0	0.466	0.000	0.000
116	  D	  2.0	  0.1	1.099	0.000	0.000
117	  Q	  2.5	  0.1	1.099	0.000	0.000
118	  L	  1.2	  0.2	1.099	0.000	0.000
119	  K	  1.4	  0.2	1.099	0.000	0.000
120	  Q	  0.5	  0.1	1.099	0.000	0.000
121	  Q	  0.4	  0.1	0.890	0.000	0.000
122	  T	  0.5	  0.3	0.000	0.000	0.000
123	  R	  0.5	  0.4	0.000	0.000	0.000
124	  D	  0.4	  0.4	0.000	0.000	0.000
125	  N	  4.9	  0.4	0.000	0.000	0.000
126	  V	  5.0	  0.6	0.000	0.000	0.000
127	  E	  4.9	  0.4	0.000	0.000	0.000
128	  G	  0.3	  0.4	0.000	0.000	0.000
129	  F	  1.4	  0.4	0.000	0.000	0.000
130	  Y	  2.5	  0.2	0.000	0.000	0.000
131	  K	  3.0	  0.2	0.000	0.000	0.000
132	  S	  4.8	  0.2	0.000	0.000	0.000
133	  V	  4.1	  0.2	0.000	0.000	0.000
134	  Q	  3.5	  0.2	0.000	0.000	0.000
135	  P	  0.4	  0.2	0.000	0.000	0.000
136	  Q	  1.6	  0.2	0.000	0.000	0.000
137	  L	  1.7	  0.4	0.000	0.000	0.000
138	  E	  1.7	  0.3	0.000	0.000	0.000
139	  D	  0.5	  0.3	0.484	0.000	0.000
140	  L	  0.5	  0.3	0.484	0.000	0.000
141	  R	  0.5	  0.1	0.484	0.000	0.000
142	  E	  0.1	  0.1	0.484	0.000	0.000
143	  T	  2.6	  0.1	0.484	0.000	0.000
144	  L	  3.2	  0.1	0.484	0.000	0.000
145	  R	  3.2	  0.1	0.484	0.000	0.000
146	  S	  0.8	  0.1	0.786	0.000	0.000
147	  E	  5.3	  0.1	0.570	0.000	0.000
148	  V	  6.3	  0.1	0.570	0.000	0.000
149	  D	  6.2	  0.2	1.563	0.000	0.000
150	  S	  3.2	  0.2	1.738	0.000	0.000
151	  L	  2.5	  0.2	1.738	0.000	0.000
152	  R	  2.8	  0.3	1.738	0.000	0.000
153	  A	  1.0	  0.2	1.561	0.000	0.000
154	  N	  1.4	  0.2	1.408	0.000	0.000
155	  I	  1.5	  0.2	0.357	0.000	0.000
156	  A	  1.3	  0.2	0.357	0.000	0.000
157	  P	  0.4	  0.2	0.000	0.000	0.000
158	  Y	  0.8	  0.2	0.000	0.000	0.000
159	  K	  1.1	  0.2	0.382	0.000	0.000
160	  Q	  1.2	  0.1	0.382	0.000	0.000
161	  E	  0.7	  0.1	0.805	0.000	0.000
162	  L	  0.7	  0.1	0.805	0.000	0.000
163	  R	  1.0	  0.1	0.805	0.000	0.000
164	  Q	  1.0	  0.1	0.805	0.000	0.000
165	  K	  1.4	  0.1	0.605	0.000	0.000
166	  L	  1.3	  0.1	0.422	0.000	0.000
167	  V	  2.1	  0.1	0.422	0.000	0.000
168	  E	  1.7	  0.1	0.422	0.000	0.000
169	  K	  4.6	  0.1	0.471	0.000	0.000
170	  F	  4.1	  0.2	0.531	0.000	0.000
171	  E	  3.9	  0.1	1.076	0.000	0.000
172	  E	 14.8	  0.1	1.076	0.000	0.000
173	  V	 16.2	  0.1	1.076	0.000	0.000
174	  K	 16.2	  0.2	1.076	0.000	0.000
175	  A	  2.4	  0.2	1.076	0.000	0.000
176	  N	  0.1	  0.2	1.076	0.000	0.000
177	  T	  0.0	  0.3	0.000	0.000	0.000
178	  G	  0.0	  0.4	0.316	0.000	0.000
179	  P	  0.0	  0.3	0.316	0.000	0.000
180	  K	  0.4	  0.3	0.506	0.000	0.000
181	  A	  0.4	  0.4	0.506	0.000	0.000
182	  E	  0.4	  0.1	0.654	0.000	0.000
183	  E	  0.9	  0.1	0.654	0.000	0.000
184	  Y	  2.9	  0.1	0.654	0.000	0.000
185	  R	  3.0	  0.0	0.478	0.000	0.000
186	  A	  2.4	  0.0	0.478	0.000	0.000
187	  Q	  0.6	  0.0	0.478	0.000	0.000
188	  V	  2.1	  0.0	0.000	0.000	0.000
189	  A	  2.2	  0.1	0.000	0.000	0.000
190	  Q	  2.1	  0.1	0.000	0.000	0.000
191	  H	  0.6	  0.3	0.154	0.000	0.000
192	  A	  0.3	  0.5	0.306	0.000	0.000
193	  E	  0.2	  0.5	0.306	0.000	0.000
194	  N	  0.4	  0.5	1.321	0.000	0.000
195	  L	  0.5	  0.3	1.321	0.000	0.000
196	  K	  0.7	  0.1	1.321	0.000	0.000
197	  Q	  0.7	  0.2	1.321	0.000	0.000
198	  R	  0.6	  0.2	1.014	0.000	0.000
199	  L	  0.5	  0.1	1.014	0.000	0.000
200	  G	  0.1	  0.1	0.802	0.000	0.000
201	  P	  0.0	  0.0	0.000	0.000	0.000
202	  V	  3.7	  0.0	0.000	0.000	0.000
203	  I	  3.9	  0.1	0.000	0.000	0.000
204	  E	  3.9	  0.1	0.000	0.000	0.000
205	  N	  0.5	  0.1	0.325	0.000	0.000
206	  L	  0.4	  0.2	0.325	0.000	0.000
207	  K	  0.5	  0.1	0.325	0.000	0.000
208	  E	  0.2	  0.1	0.325	0.000	0.000
209	  Q	  1.4	  0.1	0.325	0.000	0.000
210	  L	  1.4	  0.1	0.325	0.000	0.000
211	  L	  1.4	  0.0	0.325	0.000	0.000
212	  P	  0.1	  0.0	0.000	0.000	0.000
213	  K	  7.4	  0.0	0.159	0.000	0.000
214	  V	  8.0	  0.0	0.398	0.000	0.000
215	  E	  8.0	  0.0	2.554	0.000	0.000
216	  E	  1.0	  0.0	3.707	0.000	0.000
217	  A	  0.7	  0.0	3.707	0.000	0.000
218	  K	  5.0	  0.0	3.707	0.000	0.000
219	  V	 11.6	  0.0	3.548	0.000	0.000
220	  K	 11.7	  0.0	4.908	0.000	0.000
221	  L	  7.6	  0.0	4.538	0.000	0.000
222	  A	  0.5	  0.0	4.538	0.000	0.000
223	  E	  0.2	  0.0	4.523	0.000	0.000
224	  L	  0.4	  0.0	4.147	0.284	0.284
225	  W	  0.6	  0.1	4.149	0.284	0.284
226	  Q	  0.7	  0.1	3.678	0.284	0.284
227	  T	  3.8	  0.1	3.771	0.284	0.284
228	  L	  3.8	  0.1	3.771	0.284	0.284
229	  K	  4.0	  0.0	3.771	0.000	0.000
230	  A	  0.8	  0.0	2.872	0.000	0.000
231	  K	  0.5	  0.0	2.609	0.000	0.000
232	  A	  0.3	  0.0	1.426	0.000	0.000
233	  A	  0.3	  0.1	1.234	0.000	0.000
234	  E	  0.4	  0.1	0.989	0.000	0.000
235	  R	  0.8	  0.1	0.617	0.000	0.000
236	  Y	  0.7	  0.1	0.287	0.000	0.000
237	  A	  0.4	  0.0	0.000	0.000	0.000
