res	aa	Beta	Turn	Helix	Aggregation	Conc-Stab_Aggregation
01	  D	  0.0	  0.0	0.000	0.000	0.000
02	  E	  0.0	  0.0	0.000	0.000	0.000
03	  P	  0.0	  0.3	0.000	0.000	0.000
04	  P	  0.0	  0.3	0.000	0.000	0.000
05	  Q	  0.0	  0.3	0.000	0.000	0.000
06	  S	  0.0	  0.5	0.179	0.000	0.000
07	  P	  0.0	  0.3	0.179	0.000	0.000
08	  W	  0.2	  0.3	0.179	0.000	0.000
09	  D	  0.3	  0.3	0.722	0.000	0.000
10	  R	  2.0	  0.1	0.722	0.000	0.000
11	  V	  3.4	  0.2	0.722	0.529	0.529
12	  K	  3.4	  0.1	0.722	0.642	0.642
13	  D	  1.7	  0.1	1.996	0.642	0.642
14	  L	  0.2	  0.1	1.996	49.814	49.814
15	  A	  0.3	  0.0	1.996	51.341	51.341
16	  A	  0.9	  0.0	1.996	51.341	51.341
17	  V	  7.2	  0.0	1.731	51.341	51.341
18	  Y	  8.5	  0.0	1.731	51.341	51.341
19	  V	  8.5	  0.1	0.726	47.361	47.361
20	  D	  2.2	  0.2	0.960	0.198	0.198
21	  A	  0.9	  0.2	0.829	0.198	0.198
22	  L	  0.4	  0.4	0.829	0.198	0.198
23	  K	  0.5	  0.6	0.647	0.198	0.198
24	  D	  0.2	  1.2	0.234	0.000	0.000
25	  S	  0.2	  1.6	0.234	0.000	0.000
26	  G	  0.1	  1.7	0.000	0.000	0.000
27	  R	  0.4	  1.5	0.000	0.000	0.000
28	  D	  0.7	  0.7	0.000	0.000	0.000
29	  Y	  2.4	  0.3	0.000	0.000	0.000
30	  V	  4.1	  0.1	0.000	0.000	0.000
31	  S	  4.2	  0.1	0.000	0.000	0.000
32	  Q	  9.6	  0.1	0.000	0.000	0.000
33	  F	  8.0	  0.6	0.000	0.000	0.000
34	  E	  7.5	  0.9	0.000	0.000	0.000
35	  G	  0.5	  0.9	0.281	0.000	0.000
36	  S	  0.3	  1.2	0.978	0.000	0.000
37	  A	  0.3	  0.8	0.978	0.000	0.000
38	  L	  0.2	  0.5	0.978	0.000	0.000
39	  G	  0.1	  0.5	0.978	0.000	0.000
40	  K	  0.2	  0.3	0.978	0.000	0.000
41	  Q	  1.1	  0.2	0.697	0.000	0.000
42	  L	  2.8	  0.1	0.453	0.000	0.000
43	  N	  3.0	  0.0	1.274	0.000	0.000
44	  L	  3.6	  0.0	1.119	0.000	0.000
45	  K	  2.2	  0.0	0.980	0.000	0.000
46	  L	  2.2	  0.0	0.822	0.000	0.000
47	  L	  0.8	  0.3	0.822	0.000	0.000
48	  D	  0.6	  0.3	0.822	0.000	0.000
49	  N	  0.8	  0.9	0.358	0.000	0.000
50	  W	  1.3	  1.1	0.000	0.000	0.000
51	  D	  1.2	  0.8	0.000	0.000	0.000
52	  S	  2.1	  0.8	0.000	0.000	0.000
53	  M	  2.0	  0.2	0.000	0.000	0.000
54	  T	  2.6	  0.1	0.000	0.000	0.000
55	  S	  1.8	  0.1	0.000	0.000	0.000
56	  T	 31.6	  0.1	0.000	0.000	0.000
57	  F	 32.7	  0.1	0.000	0.000	0.000
58	  S	 32.3	  0.1	0.448	0.000	0.000
59	  K	  3.5	  0.1	0.448	0.000	0.000
60	  L	  0.7	  0.1	0.448	0.000	0.000
61	  R	  0.6	  0.1	0.448	0.000	0.000
62	  E	  0.1	  0.1	0.448	0.000	0.000
63	  Q	  0.1	  0.1	0.448	0.000	0.000
64	  L	  0.1	  0.1	0.183	0.000	0.000
65	  G	  0.1	  0.1	0.183	0.000	0.000
66	  P	  0.0	  0.0	0.000	0.000	0.000
67	  V	  4.1	  0.0	0.000	0.000	0.000
68	  T	  4.6	  0.1	0.000	0.000	0.000
69	  Q	  5.0	  0.1	0.000	0.000	0.000
70	  E	  1.4	  0.1	0.000	0.000	0.000
71	  F	  2.1	  0.1	0.000	0.000	0.000
72	  W	  2.0	  0.4	0.000	0.000	0.000
73	  D	  1.5	  0.5	0.168	0.000	0.000
74	  N	  0.8	  0.5	0.168	0.000	0.000
75	  L	  0.7	  0.4	0.168	0.000	0.000
76	  E	  0.8	  0.1	0.168	0.000	0.000
77	  K	  0.5	  0.1	0.168	0.000	0.000
78	  E	  0.4	  0.2	0.168	0.000	0.000
79	  T	  0.3	  0.3	1.890	0.000	0.000
80	  E	  0.0	  0.4	1.890	0.000	0.000
81	  G	  0.0	  0.3	1.890	0.000	0.000
82	  L	  0.4	  0.3	1.890	0.000	0.000
83	  R	  0.7	  0.1	1.890	0.000	0.000
84	  Q	  0.7	  0.1	1.890	0.000	0.000
85	  E	  0.8	  0.1	1.890	0.000	0.000
86	  M	  0.9	  0.1	0.988	0.000	0.000
87	  S	  1.4	  1.3	1.214	0.000	0.000
88	  K	  0.9	  1.4	0.931	0.000	0.000
89	  D	  0.8	  1.4	6.793	0.000	0.000
90	  L	  0.3	  1.3	7.292	0.000	0.000
91	  E	  0.3	  0.1	8.563	0.000	0.000
92	  E	 13.0	  0.0	8.790	0.000	0.000
93	  V	 14.9	  0.0	8.664	0.000	0.000
94	  K	 15.1	  0.0	8.664	0.000	0.000
95	  A	  2.7	  0.0	7.628	0.000	0.000
96	  K	  3.3	  0.0	7.266	0.000	0.000
97	  V	  3.3	  0.0	3.133	0.000	0.000
98	  Q	  3.1	  0.0	2.979	0.000	0.000
99	  P	  0.4	  0.0	0.000	0.000	0.000
100	  Y	  0.7	  0.1	0.000	0.000	0.000
101	  L	  0.7	  0.3	0.000	0.000	0.000
102	  D	  0.8	  0.3	9.704	0.000	0.000
103	  D	  0.5	  0.3	32.320	0.000	0.000
104	  F	  1.8	  0.3	32.320	0.000	0.000
105	  Q	  1.9	  0.0	32.320	0.000	0.000
106	  K	  1.5	  0.0	32.320	0.000	0.000
107	  K	  0.6	  0.0	32.320	0.000	0.000
108	  W	  1.0	  0.0	32.050	0.000	0.000
109	  Q	  1.0	  0.1	31.183	0.000	0.000
110	  E	  0.5	  0.1	28.300	0.000	0.000
111	  E	  0.2	  0.1	27.148	0.000	0.000
112	  M	  0.8	  0.1	25.792	0.000	0.000
113	  E	  0.9	  0.1	24.490	0.000	0.000
114	  L	  0.9	  0.1	23.254	0.000	0.000
115	  Y	  1.8	  0.1	22.114	0.000	0.000
116	  R	  1.8	  0.0	16.231	0.000	0.000
117	  Q	  2.2	  0.0	12.076	0.000	0.000
118	  K	 14.1	  0.0	4.498	0.000	0.000
119	  V	 14.5	  0.0	0.967	0.000	0.000
120	  E	 14.1	  0.0	1.154	0.000	0.000
121	  P	  0.7	  0.0	0.301	0.000	0.000
122	  L	  0.4	  0.0	0.301	0.000	0.000
123	  R	  0.5	  0.0	0.301	0.000	0.000
124	  A	  0.6	  0.1	0.301	0.000	0.000
125	  E	  0.6	  0.1	0.301	0.000	0.000
126	  L	  0.6	  0.1	0.134	0.000	0.000
127	  Q	  0.5	  0.4	0.570	0.000	0.000
128	  E	  0.1	  0.6	0.435	0.000	0.000
129	  G	  0.0	  0.6	1.541	0.000	0.000
130	  A	  0.2	  0.6	1.541	0.000	0.000
131	  R	  0.6	  0.3	1.541	0.000	0.000
132	  Q	  0.9	  0.1	1.541	0.000	0.000
133	  K	  1.3	  0.1	1.541	0.000	0.000
134	  L	  1.1	  0.1	1.106	0.000	0.000
135	  H	  1.1	  0.1	0.746	0.000	0.000
136	  E	  1.8	  0.1	0.494	0.000	0.000
137	  L	  1.8	  0.1	0.323	0.000	0.000
138	  H	  1.8	  0.2	0.177	0.000	0.000
139	  E	  0.5	  0.2	0.000	0.000	0.000
140	  K	  1.4	  0.2	0.000	0.000	0.000
141	  L	  1.2	  0.1	0.000	0.000	0.000
142	  S	  1.1	  0.6	0.000	0.000	0.000
143	  P	  0.1	  0.6	0.000	0.000	0.000
144	  L	  0.0	  0.7	0.000	0.000	0.000
145	  G	  0.0	  0.8	3.486	0.000	0.000
146	  E	  0.0	  0.1	4.351	0.000	0.000
147	  E	  0.3	  0.1	5.167	0.000	0.000
148	  M	  0.6	  0.3	5.167	0.000	0.000
149	  R	  0.6	  0.2	5.330	0.000	0.000
150	  D	  0.3	  0.3	5.757	0.000	0.000
151	  R	  0.2	  0.3	5.582	0.000	0.000
152	  A	  0.2	  0.1	5.232	0.000	0.000
153	  R	  0.4	  0.1	4.498	0.000	0.000
154	  A	  0.6	  0.0	2.972	0.000	0.000
155	  H	  2.1	  0.0	1.986	0.000	0.000
156	  V	  2.5	  0.0	0.161	0.000	0.000
157	  D	  2.2	  0.2	0.389	0.000	0.000
158	  A	  1.0	  0.2	0.389	0.000	0.000
159	  L	  0.5	  0.2	0.389	0.000	0.000
160	  R	  0.9	  0.2	0.228	0.000	0.000
161	  T	  1.7	  0.1	0.228	0.000	0.000
162	  H	  2.3	  0.1	0.228	0.000	0.000
163	  L	  1.9	  0.0	0.000	0.000	0.000
164	  A	  0.8	  0.1	0.000	0.000	0.000
165	  P	  0.0	  0.1	0.000	0.000	0.000
166	  Y	  0.1	  0.2	0.577	0.000	0.000
167	  S	  0.1	  0.2	31.880	0.000	0.000
168	  D	  0.1	  0.2	52.447	0.000	0.000
169	  E	  0.1	  0.2	57.024	0.000	0.000
170	  L	  0.3	  0.1	57.093	0.000	0.000
171	  R	  0.5	  0.1	57.093	0.000	0.000
172	  Q	  0.5	  0.0	57.093	0.000	0.000
173	  R	  0.4	  0.0	56.364	0.000	0.000
174	  L	  0.3	  0.0	55.367	0.000	0.000
175	  A	  0.2	  0.0	54.076	0.000	0.000
176	  A	  0.2	  0.0	51.292	0.000	0.000
177	  R	  0.3	  0.0	45.523	0.000	0.000
178	  L	  0.4	  0.0	37.721	0.000	0.000
179	  E	  0.3	  0.0	35.329	0.000	0.000
180	  A	  0.2	  0.0	31.309	0.000	0.000
181	  L	  0.2	  0.0	28.474	0.000	0.000
182	  K	  0.2	  0.4	24.255	0.000	0.000
183	  E	  0.1	  0.7	12.401	0.000	0.000
184	  N	  0.0	  0.9	6.838	0.000	0.000
185	  G	  0.0	  1.0	1.834	0.000	0.000
186	  G	  0.0	  0.8	0.615	0.000	0.000
187	  A	  0.5	  0.5	0.000	0.000	0.000
188	  S	  0.6	  0.3	0.304	0.000	0.000
189	  L	  0.6	  0.4	0.304	0.000	0.000
190	  A	  0.3	  0.2	0.304	0.000	0.000
191	  E	  4.1	  0.2	0.304	0.000	0.000
192	  Y	  4.7	  0.2	0.304	0.000	0.000
193	  H	  4.8	  0.1	0.304	0.000	0.000
194	  S	  0.9	  0.2	0.662	0.000	0.000
195	  K	  0.8	  0.2	0.662	0.000	0.000
196	  A	  0.7	  0.2	0.662	0.000	0.000
197	  T	  0.8	  0.1	0.662	0.000	0.000
198	  E	  0.3	  0.1	0.662	0.000	0.000
199	  H	  1.0	  0.1	0.662	0.000	0.000
200	  L	  1.1	  0.1	0.000	0.000	0.000
201	  S	  1.2	  0.1	0.000	0.000	0.000
202	  T	  6.4	  0.1	0.402	0.000	0.000
203	  L	  6.2	  0.1	0.402	0.000	0.000
204	  S	  6.1	  0.2	0.402	0.000	0.000
205	  E	  0.2	  0.2	0.402	0.000	0.000
206	  K	  0.8	  0.2	0.402	0.000	0.000
207	  A	  0.8	  0.1	0.402	0.000	0.000
208	  K	  0.6	  0.0	0.402	0.000	0.000
209	  P	  0.0	  0.0	0.000	0.000	0.000
210	  A	  0.1	  0.0	0.000	0.000	0.000
211	  L	  0.2	  0.3	0.000	0.000	0.000
212	  E	  0.2	  0.3	0.000	0.000	0.000
213	  D	  0.5	  0.3	0.000	0.000	0.000
214	  L	  0.8	  0.4	0.000	0.000	0.000
215	  R	  0.8	  0.3	0.000	0.000	0.000
216	  Q	  0.4	  0.3	0.000	0.000	0.000
217	  G	  0.1	  0.3	0.000	0.000	0.000
218	  L	  0.1	  0.1	0.000	0.000	0.000
219	  L	  0.1	  0.0	0.000	0.000	0.000
220	  P	  0.1	  0.0	0.000	0.000	0.000
221	  V	  1.6	  0.0	0.000	0.536	0.536
222	  L	  1.7	  0.3	0.000	0.536	0.536
223	  E	  1.9	  0.3	0.000	0.536	0.536
224	  S	  2.0	  0.3	0.000	0.536	0.536
225	  F	  4.6	  0.3	0.000	0.536	0.536
226	  K	  5.7	  0.0	0.000	0.536	0.536
227	  V	  8.3	  0.0	0.000	4.035	4.035
228	  S	  6.2	  0.0	0.000	4.232	4.232
229	  F	  5.9	  0.0	0.000	4.509	4.509
230	  L	  2.3	  0.0	0.000	4.509	4.509
231	  S	  1.8	  0.0	2.782	3.973	3.973
232	  A	  0.9	  0.0	3.403	3.754	3.754
233	  L	  0.2	  0.2	3.814	2.694	2.694
234	  E	  0.2	  0.1	5.468	0.000	0.000
235	  E	  0.5	  0.1	6.199	0.000	0.000
236	  Y	  1.1	  0.1	6.199	0.000	0.000
237	  A	  1.1	  0.0	5.792	0.000	0.000
238	  K	  0.7	  0.1	5.792	0.000	0.000
239	  K	  1.0	  0.1	5.337	0.000	0.000
240	  L	  1.3	  0.1	3.462	0.000	0.000
241	  N	  1.6	  0.1	2.232	0.000	0.000
242	  T	  0.7	  0.0	0.000	0.000	0.000
243	  Q	  0.4	  0.0	0.000	0.000	0.000
