res	aa	Beta	Turn	Helix	Aggregation	Conc-Stab_Aggregation
01	  D	  0.0	  0.0	0.000	0.000	0.000
02	  E	  0.0	  0.0	0.000	0.000	0.000
03	  P	  0.0	  0.0	0.000	0.000	0.000
04	  Q	  0.0	  0.0	0.000	0.000	0.000
05	  T	  0.0	  0.0	0.480	0.000	0.000
06	  P	  0.0	  0.0	0.480	0.000	0.000
07	  L	  0.1	  0.1	0.480	0.000	0.000
08	  E	  0.1	  0.1	0.480	0.000	0.000
09	  Q	  1.3	  0.1	0.480	0.000	0.000
10	  M	  1.4	  0.3	0.480	0.000	0.000
11	  K	  1.5	  0.2	0.178	0.020	0.020
12	  D	  0.3	  0.2	3.979	0.020	0.020
13	  L	  0.3	  0.2	3.979	84.513	84.513
14	  L	  3.8	  0.0	3.979	87.259	87.259
15	  T	  9.6	  0.0	3.979	87.725	87.725
16	  V	 12.3	  0.0	3.979	88.476	88.476
17	  Y	  9.7	  0.1	3.979	88.542	88.542
18	  L	  4.3	  0.1	2.256	79.435	79.435
19	  N	  2.1	  0.1	2.042	31.675	31.675
20	  T	 16.6	  0.1	0.322	29.882	29.882
21	  V	 17.7	  0.1	0.322	29.275	29.275
22	  K	 17.1	  0.2	0.322	0.000	0.000
23	  D	  1.9	  0.6	0.000	0.000	0.000
24	  T	  0.4	  0.6	0.000	0.000	0.000
25	  G	  0.1	  0.6	0.000	0.000	0.000
26	  K	  0.3	  0.5	0.000	0.000	0.000
27	  E	  0.3	  0.2	0.000	0.000	0.000
28	  Y	  2.0	  0.1	0.000	0.000	0.000
29	  V	  3.8	  0.1	0.000	0.000	0.000
30	  S	  4.2	  0.1	0.000	0.000	0.000
31	  Q	  9.7	  0.1	0.000	0.000	0.000
32	  F	  9.1	  0.2	0.000	0.000	0.000
33	  E	  8.7	  0.2	0.000	0.000	0.000
34	  S	  1.6	  0.2	0.000	0.000	0.000
35	  S	  0.3	  0.4	0.145	0.000	0.000
36	  A	  0.4	  0.5	0.145	0.000	0.000
37	  M	  0.3	  0.5	0.145	0.000	0.000
38	  G	  0.2	  0.5	0.390	0.000	0.000
39	  K	  0.2	  0.4	0.390	0.000	0.000
40	  E	  0.9	  0.2	0.390	0.000	0.000
41	  L	  2.0	  0.1	0.390	0.000	0.000
42	  D	  2.1	  0.1	0.390	0.000	0.000
43	  L	  3.2	  0.0	0.390	0.000	0.000
44	  K	  7.7	  0.0	0.390	0.000	0.000
45	  I	  8.1	  0.0	0.000	0.000	0.000
46	  T	  6.7	  0.1	0.000	0.000	0.000
47	  D	  1.0	  0.1	0.172	0.000	0.000
48	  T	  3.3	  0.1	0.172	0.000	0.000
49	  L	  3.5	  0.1	0.172	0.000	0.000
50	  T	  4.0	  0.1	0.172	0.000	0.000
51	  S	  7.0	  0.4	0.172	0.000	0.000
52	  L	  6.8	  0.4	0.172	0.000	0.000
53	  S	  6.3	  0.5	0.000	0.000	0.000
54	  S	  0.7	  0.4	0.000	0.000	0.000
55	  A	  0.9	  0.1	0.000	0.663	0.663
56	  F	  5.0	  0.1	0.000	1.127	1.127
57	  S	  5.0	  0.0	0.000	1.127	1.127
58	  A	  4.8	  0.0	0.000	1.127	1.127
59	  F	  3.2	  0.0	0.000	1.127	1.127
60	  Y	  3.7	  0.1	0.000	0.855	0.855
61	  E	  3.3	  0.2	0.000	0.000	0.000
62	  E	  1.5	  0.2	0.000	0.000	0.000
63	  L	  0.9	  0.2	0.000	0.000	0.000
64	  S	  0.9	  0.4	0.178	0.000	0.000
65	  P	  0.1	  0.4	0.178	0.000	0.000
66	  T	  3.7	  0.4	0.367	0.000	0.000
67	  Y	  4.5	  0.4	0.367	0.000	0.000
68	  L	  5.2	  0.0	0.367	0.000	0.000
69	  E	  3.0	  0.0	0.367	0.000	0.000
70	  L	  2.4	  0.2	0.367	0.000	0.000
71	  K	  1.7	  0.3	0.367	0.000	0.000
72	  D	  0.4	  0.2	0.000	0.000	0.000
73	  S	  0.9	  0.2	0.000	0.000	0.000
74	  I	  3.9	  0.1	0.000	0.000	0.000
75	  V	  5.3	  0.0	0.000	0.000	0.000
76	  K	  4.8	  0.1	0.547	0.000	0.000
77	  E	  1.9	  0.1	0.700	0.000	0.000
78	  T	  0.3	  0.1	6.648	0.000	0.000
79	  E	  0.1	  0.1	7.027	0.000	0.000
80	  A	  0.4	  0.0	7.227	0.000	0.000
81	  L	  0.4	  0.1	7.521	0.000	0.000
82	  R	  0.4	  0.1	7.755	0.000	0.000
83	  E	  0.1	  0.1	7.599	0.000	0.000
84	  E	  0.7	  0.1	5.754	0.000	0.000
85	  M	  1.3	  0.1	4.488	0.000	0.000
86	  T	  1.4	  0.2	4.832	0.000	0.000
87	  K	  0.7	  0.2	4.832	0.000	0.000
88	  G	  0.1	  0.2	8.944	0.000	0.000
89	  L	  0.0	  0.2	6.059	0.000	0.000
90	  E	  0.1	  0.0	7.564	0.000	0.000
91	  E	 13.6	  0.0	7.564	0.000	0.000
92	  V	 14.2	  0.1	7.564	0.000	0.000
93	  K	 14.2	  0.1	7.564	0.000	0.000
94	  K	  1.1	  0.1	6.989	0.000	0.000
95	  N	  1.5	  0.1	6.555	0.000	0.000
96	  I	  1.6	  0.1	1.545	0.000	0.000
97	  Q	  1.2	  0.1	1.545	0.000	0.000
98	  P	  0.1	  0.1	0.000	0.000	0.000
99	  H	  0.7	  0.3	0.000	0.000	0.000
100	  L	  0.8	  0.4	0.000	0.000	0.000
101	  D	  1.5	  0.3	5.501	0.000	0.000
102	  Q	  7.7	  0.3	5.675	0.000	0.000
103	  F	  9.6	  0.1	5.675	0.000	0.000
104	  E	  9.4	  0.1	5.804	0.000	0.000
105	  K	  2.6	  0.1	5.804	0.000	0.000
106	  K	  1.2	  0.1	5.804	0.000	0.000
107	  W	  2.2	  0.0	5.167	0.000	0.000
108	  Q	  2.2	  0.2	4.960	0.000	0.000
109	  A	  1.6	  0.2	4.202	0.000	0.000
110	  D	  0.4	  0.2	5.105	0.000	0.000
111	  M	  0.6	  0.3	4.907	0.000	0.000
112	  E	  0.7	  0.1	4.711	0.000	0.000
113	  A	  0.8	  0.1	4.468	0.000	0.000
114	  Y	  1.3	  0.2	4.263	0.000	0.000
115	  R	  1.2	  0.2	2.715	0.000	0.000
116	  D	  0.9	  0.2	1.589	0.000	0.000
117	  K	  5.4	  0.2	0.874	0.000	0.000
118	  V	  5.8	  0.0	0.333	0.000	0.000
119	  A	  5.8	  0.0	0.333	0.000	0.000
120	  P	  0.5	  0.0	0.000	0.000	0.000
121	  L	  0.4	  0.0	0.000	0.000	0.000
122	  T	  1.0	  0.2	1.069	0.000	0.000
123	  Q	  1.2	  0.3	1.069	0.000	0.000
124	  D	  1.0	  0.3	1.473	0.000	0.000
125	  L	  0.5	  0.5	1.473	0.000	0.000
126	  K	  0.4	  0.4	1.659	0.000	0.000
127	  D	  0.2	  0.4	1.659	0.000	0.000
128	  N	  0.1	  0.4	1.362	0.000	0.000
129	  A	  0.2	  0.2	1.152	0.000	0.000
130	  K	  0.5	  0.1	1.152	0.000	0.000
131	  Q	  1.2	  0.1	0.678	0.000	0.000
132	  K	  5.0	  0.1	0.346	0.000	0.000
133	  F	  5.4	  0.2	0.346	0.000	0.000
134	  E	  4.7	  0.2	0.297	0.000	0.000
135	  E	  1.2	  0.2	0.505	0.000	0.000
136	  L	  0.5	  0.2	0.505	0.000	0.000
137	  Q	  0.9	  0.1	0.505	0.000	0.000
138	  Q	  0.9	  0.1	0.505	0.000	0.000
139	  K	  1.7	  0.1	0.349	0.000	0.000
140	  L	  1.5	  0.1	0.208	0.000	0.000
141	  S	  1.1	  0.2	2.493	0.000	0.000
142	  P	  0.1	  0.2	3.015	0.000	0.000
143	  L	  0.1	  0.2	3.372	0.000	0.000
144	  A	  0.1	  0.3	4.857	0.000	0.000
145	  Q	  0.2	  0.1	4.857	0.000	0.000
146	  E	  0.4	  0.1	5.047	0.000	0.000
147	  L	  0.6	  0.2	4.873	0.000	0.000
148	  R	  0.5	  0.2	4.873	0.000	0.000
149	  D	  0.2	  0.2	4.700	0.000	0.000
150	  R	  0.2	  0.5	3.977	0.000	0.000
151	  A	  0.2	  0.6	3.656	0.000	0.000
152	  Q	  0.2	  0.6	3.014	0.000	0.000
153	  G	  0.1	  0.5	0.511	0.000	0.000
154	  H	  5.1	  0.3	0.133	0.000	0.000
155	  I	  5.7	  0.1	0.000	0.000	0.000
156	  E	  5.6	  0.0	0.000	0.000	0.000
157	  T	  8.3	  0.0	0.000	0.000	0.000
158	  V	  8.2	  0.1	0.000	0.000	0.000
159	  R	  8.4	  0.0	0.000	0.000	0.000
160	  E	  0.8	  0.0	0.000	0.000	0.000
161	  Y	  3.4	  0.0	0.000	0.000	0.000
162	  V	  3.6	  0.0	0.000	0.000	0.000
163	  S	  3.4	  0.2	0.000	0.000	0.000
164	  P	  0.4	  0.2	0.000	0.000	0.000
165	  Y	  1.2	  0.3	0.000	0.000	0.000
166	  H	  1.5	  0.4	0.000	0.000	0.000
167	  E	  1.5	  0.1	0.000	0.000	0.000
168	  K	  3.3	  0.1	0.000	0.000	0.000
169	  I	  4.7	  0.1	0.000	0.000	0.000
170	  K	  4.8	  0.1	0.000	0.000	0.000
171	  T	  2.1	  0.1	0.000	0.000	0.000
172	  N	  0.7	  0.4	0.000	0.000	0.000
173	  L	  0.7	  0.5	0.000	0.000	0.000
174	  S	  0.6	  0.4	8.920	0.000	0.000
175	  Q	  0.6	  0.4	8.920	0.000	0.000
176	  A	  0.5	  0.1	8.920	0.000	0.000
177	  E	  0.6	  0.1	8.920	0.000	0.000
178	  L	  0.4	  0.1	8.920	0.000	0.000
179	  R	  0.4	  0.2	8.920	0.000	0.000
180	  E	  0.1	  0.4	6.112	0.000	0.000
181	  K	  0.1	  0.5	4.194	0.000	0.000
182	  G	  0.0	  0.4	2.168	0.000	0.000
183	  A	  0.3	  0.3	0.426	0.000	0.000
184	  L	  0.3	  0.2	0.158	0.000	0.000
185	  S	  0.3	  0.1	4.842	0.000	0.000
186	  E	  1.6	  0.1	5.351	0.000	0.000
187	  Y	  4.2	  0.1	5.351	0.000	0.000
188	  Q	  4.3	  0.0	5.193	0.000	0.000
189	  A	  3.1	  0.0	5.193	0.000	0.000
190	  K	  1.1	  0.0	5.193	0.000	0.000
191	  M	  1.1	  0.0	4.584	0.000	0.000
192	  S	  1.1	  0.1	5.342	0.000	0.000
193	  Q	  0.9	  0.1	4.367	0.000	0.000
194	  Q	  1.7	  0.1	3.808	0.000	0.000
195	  L	  1.8	  0.1	2.810	0.000	0.000
196	  K	  1.7	  0.0	2.648	0.000	0.000
197	  A	  1.1	  0.0	2.291	0.000	0.000
198	  I	  1.5	  0.0	1.816	0.000	0.000
199	  K	  1.6	  0.1	1.816	0.000	0.000
200	  E	  1.2	  0.1	1.005	0.000	0.000
201	  K	  9.8	  0.1	0.835	0.000	0.000
202	  V	 10.1	  0.0	0.000	0.000	0.000
203	  T	 10.0	  0.0	0.000	0.000	0.000
204	  P	  0.6	  0.0	0.000	0.000	0.000
205	  F	  0.8	  0.0	0.000	0.000	0.000
206	  M	  0.9	  0.3	0.000	0.000	0.000
207	  E	  0.9	  0.3	0.000	0.000	0.000
208	  D	  0.1	  0.3	0.000	0.000	0.000
209	  L	  0.0	  0.3	0.000	0.000	0.000
