res	aa	Beta	Turn	Helix	Aggregation	Conc-Stab_Aggregation
01	  D	  0.0	  0.0	0.000	0.000	0.000
02	  E	  0.0	  0.0	0.000	0.000	0.000
03	  P	  0.0	  0.0	0.000	0.000	0.000
04	  Q	  0.0	  0.0	0.000	0.000	0.000
05	  E	  0.0	  0.0	0.000	0.000	0.000
06	  P	  0.0	  0.0	 -nan	0.000	0.000
07	  L	  0.0	  0.0	 -nan	0.000	0.000
08	  D	  0.0	  0.0	 -nan	0.000	0.000
09	  R	  0.0	  0.0	 -nan	0.000	0.000
10	  L	  0.0	  0.0	 -nan	0.000	0.000
11	  R	  0.0	  0.0	 -nan	0.000	0.000
12	  D	  0.0	  0.0	 -nan	0.000	0.000
13	  M	  0.0	  0.0	 -nan	0.000	0.000
14	  V	  0.0	  0.0	 -nan	0.000	0.000
15	  E	  0.0	  0.0	 -nan	0.000	0.000
16	  V	  0.0	  0.0	 -nan	0.000	0.000
17	  Y	  0.0	  0.0	 -nan	0.000	0.000
18	  L	  0.0	  0.0	 -nan	0.000	0.000
19	  E	  0.0	  0.0	 -nan	0.000	0.000
20	  T	  0.0	  0.0	 -nan	0.000	0.000
21	  V	  0.0	  0.0	 -nan	0.000	0.000
22	  K	  0.0	  0.0	 -nan	0.000	0.000
23	  A	  0.0	  0.0	 -nan	0.000	0.000
24	  S	  0.0	  0.0	 -nan	0.000	0.000
25	  S	  0.0	  0.0	 -nan	0.000	0.000
26	  K	  0.0	  0.0	 -nan	0.000	0.000
27	  D	  0.0	  0.0	 -nan	0.000	0.000
28	  A	  0.0	  0.0	 -nan	0.000	0.000
29	  I	  0.0	  0.0	 -nan	0.000	0.000
30	  A	  0.0	  0.0	 -nan	0.000	0.000
31	  Q	  0.0	  0.0	 -nan	0.000	0.000
32	  F	  0.0	  0.0	 -nan	0.000	0.000
33	  E	  0.0	  0.0	 -nan	0.000	0.000
34	  A	  0.0	  0.0	 -nan	0.000	0.000
35	  S	  0.0	  0.0	 -nan	0.000	0.000
36	  A	  0.0	  0.0	 -nan	0.000	0.000
37	  V	  0.0	  0.0	 -nan	0.000	0.000
38	  G	  0.0	  0.0	 -nan	0.000	0.000
39	  K	  0.0	  0.0	 -nan	0.000	0.000
40	  Q	  0.0	  0.0	 -nan	0.000	0.000
41	  L	  0.0	  0.0	0.000	0.000	0.000
42	  D	  0.0	  0.0	0.000	0.000	0.000
43	  L	  1.5	  0.0	0.000	0.000	0.000
44	  K	  1.9	  0.0	0.000	0.000	0.000
45	  L	  2.0	  0.4	0.000	0.000	0.000
46	  A	  0.4	  0.5	0.000	0.000	0.000
47	  D	  0.0	  0.5	0.000	0.000	0.000
48	  N	  0.3	  1.1	2.672	0.000	0.000
49	  L	  0.5	  0.8	2.672	0.000	0.000
50	  D	  0.5	  0.7	6.916	0.000	0.000
51	  T	  5.4	  0.7	8.888	0.000	0.000
52	  L	  5.8	  0.1	9.110	0.000	0.000
53	  S	  5.8	  0.0	15.661	0.000	0.000
54	  A	  0.8	  0.0	15.291	0.000	0.000
55	  A	  0.2	  0.0	15.164	0.000	0.000
56	  A	  0.1	  0.0	14.672	0.000	0.000
57	  A	  0.4	  0.0	14.067	0.000	0.000
58	  K	  1.0	  0.0	13.186	0.000	0.000
59	  L	  1.0	  0.1	5.878	0.000	0.000
60	  R	  0.8	  0.5	3.448	0.000	0.000
61	  E	  0.1	  0.5	2.025	0.000	0.000
62	  D	  0.1	  0.5	0.916	0.000	0.000
63	  M	  0.1	  0.4	0.271	0.000	0.000
64	  A	  0.1	  0.2	0.131	0.000	0.000
65	  P	  0.1	  0.2	0.131	0.000	0.000
66	  Y	  1.5	  0.2	0.131	0.000	0.000
67	  Y	  2.3	  0.3	0.258	0.000	0.000
68	  K	  2.4	  0.1	0.258	0.000	0.000
69	  E	  1.3	  0.1	0.523	0.000	0.000
70	  M	  0.5	  0.1	0.523	0.000	0.000
71	  R	  0.5	  0.0	0.681	0.000	0.000
72	  E	  0.3	  0.0	0.681	0.000	0.000
73	  M	  1.0	  0.0	0.681	0.000	0.000
74	  W	  1.4	  0.0	0.681	0.000	0.000
75	  L	  1.3	  0.1	0.681	0.000	0.000
76	  K	  0.9	  0.2	1.307	0.000	0.000
77	  D	  0.6	  0.2	3.647	0.000	0.000
78	  T	  0.5	  0.2	13.859	0.000	0.000
79	  E	  0.2	  0.1	14.123	0.000	0.000
80	  A	  0.4	  0.1	14.123	0.000	0.000
81	  L	  0.6	  0.1	14.123	0.000	0.000
82	  R	  0.8	  0.1	14.123	0.000	0.000
83	  Q	  0.6	  0.1	13.710	0.000	0.000
84	  E	  0.7	  0.1	7.933	0.000	0.000
85	  L	  0.7	  0.1	5.870	0.000	0.000
86	  S	  1.2	  1.4	5.350	0.000	0.000
87	  K	  0.8	  1.4	3.476	0.000	0.000
88	  D	  0.8	  1.4	3.127	0.000	0.000
89	  L	  0.3	  1.4	2.891	0.000	0.000
90	  E	  0.3	  0.1	3.144	0.000	0.000
91	  E	 13.9	  0.0	3.144	0.000	0.000
92	  V	 15.3	  0.1	3.017	0.000	0.000
93	  K	 15.6	  0.1	3.017	0.000	0.000
94	  E	  2.0	  0.1	2.128	0.000	0.000
95	  K	  3.0	  0.1	1.927	0.000	0.000
96	  I	  3.2	  0.0	0.795	0.000	0.000
97	  R	  3.2	  0.0	0.795	0.000	0.000
98	  P	  0.5	  0.0	0.000	0.000	0.000
99	  F	  0.8	  0.0	0.000	0.000	0.000
100	  L	  0.8	  0.1	0.000	0.000	0.000
101	  E	  0.9	  0.1	0.000	0.000	0.000
102	  Q	  2.9	  0.1	0.000	0.000	0.000
103	  F	  5.1	  0.2	0.000	0.000	0.000
104	  S	  5.2	  0.1	0.000	0.000	0.000
105	  Q	  3.3	  0.1	0.000	0.000	0.000
106	  K	  3.2	  0.1	0.000	0.000	0.000
107	  W	  3.7	  0.0	0.000	0.000	0.000
108	  T	  3.1	  0.1	0.000	0.000	0.000
109	  E	  0.8	  0.1	0.000	0.000	0.000
110	  E	  2.3	  0.1	0.149	0.000	0.000
111	  V	  3.6	  0.1	0.556	0.000	0.000
112	  E	  3.8	  0.1	0.556	0.000	0.000
113	  Q	  3.7	  0.1	0.556	0.000	0.000
114	  Y	  4.8	  0.1	0.556	0.000	0.000
115	  R	  5.1	  0.1	0.556	0.000	0.000
116	  Q	  3.2	  0.1	0.556	0.000	0.000
117	  R	  1.2	  0.1	0.134	0.000	0.000
118	  L	  0.7	  0.1	0.000	0.000	0.000
119	  A	  0.4	  0.0	0.000	0.000	0.000
120	  P	  0.1	  0.0	0.000	0.000	0.000
121	  V	  1.7	  0.0	0.000	0.000	0.000
122	  A	  1.8	  0.0	0.000	0.000	0.000
123	  Q	  1.9	  0.1	0.000	0.000	0.000
124	  E	  1.6	  0.1	0.000	0.000	0.000
125	  L	  1.6	  0.1	0.000	0.000	0.000
126	  K	  1.6	  0.1	0.281	0.000	0.000
127	  E	  0.9	  0.1	0.281	0.000	0.000
128	  L	  1.3	  0.1	0.281	0.000	0.000
129	  T	  2.6	  0.1	0.667	0.000	0.000
130	  K	  2.2	  0.1	0.667	0.000	0.000
131	  Q	  2.4	  0.1	0.667	0.000	0.000
132	  K	  8.5	  0.1	0.387	0.000	0.000
133	  V	 12.7	  0.0	0.387	0.000	0.000
134	  E	 12.2	  0.0	0.387	0.000	0.000
135	  L	  5.0	  0.0	0.387	0.000	0.000
136	  M	  0.3	  0.1	0.387	0.000	0.000
137	  Q	  0.4	  0.1	0.217	0.000	0.000
138	  E	  0.3	  0.1	0.000	0.000	0.000
139	  K	  3.7	  0.1	0.000	0.000	0.000
140	  L	  3.8	  0.1	0.000	0.000	0.000
141	  T	  3.7	  0.0	0.166	0.000	0.000
142	  P	  0.2	  0.0	0.166	0.000	0.000
143	  V	  0.7	  0.0	1.308	0.000	0.000
144	  A	  0.7	  0.1	4.396	0.000	0.000
145	  E	  0.8	  0.1	7.817	0.000	0.000
146	  E	  0.1	  0.1	10.169	0.000	0.000
147	  A	  0.1	  0.2	10.353	0.000	0.000
148	  R	  0.1	  0.2	10.483	0.000	0.000
149	  D	  0.1	  0.3	11.745	0.000	0.000
150	  R	  0.6	  0.3	11.745	0.000	0.000
151	  L	  1.0	  0.1	11.877	0.000	0.000
152	  R	  1.1	  0.1	11.074	0.000	0.000
153	  A	  0.9	  0.0	10.094	0.000	0.000
154	  H	  2.4	  0.0	11.603	0.000	0.000
155	  V	  2.7	  0.0	12.324	0.000	0.000
156	  E	  2.4	  0.0	14.741	0.000	0.000
157	  E	  0.8	  0.0	14.887	0.000	0.000
158	  L	  0.5	  0.1	14.887	0.000	0.000
159	  R	  1.0	  0.2	14.887	0.000	0.000
160	  K	  0.9	  0.2	14.887	0.000	0.000
161	  N	  0.7	  0.2	12.780	0.000	0.000
162	  L	  0.2	  0.2	5.194	0.000	0.000
163	  A	  0.1	  0.0	3.394	0.000	0.000
164	  P	  0.0	  0.0	0.000	0.000	0.000
165	  F	  0.2	  0.2	0.000	0.000	0.000
166	  S	  0.2	  0.2	12.331	0.000	0.000
167	  D	  0.2	  0.3	19.098	0.000	0.000
168	  E	  0.2	  0.3	20.732	0.000	0.000
169	  L	  0.5	  0.2	20.732	0.000	0.000
170	  R	  0.8	  0.2	20.732	0.000	0.000
171	  Q	  0.8	  0.1	20.732	0.000	0.000
172	  K	  1.0	  0.1	19.190	0.000	0.000
173	  L	  0.9	  0.1	16.512	0.000	0.000
174	  S	  0.8	  0.1	15.519	0.000	0.000
175	  Q	  0.7	  0.1	11.444	0.000	0.000
176	  K	  2.0	  0.1	6.103	0.000	0.000
177	  L	  1.8	  0.1	4.049	0.000	0.000
178	  E	  1.5	  0.1	4.076	0.000	0.000
179	  E	  1.1	  0.0	3.799	0.000	0.000
180	  I	  1.5	  0.1	3.459	0.000	0.000
181	  R	  1.5	  0.2	3.459	0.000	0.000
182	  E	  0.4	  0.5	2.492	0.000	0.000
183	  K	  0.1	  0.5	2.118	0.000	0.000
184	  G	  0.1	  0.5	1.133	0.000	0.000
185	  I	  0.1	  0.3	0.000	0.000	0.000
186	  P	  0.0	  0.0	0.000	0.000	0.000
187	  Q	  0.1	  0.0	0.000	0.000	0.000
188	  A	  0.1	  0.0	0.000	0.000	0.000
189	  A	  0.2	  0.0	0.000	0.000	0.000
190	  E	  1.7	  0.0	0.000	0.000	0.000
191	  Y	  4.3	  0.0	0.000	0.000	0.000
192	  Q	  4.4	  0.0	0.000	0.000	0.000
193	  A	  3.2	  0.0	0.000	0.000	0.000
194	  K	  2.7	  0.0	0.000	0.000	0.000
195	  V	  6.7	  0.0	0.000	0.000	0.000
196	  V	  7.7	  0.0	0.000	0.000	0.000
197	  E	  5.7	  0.0	0.000	0.000	0.000
198	  Q	  2.2	  0.0	0.000	0.000	0.000
199	  L	  0.9	  0.2	0.000	0.000	0.000
200	  S	  0.9	  0.2	0.000	0.000	0.000
201	  N	  0.8	  0.2	0.270	0.000	0.000
202	  L	  0.8	  0.2	0.270	0.000	0.000
203	  R	  0.8	  0.1	0.270	0.000	0.000
204	  E	  0.2	  0.1	0.270	0.000	0.000
205	  K	  2.7	  0.1	0.270	0.000	0.000
206	  V	  3.0	  0.0	0.270	0.000	0.000
207	  S	  2.9	  0.2	0.270	0.000	0.000
208	  P	  0.4	  0.2	0.000	0.000	0.000
209	  L	  0.3	  0.2	0.000	0.000	0.000
210	  V	  1.6	  0.4	0.000	0.000	0.000
211	  Q	  2.2	  0.2	0.000	0.000	0.000
212	  D	  2.3	  0.2	0.156	0.000	0.000
213	  F	  1.9	  0.3	0.156	0.000	0.000
214	  K	  1.5	  0.1	0.156	0.000	0.000
215	  E	  1.1	  0.1	0.156	0.000	0.000
216	  R	  1.6	  0.1	0.156	0.000	0.000
217	  L	  1.5	  0.1	0.156	0.000	0.000
218	  T	  1.5	  0.2	0.219	0.000	0.000
219	  P	  0.2	  0.2	0.219	0.000	0.000
220	  Y	  0.4	  0.2	0.219	0.000	0.000
221	  A	  0.4	  0.3	0.219	0.000	0.000
222	  E	  0.5	  0.1	0.219	0.000	0.000
223	  T	  3.5	  0.1	0.953	0.000	0.000
224	  L	  3.6	  0.1	0.953	0.000	0.000
225	  K	  3.9	  0.1	0.953	0.000	0.000
226	  T	  1.4	  0.1	0.734	0.000	0.000
227	  R	  2.1	  0.1	0.734	0.000	0.000
228	  F	  3.3	  0.1	0.734	12.482	12.482
229	  I	  7.1	  0.0	0.000	12.482	12.482
230	  N	  6.3	  0.0	0.194	12.482	12.482
231	  F	  5.8	  0.1	0.336	12.482	12.482
232	  L	  1.1	  0.1	0.336	12.482	12.482
233	  D	  1.0	  0.2	3.752	0.000	0.000
234	  E	  0.4	  0.2	3.752	0.000	0.000
235	  L	  0.6	  0.2	3.752	0.000	0.000
236	  Q	  0.8	  0.3	3.752	0.000	0.000
237	  K	  0.7	  0.2	3.752	0.000	0.000
238	  N	  0.9	  0.2	3.752	0.000	0.000
239	  V	  0.7	  0.1	0.203	0.000	0.000
240	  A	  0.3	  0.0	0.203	0.000	0.000
