res	aa	Beta	Turn	Helix	Aggregation	Conc-Stab_Aggregation
01	  A	  0.0	  0.3	0.000	0.000	0.000
02	  P	  0.0	  0.4	0.000	0.000	0.000
03	  S	  0.2	  0.5	0.000	0.000	0.000
04	  Q	  1.3	  0.5	0.000	0.000	0.000
05	  L	  1.9	  0.1	0.000	0.000	0.000
06	  Q	  2.3	  0.1	0.000	0.000	0.000
07	  H	  7.8	  0.0	0.000	0.000	0.000
08	  I	  8.7	  0.0	0.000	0.000	0.000
09	  R	  8.2	  0.0	0.000	0.000	0.000
10	  A	  1.7	  0.0	0.000	0.000	0.000
11	  A	  0.4	  0.0	0.000	0.000	0.000
12	  M	  1.8	  0.0	0.000	0.000	0.000
13	  D	  2.0	  0.0	0.689	0.000	0.000
14	  M	  2.8	  0.0	0.689	5.330	5.330
15	  Y	  2.5	  0.0	0.689	9.590	9.590
16	  L	  2.4	  0.0	0.689	9.590	9.590
17	  V	  6.2	  0.0	0.689	9.590	9.590
18	  Q	  6.1	  0.0	0.689	9.590	9.590
19	  V	  7.4	  0.1	0.318	8.653	8.653
20	  K	  2.9	  0.2	0.318	0.000	0.000
21	  D	  1.6	  0.3	0.000	0.000	0.000
22	  S	  0.5	  0.4	0.160	0.000	0.000
23	  A	  0.6	  0.3	0.160	0.000	0.000
24	  H	  1.0	  0.3	0.160	0.000	0.000
25	  K	  0.7	  0.2	0.160	0.000	0.000
26	  A	  0.7	  0.1	0.160	0.000	0.000
27	  L	  0.5	  0.1	0.160	0.000	0.000
28	  D	  0.4	  0.1	0.000	0.000	0.000
29	  Q	  1.0	  0.4	0.000	0.000	0.000
30	  L	  0.9	  0.6	0.000	0.000	0.000
31	  D	  0.9	  0.7	0.000	0.000	0.000
32	  G	  0.1	  0.6	0.000	0.000	0.000
33	  T	  0.3	  0.4	0.000	0.000	0.000
34	  E	  1.9	  0.1	0.000	0.000	0.000
35	  Y	  2.2	  0.6	0.000	0.000	0.000
36	  S	  1.9	  0.6	0.000	0.000	0.000
37	  D	  0.5	  0.6	0.000	0.000	0.000
38	  L	  2.1	  0.6	0.000	0.000	0.000
39	  K	  3.7	  0.1	0.000	0.000	0.000
40	  V	  6.2	  0.1	0.000	0.000	0.000
41	  D	  4.4	  0.1	1.214	0.000	0.000
42	  M	  3.0	  0.1	1.214	0.000	0.000
43	  A	  0.4	  0.0	1.214	0.000	0.000
44	  S	  0.5	  0.1	1.214	0.000	0.000
45	  R	  0.7	  0.1	1.214	0.000	0.000
46	  L	  0.5	  0.3	1.214	0.000	0.000
47	  E	  0.4	  0.3	0.890	0.000	0.000
48	  G	  0.1	  0.3	0.908	0.325	0.325
49	  V	  3.0	  0.3	0.518	3.961	3.961
50	  F	  7.2	  0.0	0.518	3.961	3.961
51	  T	  8.0	  0.0	1.551	3.961	3.961
52	  Q	  6.9	  0.0	1.551	3.961	3.961
53	  I	  4.3	  0.0	1.551	3.961	3.961
54	  K	  3.6	  0.0	1.551	0.000	0.000
55	  A	  1.9	  0.0	1.418	0.000	0.000
56	  L	  0.7	  0.0	1.418	0.000	0.000
57	  Q	  0.8	  0.0	0.999	0.000	0.000
58	  A	  1.2	  0.0	0.396	0.000	0.000
59	  S	  1.2	  0.0	0.211	0.000	0.000
60	  V	  1.0	  0.0	0.000	0.000	0.000
61	  G	  0.4	  0.0	0.000	0.000	0.000
62	  P	  0.0	  0.0	0.000	0.000	0.000
63	  V	  1.8	  0.1	0.000	0.000	0.000
64	  T	  1.8	  0.3	0.000	0.000	0.000
65	  D	  1.8	  0.3	0.000	0.000	0.000
66	  G	  0.0	  0.3	0.000	0.000	0.000
67	  V	  1.2	  0.2	0.000	0.342	0.342
68	  V	  1.3	  0.2	0.000	0.342	0.342
69	  G	  1.3	  0.2	0.000	0.342	0.342
70	  T	  6.0	  0.2	0.000	0.342	0.342
71	  L	  5.9	  0.2	0.000	0.342	0.342
72	  S	  6.0	  0.1	0.000	0.000	0.000
73	  E	  0.3	  0.1	0.000	0.000	0.000
74	  T	  3.3	  0.2	0.000	0.000	0.000
75	  T	  3.3	  0.4	0.179	0.000	0.000
76	  S	  3.2	  0.4	0.179	0.000	0.000
77	  G	  0.3	  0.3	0.179	0.000	0.000
78	  I	  1.7	  0.3	0.179	0.000	0.000
79	  R	  1.8	  0.1	0.179	0.000	0.000
80	  A	  2.2	  0.0	0.179	0.000	0.000
81	  S	  1.1	  0.0	0.179	0.000	0.000
82	  I	  2.0	  0.0	0.000	0.000	0.000
83	  M	  1.5	  0.2	0.000	0.000	0.000
84	  A	  1.3	  0.2	0.000	0.000	0.000
85	  D	  1.0	  0.8	0.265	0.000	0.000
86	  I	  1.9	  0.9	0.265	0.000	0.000
87	  D	  1.8	  0.7	0.641	0.000	0.000
88	  S	  1.5	  0.7	0.641	0.000	0.000
89	  L	  2.5	  0.2	0.641	0.000	0.000
90	  K	  3.8	  0.1	0.641	0.000	0.000
91	  I	  6.5	  0.0	0.377	0.000	0.000
92	  D	  5.3	  0.0	0.377	0.000	0.000
93	  L	  4.0	  0.0	0.192	0.000	0.000
94	  E	  1.0	  0.0	0.631	0.000	0.000
95	  P	  0.1	  0.0	0.439	0.000	0.000
96	  K	  0.6	  0.1	0.439	0.000	0.000
97	  R	  1.7	  0.1	0.439	0.000	0.000
98	  V	  5.5	  0.1	0.439	0.182	0.182
99	  A	  5.1	  0.0	1.318	0.182	0.182
100	  L	  4.1	  0.0	1.318	0.182	0.182
101	  K	  0.8	  0.0	1.318	0.182	0.182
102	  E	  0.7	  0.0	1.035	0.182	0.182
103	  I	  1.6	  0.0	1.035	0.182	0.182
104	  I	  1.6	  0.0	1.035	0.182	0.182
105	  D	  1.4	  0.1	1.035	0.000	0.000
106	  R	  3.1	  0.1	1.035	0.000	0.000
107	  H	  7.9	  0.1	0.808	0.000	0.000
108	  I	  8.3	  0.4	0.000	0.000	0.000
109	  E	  5.7	  0.3	0.000	0.000	0.000
110	  G	  0.4	  0.3	1.198	0.000	0.000
111	  Y	  0.6	  0.4	1.198	0.000	0.000
112	  R	  0.9	  0.1	1.198	0.000	0.000
113	  T	  1.3	  0.1	1.198	0.000	0.000
114	  R	  2.0	  0.1	1.198	0.000	0.000
115	  M	  1.9	  0.0	1.198	0.000	0.000
116	  E	  1.3	  0.0	0.495	0.000	0.000
117	  P	  0.1	  0.0	0.000	0.000	0.000
118	  I	  1.5	  0.0	0.000	0.000	0.000
119	  I	  1.6	  0.1	0.000	0.000	0.000
120	  Q	  2.0	  0.1	0.000	0.000	0.000
121	  E	  2.1	  0.1	0.000	0.000	0.000
122	  Y	  3.0	  0.1	0.000	0.000	0.000
123	  S	  3.0	  0.1	0.000	0.000	0.000
124	  T	  2.1	  0.2	0.000	0.000	0.000
125	  K	  1.3	  0.2	0.000	0.000	0.000
126	  H	  1.1	  0.1	0.000	0.000	0.000
127	  A	  0.4	  0.1	0.000	0.000	0.000
128	  A	  0.4	  0.0	0.000	0.000	0.000
129	  E	  0.3	  0.0	0.000	0.000	0.000
130	  M	  0.5	  0.1	0.000	0.000	0.000
131	  E	  0.4	  0.1	0.000	0.000	0.000
132	  S	  2.3	  0.1	3.677	0.000	0.000
133	  L	  2.3	  0.2	3.677	0.000	0.000
134	  R	  2.5	  0.1	3.677	0.000	0.000
135	  T	  0.9	  0.1	3.677	0.000	0.000
136	  R	  1.8	  0.1	3.677	0.000	0.000
137	  M	  1.7	  0.0	3.677	0.000	0.000
138	  E	  1.2	  0.0	1.034	0.000	0.000
139	  P	  0.1	  0.0	0.000	0.000	0.000
140	  I	  5.0	  0.0	0.000	0.000	0.000
141	  V	  5.8	  0.0	0.180	0.000	0.000
142	  A	  5.9	  0.0	0.180	0.000	0.000
143	  E	  1.3	  0.0	0.180	0.000	0.000
144	  M	  1.2	  0.1	0.180	0.000	0.000
145	  R	  1.4	  0.1	0.180	0.000	0.000
146	  S	  1.5	  0.1	0.180	0.000	0.000
147	  K	  1.6	  0.1	0.180	0.000	0.000
148	  I	  2.0	  0.1	0.000	0.000	0.000
149	  S	  1.7	  1.2	0.000	0.000	0.000
150	  S	  0.8	  1.2	0.000	0.000	0.000
151	  N	  3.4	  1.2	0.000	0.000	0.000
152	  I	  3.5	  1.2	0.000	0.000	0.000
153	  E	  3.5	  0.1	0.000	0.000	0.000
154	  E	  0.8	  0.1	0.000	0.000	0.000
155	  T	  2.3	  0.2	0.000	0.000	0.000
156	  K	  2.7	  0.1	0.000	0.000	0.000
157	  T	  2.7	  0.1	0.000	0.000	0.000
158	  A	  1.8	  0.1	0.000	0.000	0.000
159	  M	  1.5	  0.0	0.000	0.000	0.000
160	  M	  1.0	  0.0	0.000	0.000	0.000
161	  P	  0.2	  0.0	0.528	0.000	0.000
162	  I	  1.0	  0.0	0.528	0.000	0.000
163	  V	  1.6	  0.0	1.204	0.000	0.000
164	  D	  1.7	  0.0	6.658	0.000	0.000
165	  A	  1.3	  0.0	6.658	0.000	0.000
166	  V	  2.0	  0.0	6.658	0.000	0.000
167	  R	  2.0	  0.0	6.658	0.000	0.000
168	  A	  1.7	  0.0	6.658	0.000	0.000
169	  K	  0.9	  0.0	6.658	0.000	0.000
170	  L	  0.8	  0.1	4.039	0.000	0.000
171	  S	  0.7	  0.2	3.923	0.000	0.000
172	  E	  0.2	  0.1	2.511	0.000	0.000
173	  R	  0.6	  0.1	1.753	0.000	0.000
174	  L	  0.5	  0.2	1.248	0.000	0.000
175	  E	  0.4	  0.1	1.248	0.000	0.000
176	  E	  1.4	  0.1	1.248	0.000	0.000
177	  L	  1.6	  0.1	1.101	0.000	0.000
178	  K	  2.5	  0.1	1.101	0.000	0.000
179	  T	  4.3	  0.0	0.000	0.000	0.000
180	  I	  6.1	  0.0	0.000	0.000	0.000
181	  A	  5.2	  0.0	0.000	0.000	0.000
182	  T	  2.2	  0.0	0.000	0.000	0.000
183	  P	  0.1	  0.0	0.000	0.000	0.000
184	  Y	  2.3	  0.0	0.000	0.000	0.000
185	  V	  2.9	  0.1	0.000	0.000	0.000
186	  E	  2.9	  0.1	0.000	0.000	0.000
187	  E	  3.2	  0.1	0.000	0.000	0.000
188	  Y	  3.1	  0.2	0.000	0.000	0.000
189	  N	  3.1	  0.1	1.556	0.000	0.000
190	  D	  0.8	  0.1	2.093	0.000	0.000
191	  Q	  2.3	  0.1	2.093	0.000	0.000
192	  I	  3.6	  0.1	2.093	0.000	0.000
193	  K	  3.5	  0.1	2.093	0.000	0.000
194	  Q	  2.0	  0.0	2.093	0.000	0.000
195	  A	  0.8	  0.0	1.618	0.000	0.000
196	  Y	  1.2	  0.0	1.025	0.000	0.000
197	  A	  0.8	  0.0	0.000	0.000	0.000
198	  H	  0.8	  0.1	0.000	0.000	0.000
199	  S	  1.9	  0.6	0.000	0.000	0.000
200	  Q	  2.1	  0.6	0.000	0.000	0.000
201	  S	  4.8	  1.2	0.840	0.000	0.000
202	  M	  3.4	  1.2	0.840	0.000	0.000
203	  D	  3.3	  0.7	2.985	0.000	0.000
204	  T	  2.5	  0.7	3.263	0.000	0.000
205	  Q	  2.5	  0.1	3.263	0.000	0.000
206	  K	  4.4	  0.1	3.263	0.000	0.000
207	  L	  2.7	  0.1	2.904	0.000	0.000
208	  T	  2.5	  0.1	2.904	0.000	0.000
209	  D	  0.8	  0.1	3.464	0.000	0.000
210	  L	  0.7	  0.1	2.560	0.000	0.000
211	  R	  0.8	  0.1	1.902	0.000	0.000
212	  T	  2.4	  0.1	0.714	0.000	0.000
213	  K	  7.5	  0.1	0.714	0.000	0.000
214	  V	  7.8	  0.0	0.559	0.000	0.000
215	  A	  5.9	  0.0	0.559	0.000	0.000
216	  P	  0.5	  0.0	0.000	0.000	0.000
217	  L	  0.2	  0.0	0.000	0.000	0.000
218	  V	  1.1	  0.1	0.865	0.000	0.000
219	  E	  1.1	  0.1	2.294	0.000	0.000
220	  D	  2.2	  0.1	12.250	0.000	0.000
221	  V	  3.5	  0.1	12.250	0.000	0.000
222	  K	  3.7	  0.0	12.250	0.000	0.000
223	  A	  2.7	  0.0	12.250	0.000	0.000
224	  K	  1.1	  0.0	12.250	0.000	0.000
225	  L	  1.1	  0.0	11.763	2.067	2.067
226	  Q	  1.0	  0.0	10.596	2.067	2.067
227	  A	  0.7	  0.0	5.732	2.067	2.067
228	  I	  1.1	  0.0	3.954	2.067	2.067
229	  F	  1.5	  0.1	3.954	2.067	2.067
230	  E	  1.3	  0.1	1.340	0.000	0.000
231	  T	  5.1	  0.1	0.710	3.017	3.017
232	  I	  8.9	  0.1	0.710	8.197	8.197
233	  V	 11.1	  0.2	0.710	8.197	8.197
234	  A	  7.2	  0.2	0.710	8.197	8.197
235	  S	 11.5	  0.5	0.576	8.197	8.197
236	  Y	 10.0	  0.5	0.335	8.054	8.054
237	  N	  9.4	  0.3	0.000	0.000	0.000
238	  K	  0.8	  0.3	0.000	0.000	0.000
239	  Q	  0.0	  0.0	0.000	0.000	0.000
