res	aa	Beta	Turn	Helix	Aggregation	Conc-Stab_Aggregation
01	  D	  0.0	  0.0	0.000	0.000	0.000
02	  E	  0.0	  0.0	0.000	0.000	0.000
03	  P	  0.0	  0.1	0.000	0.000	0.000
04	  Q	  0.1	  0.1	0.000	0.000	0.000
05	  S	  0.4	  0.1	0.183	0.000	0.000
06	  S	  6.3	  0.6	0.183	0.000	0.000
07	  W	  6.4	  0.5	0.183	0.000	0.000
08	  D	  6.1	  0.5	0.183	0.000	0.000
09	  R	  0.9	  0.5	0.183	0.000	0.000
10	  F	  1.2	  0.3	0.183	0.706	0.706
11	  K	  1.2	  0.3	0.000	0.844	0.844
12	  D	  0.7	  0.3	0.855	0.844	0.844
13	  F	  0.5	  0.4	0.855	61.176	61.176
14	  A	  1.1	  0.2	0.855	62.007	62.007
15	  T	  7.2	  0.2	0.855	62.007	62.007
16	  V	 12.9	  0.2	0.855	62.007	62.007
17	  Y	 13.5	  0.0	0.855	62.007	62.007
18	  V	  8.3	  0.1	0.316	57.087	57.087
19	  D	  2.2	  0.1	0.946	0.489	0.489
20	  A	  1.2	  0.1	0.946	0.489	0.489
21	  I	  1.4	  0.0	0.946	0.489	0.489
22	  K	  1.4	  0.4	0.946	0.489	0.489
23	  E	  0.9	  0.5	0.751	0.000	0.000
24	  S	  0.2	  0.9	0.751	0.000	0.000
25	  G	  0.1	  1.2	0.132	0.000	0.000
26	  R	  0.4	  0.9	0.000	0.000	0.000
27	  D	  0.7	  0.7	0.000	0.000	0.000
28	  Y	  2.4	  0.3	0.000	0.000	0.000
29	  V	  4.0	  0.1	0.000	0.000	0.000
30	  N	  4.8	  0.1	0.420	0.000	0.000
31	  Q	 10.2	  0.1	0.420	0.000	0.000
32	  F	 10.8	  0.0	0.420	0.000	0.000
33	  E	  9.7	  0.0	0.420	0.000	0.000
34	  A	  2.8	  0.1	0.420	0.000	0.000
35	  S	  0.5	  0.1	0.420	0.000	0.000
36	  T	  0.5	  0.3	0.666	0.000	0.000
37	  L	  0.3	  0.3	0.666	0.000	0.000
38	  G	  0.2	  0.4	0.840	0.000	0.000
39	  K	  0.2	  0.3	0.616	0.000	0.000
40	  Q	  1.1	  0.2	0.616	0.000	0.000
41	  L	  2.8	  0.1	0.616	0.000	0.000
42	  N	  3.0	  0.4	1.058	0.000	0.000
43	  L	  3.8	  0.4	0.898	0.000	0.000
44	  N	  2.1	  0.4	0.898	0.000	0.000
45	  L	  1.8	  0.4	0.442	0.000	0.000
46	  L	  0.2	  0.5	0.442	0.000	0.000
47	  E	  0.3	  0.5	0.442	0.000	0.000
48	  N	  0.8	  1.1	0.000	0.000	0.000
49	  W	  1.3	  1.3	0.000	0.000	0.000
50	  D	  1.2	  1.2	0.000	0.000	0.000
51	  S	  0.8	  1.2	1.492	0.000	0.000
52	  L	  0.2	  0.6	1.492	0.000	0.000
53	  G	  0.2	  0.5	1.492	0.000	0.000
54	  T	  0.6	  0.1	1.492	0.000	0.000
55	  R	  1.4	  0.1	1.492	0.000	0.000
56	  M	  1.9	  0.1	1.492	0.000	0.000
57	  T	  1.6	  0.1	1.492	0.000	0.000
58	  N	  1.4	  0.1	2.251	0.000	0.000
59	  L	  1.0	  0.1	1.902	0.000	0.000
60	  R	  0.8	  0.1	1.255	0.000	0.000
61	  E	  0.1	  0.1	0.910	0.000	0.000
62	  Q	  0.1	  0.1	0.760	0.000	0.000
63	  L	  0.1	  0.1	0.760	0.000	0.000
64	  G	  0.1	  0.1	0.608	0.000	0.000
65	  P	  0.0	  0.0	0.000	0.000	0.000
66	  V	  4.1	  0.0	0.000	0.000	0.000
67	  T	  4.6	  0.1	0.000	0.000	0.000
68	  Q	  5.0	  0.1	0.000	0.000	0.000
69	  E	  1.4	  0.1	0.000	0.000	0.000
70	  F	  2.1	  0.1	0.000	0.000	0.000
71	  W	  2.0	  0.2	0.000	0.000	0.000
72	  D	  1.5	  0.3	0.485	0.000	0.000
73	  K	  2.1	  0.3	0.485	0.000	0.000
74	  L	  1.9	  0.2	0.485	0.000	0.000
75	  E	  2.0	  0.2	0.485	0.000	0.000
76	  K	  0.5	  0.1	0.710	0.000	0.000
77	  E	  0.4	  0.1	0.852	0.000	0.000
78	  T	  0.6	  0.1	5.903	0.000	0.000
79	  E	  0.9	  0.1	5.903	0.000	0.000
80	  V	  3.0	  0.0	6.059	0.000	0.000
81	  L	  2.9	  0.0	6.196	0.000	0.000
82	  R	  2.6	  0.1	6.196	0.000	0.000
83	  Q	  0.7	  0.1	6.196	0.000	0.000
84	  E	  1.3	  0.1	3.274	0.000	0.000
85	  L	  1.1	  0.1	2.566	0.000	0.000
86	  N	  1.1	  0.9	2.446	0.000	0.000
87	  K	  0.2	  0.9	1.697	0.000	0.000
88	  D	  0.2	  0.9	3.731	0.000	0.000
89	  L	  0.2	  0.9	3.546	0.000	0.000
90	  Q	  0.5	  0.0	3.546	0.000	0.000
91	  E	 14.1	  0.0	3.546	0.000	0.000
92	  V	 16.0	  0.1	3.546	0.000	0.000
93	  K	 15.9	  0.0	3.546	0.000	0.000
94	  Q	  3.0	  0.0	2.578	0.000	0.000
95	  K	  3.7	  0.0	2.012	0.000	0.000
96	  V	  3.8	  0.0	0.687	0.000	0.000
97	  Q	  3.2	  0.0	0.687	0.000	0.000
98	  P	  0.4	  0.0	0.000	0.000	0.000
99	  Y	  0.9	  0.1	0.000	0.000	0.000
100	  L	  0.9	  0.4	0.000	0.000	0.000
101	  D	  1.0	  0.4	4.716	0.000	0.000
102	  D	  0.7	  0.4	15.765	0.000	0.000
103	  F	  2.4	  0.3	15.765	0.000	0.000
104	  Q	  2.5	  0.0	15.765	0.000	0.000
105	  K	  2.0	  0.0	15.765	0.000	0.000
106	  K	  0.7	  0.0	15.765	0.000	0.000
107	  W	  1.1	  0.0	15.129	0.000	0.000
108	  H	  1.1	  0.1	14.327	0.000	0.000
109	  E	  0.7	  0.1	12.587	0.000	0.000
110	  E	  2.1	  0.1	11.922	0.000	0.000
111	  V	  3.5	  0.2	11.279	0.000	0.000
112	  E	  3.7	  0.1	11.279	0.000	0.000
113	  R	  2.8	  0.1	10.851	0.000	0.000
114	  Y	  3.3	  0.1	10.339	0.000	0.000
115	  R	  3.5	  0.1	4.216	0.000	0.000
116	  Q	  3.0	  0.1	3.258	0.000	0.000
117	  H	  6.1	  0.1	0.866	0.000	0.000
118	  V	  6.4	  0.0	0.134	0.000	0.000
119	  E	  5.8	  0.0	0.134	0.000	0.000
120	  P	  0.8	  0.0	0.000	0.000	0.000
121	  L	  0.7	  0.0	0.000	0.000	0.000
122	  S	  1.2	  2.2	0.000	0.000	0.000
123	  A	  1.2	  2.3	0.000	0.000	0.000
124	  D	  0.7	  2.3	0.638	0.000	0.000
125	  L	  0.2	  2.3	0.638	0.000	0.000
126	  Q	  0.3	  0.2	1.314	0.000	0.000
127	  E	  0.2	  0.2	1.460	0.000	0.000
128	  S	  1.0	  0.2	2.426	0.000	0.000
129	  A	  1.1	  0.2	2.426	0.000	0.000
130	  R	  1.4	  0.1	2.426	0.000	0.000
131	  Q	  0.9	  0.1	2.284	0.000	0.000
132	  K	  1.2	  0.1	1.584	0.000	0.000
133	  L	  0.9	  0.1	0.965	0.000	0.000
134	  S	  0.6	  0.1	1.232	0.000	0.000
135	  E	  0.3	  0.1	1.177	0.000	0.000
136	  L	  0.4	  0.2	0.925	0.000	0.000
137	  R	  0.4	  0.2	0.925	0.000	0.000
138	  E	  0.2	  0.1	0.740	0.000	0.000
139	  K	  1.1	  0.1	0.740	0.000	0.000
140	  L	  1.2	  0.1	0.454	0.000	0.000
141	  S	  1.1	  0.2	0.454	0.000	0.000
142	  P	  0.1	  0.2	0.000	0.000	0.000
143	  L	  0.0	  0.2	0.000	0.000	0.000
144	  A	  0.0	  0.5	0.000	0.000	0.000
145	  E	  0.0	  0.3	0.000	0.000	0.000
146	  D	  0.4	  0.3	1.870	0.000	0.000
147	  L	  0.6	  0.5	1.870	0.000	0.000
148	  R	  0.7	  0.2	1.870	0.000	0.000
149	  D	  0.2	  0.3	1.870	0.000	0.000
150	  R	  0.2	  0.3	1.870	0.000	0.000
151	  A	  0.2	  0.1	1.870	0.000	0.000
152	  R	  0.6	  0.1	1.249	0.000	0.000
153	  T	  2.4	  0.1	0.218	0.000	0.000
154	  H	  3.8	  0.2	0.218	0.000	0.000
155	  V	  4.6	  0.2	0.000	0.000	0.000
156	  D	  2.7	  0.2	0.000	0.000	0.000
157	  S	  3.3	  0.2	0.617	0.000	0.000
158	  L	  2.3	  0.2	0.617	0.000	0.000
159	  R	  2.6	  0.2	0.617	0.000	0.000
160	  T	  1.6	  0.1	0.617	0.000	0.000
161	  H	  2.2	  0.1	0.617	0.000	0.000
162	  L	  1.9	  0.0	0.617	0.000	0.000
163	  A	  0.8	  0.2	0.327	0.000	0.000
164	  P	  0.1	  0.1	0.000	0.000	0.000
165	  Y	  0.3	  0.4	0.000	0.000	0.000
166	  S	  0.3	  0.4	0.279	0.000	0.000
167	  D	  0.3	  0.3	4.455	0.000	0.000
168	  E	  0.2	  0.3	4.757	0.000	0.000
169	  M	  0.7	  0.1	4.757	0.000	0.000
170	  Y	  1.0	  0.1	4.757	0.000	0.000
171	  D	  0.8	  0.1	6.389	0.000	0.000
172	  R	  1.1	  0.1	6.389	0.000	0.000
173	  M	  1.5	  0.1	6.389	0.000	0.000
174	  V	  3.5	  0.0	6.120	0.000	0.000
175	  K	  2.9	  0.0	6.120	0.000	0.000
176	  R	  2.5	  0.0	5.122	0.000	0.000
177	  L	  0.8	  0.1	4.286	0.000	0.000
178	  E	  0.6	  0.0	3.929	0.000	0.000
179	  A	  0.8	  0.0	3.341	0.000	0.000
180	  I	  1.4	  0.1	2.777	0.000	0.000
181	  K	  1.4	  0.3	2.777	0.000	0.000
182	  E	  0.9	  0.6	1.153	0.000	0.000
183	  G	  0.0	  0.8	0.576	0.000	0.000
184	  G	  0.1	  0.8	0.000	0.000	0.000
185	  S	  3.6	  1.5	0.000	0.000	0.000
186	  A	  4.1	  1.3	0.000	0.000	0.000
187	  S	  4.1	  1.1	0.169	0.000	0.000
188	  L	  0.8	  1.7	0.169	0.000	0.000
189	  A	  0.2	  0.7	0.169	0.000	0.000
190	  D	  0.3	  0.7	0.549	0.000	0.000
191	  Y	  1.2	  0.7	0.549	0.000	0.000
192	  H	  2.2	  0.1	0.549	0.000	0.000
193	  T	  2.6	  0.1	0.380	0.000	0.000
194	  K	  1.9	  0.1	0.380	0.000	0.000
195	  A	  0.8	  0.1	0.380	0.000	0.000
196	  S	  0.3	  0.2	0.155	0.000	0.000
197	  E	  0.2	  0.2	0.000	0.000	0.000
198	  H	  1.0	  0.2	0.000	0.000	0.000
199	  L	  1.7	  0.1	0.000	0.000	0.000
200	  S	  1.9	  0.0	0.000	0.000	0.000
201	  A	  1.4	  0.0	0.000	0.000	0.000
202	  W	  1.1	  0.1	0.000	0.000	0.000
203	  S	  0.9	  0.2	0.000	0.000	0.000
204	  E	  0.6	  0.2	0.000	0.000	0.000
205	  K	  0.8	  0.2	0.000	0.000	0.000
206	  A	  0.8	  0.1	0.000	0.000	0.000
207	  K	  0.7	  0.0	0.000	0.000	0.000
208	  P	  0.0	  0.0	0.000	0.000	0.000
209	  A	  0.1	  0.0	0.000	0.000	0.000
210	  L	  0.2	  0.3	0.000	0.000	0.000
211	  E	  0.2	  0.3	0.000	0.000	0.000
212	  D	  0.5	  0.3	0.000	0.000	0.000
213	  L	  0.8	  0.4	0.000	0.000	0.000
214	  R	  0.8	  0.3	0.000	0.000	0.000
215	  Q	  0.4	  0.3	0.000	0.000	0.000
216	  G	  0.1	  0.3	0.000	0.000	0.000
217	  L	  0.1	  0.1	0.000	0.000	0.000
218	  L	  0.1	  0.0	0.000	0.000	0.000
219	  P	  0.1	  0.0	0.000	0.000	0.000
220	  V	  1.6	  0.0	0.000	0.000	0.000
221	  L	  1.7	  0.1	0.000	0.000	0.000
222	  E	  1.8	  0.1	0.000	0.000	0.000
223	  S	  2.0	  0.1	0.000	0.000	0.000
224	  V	  4.1	  0.1	0.000	0.000	0.000
225	  K	  4.6	  0.0	0.000	0.000	0.000
226	  A	  3.8	  0.0	0.000	0.920	0.920
227	  T	  5.3	  0.0	0.000	2.013	2.013
228	  F	  6.1	  0.3	0.000	2.283	2.283
229	  M	  7.2	  0.3	0.000	2.283	2.283
230	  N	  3.5	  0.3	0.000	2.283	2.283
231	  L	  2.1	  0.3	0.000	2.283	2.283
232	  L	  0.3	  0.1	0.000	1.951	1.951
233	  E	  0.4	  0.1	0.000	0.000	0.000
234	  S	  0.7	  0.2	0.000	0.000	0.000
235	  T	  1.2	  0.4	0.000	0.000	0.000
236	  K	  1.1	  0.3	0.000	0.000	0.000
237	  N	  0.9	  0.3	0.000	0.000	0.000
238	  S	  0.2	  0.3	0.000	0.000	0.000
239	  Q	  0.2	  0.0	0.000	0.000	0.000
