res	aa	Beta	Turn	Helix	Aggregation	Conc-Stab_Aggregation
01	  D	  0.0	  0.0	0.000	0.000	0.000
02	  D	  0.0	  0.4	0.543	0.000	0.000
03	  P	  0.0	  0.5	0.543	0.000	0.000
04	  Q	  0.1	  0.5	0.543	0.000	0.000
05	  T	  1.6	  0.5	0.543	0.000	0.000
06	  S	  7.2	  0.5	0.543	0.000	0.000
07	  W	  7.3	  0.5	0.543	0.000	0.000
08	  D	  5.9	  0.5	0.600	0.000	0.000
09	  R	  2.0	  0.5	0.421	0.000	0.000
10	  V	  2.6	  0.3	0.277	0.209	0.209
11	  R	  2.8	  0.2	0.277	0.209	0.209
12	  D	  1.2	  0.2	0.935	0.209	0.209
13	  F	  0.7	  0.4	0.935	61.248	61.248
14	  A	  1.1	  0.2	0.658	62.088	62.088
15	  T	  7.2	  0.2	0.658	62.088	62.088
16	  V	 12.9	  0.2	0.658	62.088	62.088
17	  Y	 13.6	  0.0	0.658	62.088	62.088
18	  V	  8.3	  0.1	0.126	57.173	57.173
19	  D	  2.1	  0.1	0.481	0.549	0.549
20	  A	  1.4	  0.1	0.481	0.549	0.549
21	  V	  2.6	  0.0	0.481	0.549	0.549
22	  K	  2.6	  0.4	0.481	0.549	0.549
23	  E	  1.9	  0.5	0.355	0.000	0.000
24	  S	  0.2	  0.9	0.355	0.000	0.000
25	  G	  0.1	  1.2	0.000	0.000	0.000
26	  R	  0.4	  0.9	0.000	0.000	0.000
27	  D	  0.7	  0.7	0.528	0.000	0.000
28	  Y	  3.5	  0.3	0.528	0.357	0.357
29	  V	  5.0	  0.0	0.528	0.357	0.357
30	  A	  4.8	  0.0	0.528	0.357	0.357
31	  Q	  3.6	  0.0	0.528	0.357	0.357
32	  L	  2.1	  0.0	0.528	0.357	0.357
33	  E	  2.0	  0.0	0.528	0.000	0.000
34	  A	  0.9	  0.1	0.528	0.000	0.000
35	  S	  0.9	  0.4	0.672	0.000	0.000
36	  L	  0.7	  0.5	0.484	0.000	0.000
37	  G	  0.2	  0.6	0.484	0.000	0.000
38	  K	  0.1	  0.5	0.322	0.000	0.000
39	  H	  1.1	  0.4	0.144	0.000	0.000
40	  L	  2.8	  0.3	0.144	0.000	0.000
41	  N	  3.0	  0.2	0.939	0.000	0.000
42	  L	  3.6	  0.2	0.796	0.000	0.000
43	  K	  2.2	  0.0	0.796	0.000	0.000
44	  L	  2.3	  0.0	0.796	0.000	0.000
45	  L	  0.8	  0.3	0.796	0.000	0.000
46	  D	  0.6	  0.3	0.796	0.000	0.000
47	  N	  0.8	  0.8	0.464	0.000	0.000
48	  W	  1.1	  0.9	0.118	0.000	0.000
49	  D	  1.0	  0.6	0.118	0.000	0.000
50	  T	  4.5	  0.6	0.118	0.201	0.201
51	  L	  4.2	  0.1	0.118	0.546	0.546
52	  S	  4.8	  0.1	0.118	0.546	0.546
53	  T	  3.7	  0.1	0.000	0.546	0.546
54	  T	 32.5	  0.1	0.000	0.546	0.546
55	  F	 33.6	  0.1	0.000	0.546	0.546
56	  S	 31.1	  0.1	0.000	0.000	0.000
57	  K	  3.4	  0.1	0.000	0.000	0.000
58	  L	  1.1	  0.2	0.000	0.000	0.000
59	  R	  1.1	  0.1	0.000	0.000	0.000
60	  S	  0.6	  0.3	0.000	0.000	0.000
61	  E	  0.2	  0.3	0.000	0.000	0.000
62	  L	  0.0	  0.3	0.000	0.000	0.000
63	  G	  0.0	  0.2	0.000	0.000	0.000
64	  P	  0.0	  0.0	0.000	0.000	0.000
65	  V	  4.1	  0.0	0.000	0.000	0.000
66	  T	  4.6	  0.1	0.000	0.000	0.000
67	  Q	  5.0	  0.1	0.000	0.000	0.000
68	  E	  1.4	  0.1	0.000	0.000	0.000
69	  F	  2.1	  0.1	0.000	0.000	0.000
70	  W	  2.0	  0.4	0.000	0.000	0.000
71	  D	  1.5	  0.5	0.000	0.000	0.000
72	  N	  0.8	  0.5	0.000	0.000	0.000
73	  L	  0.7	  0.4	0.000	0.000	0.000
74	  E	  0.9	  0.2	0.000	0.000	0.000
75	  K	  0.7	  0.2	0.000	0.000	0.000
76	  D	  0.7	  0.2	1.073	0.000	0.000
77	  T	  0.7	  0.1	4.965	0.000	0.000
78	  E	  0.4	  0.0	4.965	0.000	0.000
79	  W	  1.0	  0.0	4.965	0.000	0.000
80	  L	  1.1	  0.0	4.965	0.000	0.000
81	  R	  1.3	  0.1	4.965	0.000	0.000
82	  Q	  0.7	  0.1	4.816	0.000	0.000
83	  E	  1.5	  0.1	2.334	0.000	0.000
84	  M	  1.4	  0.0	1.386	0.000	0.000
85	  N	  1.3	  0.7	0.999	0.000	0.000
86	  K	  0.2	  0.7	0.503	0.000	0.000
87	  D	  0.2	  0.7	1.541	0.000	0.000
88	  L	  0.3	  0.7	1.541	0.333	0.333
89	  V	 21.4	  0.0	1.541	0.333	0.333
90	  E	 32.4	  0.0	1.541	0.333	0.333
91	  V	 33.4	  0.0	1.448	0.333	0.333
92	  K	 17.8	  0.0	1.448	0.333	0.333
93	  E	  1.7	  0.0	0.758	0.000	0.000
94	  K	  3.0	  0.0	0.662	0.000	0.000
95	  V	  3.2	  0.0	0.282	0.000	0.000
96	  Q	  3.2	  0.0	0.282	0.000	0.000
97	  P	  0.4	  0.0	0.000	0.000	0.000
98	  Y	  0.9	  0.0	0.000	0.000	0.000
99	  L	  1.1	  0.5	0.000	0.000	0.000
100	  K	  1.3	  0.5	0.000	0.000	0.000
101	  N	  1.5	  0.5	0.000	0.000	0.000
102	  F	  2.5	  0.5	0.000	0.000	0.000
103	  Q	  2.5	  0.1	0.000	0.000	0.000
104	  E	  1.4	  0.1	0.000	0.000	0.000
105	  K	  1.9	  0.1	0.000	0.000	0.000
106	  V	  6.7	  0.0	0.000	0.000	0.000
107	  Q	  8.1	  0.0	0.000	0.000	0.000
108	  L	  7.2	  0.0	0.000	0.000	0.000
109	  E	  2.6	  0.0	0.185	0.000	0.000
110	  L	  1.3	  0.2	0.305	0.000	0.000
111	  E	  1.0	  0.2	0.305	0.000	0.000
112	  H	  3.7	  0.1	0.305	0.000	0.000
113	  Y	  4.6	  0.2	0.305	0.000	0.000
114	  R	  4.2	  0.1	0.305	0.000	0.000
115	  K	  1.6	  0.1	0.305	0.000	0.000
116	  K	 16.8	  0.1	0.000	0.000	0.000
117	  V	 17.5	  0.0	0.000	0.000	0.000
118	  E	 17.3	  0.2	0.000	0.000	0.000
119	  P	  0.8	  0.2	0.000	0.000	0.000
120	  L	  0.0	  0.3	0.000	0.000	0.000
121	  G	  0.0	  0.4	0.000	0.000	0.000
122	  T	  0.2	  0.3	0.000	0.000	0.000
123	  D	  0.6	  0.3	0.000	0.000	0.000
124	  L	  0.8	  0.6	0.000	0.000	0.000
125	  R	  0.6	  0.7	0.316	0.000	0.000
126	  D	  0.2	  0.8	0.316	0.000	0.000
127	  G	  0.0	  0.8	2.731	0.000	0.000
128	  A	  0.2	  0.4	2.731	0.000	0.000
129	  R	  0.5	  0.2	2.731	0.000	0.000
130	  Q	  0.9	  0.1	2.731	0.000	0.000
131	  K	  1.3	  0.1	2.731	0.000	0.000
132	  L	  1.0	  0.1	2.415	0.000	0.000
133	  Q	  0.8	  0.1	2.151	0.000	0.000
134	  E	  0.5	  0.1	1.799	0.000	0.000
135	  L	  0.5	  0.1	1.547	0.000	0.000
136	  Q	  0.6	  0.1	1.349	0.000	0.000
137	  E	  0.3	  0.1	0.912	0.000	0.000
138	  K	  3.8	  0.1	0.667	0.000	0.000
139	  L	  3.8	  0.1	0.355	0.000	0.000
140	  T	  3.7	  0.4	0.177	0.000	0.000
141	  P	  0.2	  0.4	0.000	0.000	0.000
142	  L	  0.0	  0.5	0.000	0.000	0.000
143	  G	  0.0	  0.9	1.817	0.000	0.000
144	  E	  0.0	  0.5	1.989	0.000	0.000
145	  D	  0.4	  0.5	6.125	0.000	0.000
146	  L	  0.6	  0.6	6.280	0.000	0.000
147	  R	  0.6	  0.2	6.800	0.000	0.000
148	  D	  0.2	  0.2	7.103	0.000	0.000
149	  R	  0.2	  0.2	6.880	0.000	0.000
150	  A	  0.3	  0.1	6.880	0.000	0.000
151	  R	  0.9	  0.1	6.102	0.000	0.000
152	  Q	  1.3	  0.1	4.698	0.000	0.000
153	  H	  2.5	  0.1	1.679	0.000	0.000
154	  V	  2.2	  0.1	0.489	0.000	0.000
155	  D	  1.6	  0.1	5.986	0.000	0.000
156	  E	  0.5	  0.1	6.510	0.000	0.000
157	  L	  0.7	  0.2	6.510	0.000	0.000
158	  R	  0.9	  0.1	6.510	0.000	0.000
159	  A	  0.9	  0.1	6.510	0.000	0.000
160	  Q	  0.5	  0.1	6.510	0.000	0.000
161	  L	  0.4	  0.3	3.764	0.000	0.000
162	  G	  0.1	  0.4	3.214	0.000	0.000
163	  P	  0.0	  0.4	0.000	0.000	0.000
164	  Y	  0.3	  0.6	0.000	0.000	0.000
165	  S	  0.3	  0.4	4.515	0.000	0.000
166	  D	  0.3	  0.3	6.606	0.000	0.000
167	  Q	  1.0	  0.3	6.606	0.000	0.000
168	  M	  1.4	  0.1	6.606	0.000	0.000
169	  R	  1.9	  0.1	6.606	0.000	0.000
170	  Q	  1.2	  0.1	6.606	0.000	0.000
171	  R	  1.5	  0.1	5.794	0.000	0.000
172	  L	  1.4	  0.1	4.031	0.000	0.000
173	  T	  2.4	  0.1	3.656	0.000	0.000
174	  Q	  2.0	  0.1	3.656	0.000	0.000
175	  R	  2.0	  0.1	2.712	0.000	0.000
176	  L	  1.0	  0.1	1.932	0.000	0.000
177	  E	  0.7	  0.0	1.932	0.000	0.000
178	  A	  0.5	  0.0	1.630	0.000	0.000
179	  L	  0.4	  0.2	1.630	0.000	0.000
180	  K	  0.4	  0.3	1.322	0.000	0.000
181	  D	  0.2	  0.3	1.028	0.000	0.000
182	  S	  3.4	  1.3	1.218	0.000	0.000
183	  A	  3.8	  1.1	1.218	0.000	0.000
184	  S	  3.9	  1.0	3.733	0.000	0.000
185	  L	  0.7	  1.1	3.733	0.000	0.000
186	  A	  0.3	  0.2	4.196	0.000	0.000
187	  E	  1.6	  0.1	4.394	0.000	0.000
188	  Y	  4.3	  0.2	4.076	0.000	0.000
189	  Q	  4.4	  0.0	3.660	0.000	0.000
190	  A	  3.0	  0.0	3.028	0.000	0.000
191	  K	  0.5	  0.0	2.866	0.000	0.000
192	  A	  0.3	  0.1	1.878	0.000	0.000
193	  Q	  0.3	  0.1	1.643	0.000	0.000
194	  E	  0.2	  0.1	0.453	0.000	0.000
195	  H	  0.6	  0.1	0.214	0.000	0.000
196	  L	  0.7	  0.2	0.000	0.000	0.000
197	  K	  1.2	  0.1	0.000	0.000	0.000
198	  T	 31.7	  0.1	0.166	0.000	0.000
199	  F	 32.1	  0.2	0.166	0.000	0.000
200	  S	 31.6	  0.1	0.166	0.000	0.000
201	  E	  0.9	  0.1	0.166	0.000	0.000
202	  K	  0.6	  0.1	0.166	0.000	0.000
203	  A	  0.6	  0.1	0.166	0.000	0.000
204	  K	  0.5	  0.0	0.166	0.000	0.000
205	  P	  0.0	  0.0	0.000	0.000	0.000
206	  A	  0.1	  0.0	0.169	0.000	0.000
207	  L	  0.2	  0.3	0.352	0.000	0.000
208	  E	  0.2	  0.3	0.518	0.000	0.000
209	  D	  0.5	  0.3	1.197	0.000	0.000
210	  L	  2.2	  0.3	1.197	0.000	0.000
211	  R	  2.3	  0.1	1.197	0.000	0.000
212	  L	  2.0	  0.1	1.197	0.000	0.000
213	  G	  0.2	  0.1	1.197	0.000	0.000
214	  L	  0.2	  0.0	0.679	0.000	0.000
215	  L	  0.1	  0.0	0.318	0.000	0.000
216	  P	  0.1	  0.0	0.000	0.000	0.000
217	  V	  1.7	  0.0	0.000	0.000	0.000
218	  L	  1.8	  0.1	0.000	0.000	0.000
219	  E	  1.8	  0.1	0.255	0.000	0.000
220	  S	  0.8	  0.1	0.463	0.000	0.000
221	  L	  1.0	  0.2	0.463	0.000	0.000
222	  K	  1.2	  0.2	0.463	0.000	0.000
223	  A	  1.3	  0.2	0.463	0.000	0.000
224	  S	  1.5	  0.2	0.463	0.000	0.000
225	  F	  2.4	  0.1	0.208	0.000	0.000
226	  L	  2.1	  0.1	0.000	0.000	0.000
227	  S	  1.6	  0.1	0.000	0.000	0.000
228	  S	  3.7	  0.4	0.000	0.000	0.000
229	  I	  3.5	  0.4	0.000	0.000	0.000
230	  D	  3.3	  0.3	3.518	0.000	0.000
231	  E	  3.3	  0.3	3.518	0.000	0.000
232	  V	  4.1	  0.0	3.518	0.000	0.000
233	  S	  4.2	  0.1	3.518	0.000	0.000
234	  K	  1.2	  0.1	3.518	0.000	0.000
235	  K	  0.7	  0.1	3.518	0.000	0.000
236	  L	  1.3	  0.1	2.298	0.000	0.000
237	  S	  1.6	  0.0	1.731	0.000	0.000
238	  A	  1.0	  0.0	0.849	0.000	0.000
239	  Q	  0.3	  0.0	0.200	0.000	0.000
