res	aa	Beta	Turn	Helix	Aggregation	Conc-Stab_Aggregation
01	  D	  0.0	  0.0	0.000	0.000	0.000
02	  D	  0.0	  0.6	0.000	0.000	0.000
03	  P	  0.0	  0.7	0.000	0.000	0.000
04	  Q	  0.1	  0.7	0.000	0.000	0.000
05	  S	  0.4	  0.7	0.000	0.000	0.000
06	  S	  6.1	  0.6	0.000	0.000	0.000
07	  W	  6.2	  0.5	0.000	0.000	0.000
08	  D	  6.0	  0.5	0.197	0.000	0.000
09	  R	  1.9	  0.5	0.197	0.000	0.000
10	  V	  3.2	  0.3	0.197	0.705	0.705
11	  K	  3.2	  0.3	0.197	0.843	0.843
12	  D	  1.7	  0.3	0.919	0.843	0.843
13	  F	  0.5	  0.4	0.919	61.335	61.335
14	  A	  1.1	  0.2	0.723	62.169	62.169
15	  T	  7.2	  0.2	0.723	62.169	62.169
16	  V	 12.9	  0.2	0.723	62.169	62.169
17	  Y	 13.6	  0.0	0.723	62.169	62.169
18	  V	  8.4	  0.1	0.191	57.236	57.236
19	  D	  2.2	  0.1	0.388	0.489	0.489
20	  A	  1.2	  0.1	0.388	0.489	0.489
21	  I	  0.9	  0.1	0.388	0.489	0.489
22	  K	  0.8	  0.3	0.388	0.489	0.489
23	  D	  0.3	  1.1	0.196	0.000	0.000
24	  S	  0.2	  1.5	0.196	0.000	0.000
25	  G	  0.1	  1.7	0.000	0.000	0.000
26	  R	  0.4	  1.5	0.000	0.000	0.000
27	  D	  0.7	  0.7	0.000	0.000	0.000
28	  Y	  3.3	  0.3	0.000	0.788	0.788
29	  V	  4.6	  0.0	0.000	0.788	0.788
30	  A	  4.5	  0.0	0.000	0.788	0.788
31	  Q	  9.0	  0.0	0.000	0.788	0.788
32	  F	  9.8	  0.0	0.134	0.788	0.788
33	  E	  9.6	  0.0	0.382	0.000	0.000
34	  A	  2.8	  0.1	0.382	0.000	0.000
35	  S	  0.5	  0.3	1.069	0.000	0.000
36	  A	  0.4	  0.4	1.069	0.000	0.000
37	  L	  0.2	  0.5	1.069	0.000	0.000
38	  G	  0.1	  0.5	1.069	0.000	0.000
39	  K	  0.2	  0.3	0.935	0.000	0.000
40	  Q	  1.1	  0.2	0.686	0.000	0.000
41	  L	  2.8	  0.1	0.446	0.000	0.000
42	  N	  3.0	  0.0	1.267	0.000	0.000
43	  L	  3.6	  0.0	1.114	0.000	0.000
44	  K	  2.2	  0.0	0.977	0.000	0.000
45	  L	  2.2	  0.0	0.821	0.000	0.000
46	  L	  0.8	  0.3	0.821	0.000	0.000
47	  D	  0.6	  0.3	0.821	0.000	0.000
48	  N	  0.8	  0.9	0.357	0.000	0.000
49	  W	  1.3	  1.1	0.000	0.000	0.000
50	  D	  1.2	  0.9	0.000	0.000	0.000
51	  S	  2.4	  0.9	0.000	0.000	0.000
52	  L	  2.4	  0.3	0.000	0.631	0.631
53	  T	  3.3	  0.2	0.000	0.631	0.631
54	  S	  2.3	  0.1	0.000	0.631	0.631
55	  T	  5.6	  0.1	0.000	0.631	0.631
56	  F	  5.3	  0.1	0.000	0.631	0.631
57	  A	  4.9	  0.0	0.000	0.289	0.289
58	  K	  2.9	  0.0	0.000	0.000	0.000
59	  V	  2.8	  0.0	0.000	0.000	0.000
60	  R	  2.4	  0.1	0.000	0.000	0.000
61	  E	  0.6	  0.1	0.000	0.000	0.000
62	  Q	  0.1	  0.1	0.000	0.000	0.000
63	  L	  0.1	  0.1	0.000	0.000	0.000
64	  G	  0.1	  0.1	0.000	0.000	0.000
65	  P	  0.0	  0.0	0.000	0.000	0.000
66	  V	  4.1	  0.0	0.000	0.000	0.000
67	  T	  4.6	  0.1	0.000	0.000	0.000
68	  Q	  5.0	  0.1	0.000	0.000	0.000
69	  E	  1.4	  0.1	0.000	0.000	0.000
70	  F	  2.1	  0.1	0.000	0.000	0.000
71	  W	  2.0	  0.4	0.000	0.000	0.000
72	  D	  1.5	  0.5	0.167	0.000	0.000
73	  N	  0.8	  0.5	0.167	0.000	0.000
74	  L	  0.7	  0.4	0.167	0.000	0.000
75	  E	  0.8	  0.1	0.167	0.000	0.000
76	  K	  0.5	  0.1	0.167	0.000	0.000
77	  E	  0.4	  0.1	0.167	0.000	0.000
78	  T	  0.5	  0.2	2.713	0.000	0.000
79	  E	  0.3	  0.2	2.713	0.000	0.000
80	  S	  2.5	  0.2	2.713	0.000	0.000
81	  L	  2.5	  0.2	2.713	0.000	0.000
82	  R	  2.7	  0.1	2.713	0.000	0.000
83	  Q	  0.7	  0.1	2.713	0.000	0.000
84	  E	  1.4	  0.1	1.412	0.000	0.000
85	  M	  1.3	  0.1	0.800	0.000	0.000
86	  N	  1.3	  0.9	0.945	0.000	0.000
87	  K	  0.2	  0.9	0.686	0.000	0.000
88	  D	  0.3	  0.9	4.804	0.000	0.000
89	  L	  0.3	  0.9	5.078	0.000	0.000
90	  E	  0.3	  0.1	5.378	0.000	0.000
91	  E	 13.5	  0.0	5.523	0.000	0.000
92	  V	 15.4	  0.1	5.380	0.000	0.000
93	  K	 15.6	  0.0	5.380	0.000	0.000
94	  Q	  3.0	  0.0	4.290	0.000	0.000
95	  K	  3.6	  0.0	3.442	0.000	0.000
96	  V	  3.7	  0.0	1.378	0.000	0.000
97	  Q	  3.2	  0.0	1.378	0.000	0.000
98	  P	  0.4	  0.0	0.000	0.000	0.000
99	  Y	  0.9	  0.1	0.000	0.000	0.000
100	  L	  0.9	  0.1	0.000	0.000	0.000
101	  D	  0.9	  0.1	12.763	0.000	0.000
102	  E	  1.4	  0.1	14.569	0.000	0.000
103	  F	  3.2	  0.1	14.569	0.000	0.000
104	  Q	  3.3	  0.0	14.569	0.000	0.000
105	  K	  2.0	  0.0	14.569	0.000	0.000
106	  K	  0.8	  0.0	14.569	0.000	0.000
107	  W	  1.3	  0.0	13.601	0.000	0.000
108	  Q	  1.3	  0.1	13.111	0.000	0.000
109	  E	  0.7	  0.1	10.991	0.000	0.000
110	  E	  0.4	  0.1	10.122	0.000	0.000
111	  L	  1.9	  0.1	8.742	0.000	0.000
112	  Q	  3.1	  0.0	7.896	0.000	0.000
113	  I	  4.2	  0.0	5.792	0.000	0.000
114	  Y	  4.8	  0.0	5.792	0.000	0.000
115	  R	  3.8	  0.1	3.991	0.000	0.000
116	  Q	  3.0	  0.1	3.021	0.000	0.000
117	  K	  5.9	  0.1	1.076	0.000	0.000
118	  V	  6.1	  0.0	0.210	0.000	0.000
119	  A	  5.5	  0.4	0.210	0.000	0.000
120	  P	  0.5	  0.4	0.000	0.000	0.000
121	  L	  0.0	  0.4	0.000	0.000	0.000
122	  G	  0.0	  0.5	1.390	0.000	0.000
123	  E	  0.0	  0.2	1.390	0.000	0.000
124	  E	  0.3	  0.2	1.390	0.000	0.000
125	  L	  0.3	  0.2	1.390	0.000	0.000
126	  R	  0.3	  0.5	1.782	0.000	0.000
127	  E	  0.1	  0.7	1.782	0.000	0.000
128	  G	  0.0	  0.7	1.581	0.000	0.000
129	  A	  0.2	  0.6	1.165	0.000	0.000
130	  R	  0.5	  0.3	0.965	0.000	0.000
131	  Q	  1.2	  0.1	0.735	0.000	0.000
132	  K	  2.7	  0.1	0.735	0.000	0.000
133	  V	  3.1	  0.1	0.344	0.000	0.000
134	  Q	  2.5	  0.1	0.344	0.000	0.000
135	  E	  1.2	  0.0	0.152	0.000	0.000
136	  L	  0.7	  0.2	0.152	0.000	0.000
137	  Q	  0.7	  0.2	0.152	0.000	0.000
138	  D	  0.3	  0.3	0.152	0.000	0.000
139	  K	  3.7	  0.3	0.000	0.000	0.000
140	  L	  3.8	  0.1	0.000	0.000	0.000
141	  T	  3.8	  0.2	0.453	0.000	0.000
142	  P	  0.2	  0.2	0.453	0.000	0.000
143	  L	  0.0	  0.2	0.735	0.000	0.000
144	  A	  0.0	  0.2	1.499	0.000	0.000
145	  E	  0.0	  0.1	2.382	0.000	0.000
146	  E	  0.3	  0.1	3.216	0.000	0.000
147	  M	  0.6	  0.2	3.052	0.000	0.000
148	  R	  0.6	  0.2	3.218	0.000	0.000
149	  D	  0.3	  0.3	3.490	0.000	0.000
150	  R	  0.2	  0.3	3.490	0.000	0.000
151	  A	  0.2	  0.1	3.490	0.000	0.000
152	  R	  0.4	  0.1	3.178	0.000	0.000
153	  A	  0.6	  0.0	2.041	0.000	0.000
154	  H	  2.8	  0.0	1.489	0.000	0.000
155	  V	  3.3	  0.0	0.000	0.000	0.000
156	  E	  3.0	  0.0	0.000	0.000	0.000
157	  T	  3.3	  0.0	0.000	0.000	0.000
158	  L	  3.0	  0.1	0.000	0.000	0.000
159	  R	  3.4	  0.1	0.000	0.000	0.000
160	  Q	  1.2	  0.1	0.000	0.000	0.000
161	  Q	  1.2	  0.1	0.000	0.000	0.000
162	  L	  0.8	  0.1	0.000	0.000	0.000
163	  A	  0.4	  0.1	0.000	0.000	0.000
164	  P	  0.0	  0.1	0.000	0.000	0.000
165	  Y	  0.3	  0.4	0.000	0.000	0.000
166	  S	  0.3	  1.3	7.540	0.000	0.000
167	  D	  0.3	  1.3	13.311	0.000	0.000
168	  D	  0.4	  1.3	19.017	0.000	0.000
169	  L	  0.6	  1.0	19.017	0.000	0.000
170	  R	  1.0	  0.1	19.017	0.000	0.000
171	  Q	  1.0	  0.1	19.017	0.000	0.000
172	  R	  0.8	  0.1	18.224	0.000	0.000
173	  M	  0.5	  0.0	17.296	0.000	0.000
174	  A	  0.3	  0.0	14.853	0.000	0.000
175	  A	  0.4	  0.0	13.495	0.000	0.000
176	  R	  1.6	  0.0	11.763	0.000	0.000
177	  F	  3.9	  0.0	5.908	0.000	0.000
178	  E	  3.7	  0.0	3.058	0.000	0.000
179	  M	  2.7	  0.0	2.032	0.000	0.000
180	  L	  0.4	  0.1	1.194	0.000	0.000
181	  K	  0.4	  0.4	1.194	0.000	0.000
182	  E	  0.1	  0.6	0.737	0.000	0.000
183	  G	  0.0	  0.7	0.000	0.000	0.000
184	  G	  0.0	  0.9	0.000	0.000	0.000
185	  G	  0.0	  0.7	0.154	0.000	0.000
186	  S	  0.1	  0.5	0.941	0.000	0.000
187	  L	  0.2	  0.5	0.941	0.000	0.000
188	  A	  0.3	  0.2	0.941	0.000	0.000
189	  E	  4.1	  0.2	0.941	0.000	0.000
190	  Y	  6.0	  0.2	0.941	0.000	0.000
191	  H	  6.1	  0.1	0.787	0.000	0.000
192	  A	  2.3	  0.2	0.480	0.000	0.000
193	  K	  0.5	  0.2	0.480	0.000	0.000
194	  A	  0.3	  0.2	0.163	0.000	0.000
195	  S	  0.2	  0.2	4.330	0.000	0.000
196	  E	  0.1	  0.2	4.330	0.000	0.000
197	  Q	  0.9	  0.2	4.330	0.000	0.000
198	  L	  1.4	  0.1	4.330	0.000	0.000
199	  R	  1.6	  0.2	4.330	0.000	0.000
200	  A	  0.7	  0.2	4.330	0.000	0.000
201	  L	  0.3	  0.2	3.738	0.000	0.000
202	  G	  0.1	  0.3	2.928	0.000	0.000
203	  E	  0.1	  0.2	2.105	0.000	0.000
204	  K	  0.8	  0.2	0.943	0.000	0.000
205	  A	  0.8	  0.1	0.192	0.000	0.000
206	  K	  0.7	  0.0	0.192	0.000	0.000
207	  P	  0.0	  0.0	0.000	0.000	0.000
208	  A	  0.1	  0.0	0.000	0.000	0.000
209	  L	  0.2	  0.3	0.000	0.000	0.000
210	  E	  0.2	  0.3	0.000	0.000	0.000
211	  D	  0.5	  0.3	0.000	0.000	0.000
212	  L	  0.8	  0.4	0.000	0.000	0.000
213	  R	  0.8	  0.3	0.000	0.000	0.000
214	  Q	  0.4	  0.2	0.000	0.000	0.000
215	  G	  0.1	  0.2	0.000	0.000	0.000
216	  L	  0.2	  0.1	0.000	0.000	0.000
217	  V	  0.3	  0.0	0.000	0.000	0.000
218	  P	  0.2	  0.0	0.000	0.000	0.000
219	  V	  1.7	  0.0	0.000	0.479	0.479
220	  L	  1.8	  0.1	0.000	0.479	0.479
221	  E	  1.8	  0.1	0.000	0.479	0.479
222	  S	  0.8	  0.1	0.000	0.479	0.479
223	  L	  2.5	  0.1	0.000	0.479	0.479
224	  K	  3.8	  0.0	0.000	0.479	0.479
225	  V	  7.1	  0.0	0.000	26.254	26.254
226	  S	  5.6	  0.0	0.000	28.446	28.446
227	  I	  5.2	  0.0	0.000	30.939	30.939
228	  L	  1.4	  0.0	0.000	30.939	30.939
229	  A	  1.2	  0.0	0.000	30.780	30.780
230	  A	  0.6	  0.0	0.000	29.638	29.638
231	  I	  0.6	  0.0	0.000	24.475	24.475
232	  D	  0.4	  0.1	5.995	0.000	0.000
233	  E	  0.3	  0.1	5.995	0.000	0.000
234	  A	  0.4	  0.2	5.995	0.000	0.000
235	  S	  0.6	  0.2	6.136	0.000	0.000
236	  K	  0.4	  0.2	6.136	0.000	0.000
237	  K	  1.1	  0.2	6.136	0.000	0.000
238	  L	  1.3	  0.1	3.688	0.000	0.000
239	  N	  1.3	  0.0	2.319	0.000	0.000
240	  A	  0.4	  0.0	1.420	0.000	0.000
241	  Q	  0.1	  0.0	0.327	0.000	0.000
