res	aa	Beta	Turn	Helix	Aggregation	Conc-Stab_Aggregation
01	  A	  0.0	  0.4	0.000	0.000	0.000
02	  P	  0.0	  0.4	0.000	0.000	0.000
03	  S	  0.2	  0.5	0.192	0.000	0.000
04	  Q	  0.4	  0.5	0.192	0.000	0.000
05	  L	  0.4	  0.1	0.192	0.000	0.000
06	  A	  0.6	  0.1	0.192	0.000	0.000
07	  Q	  1.8	  0.0	0.192	0.000	0.000
08	  I	  3.3	  0.0	0.192	0.000	0.000
09	  R	  3.1	  0.1	0.192	0.000	0.000
10	  S	  2.1	  0.1	0.502	0.000	0.000
11	  A	  0.8	  0.1	0.502	0.000	0.000
12	  V	  9.7	  0.0	0.502	0.000	0.000
13	  D	 11.8	  0.0	0.502	0.000	0.000
14	  V	 15.0	  0.0	0.502	0.790	0.790
15	  Y	  7.0	  0.0	0.502	0.790	0.790
16	  L	  4.3	  0.0	0.138	0.790	0.790
17	  T	  1.3	  0.0	0.138	0.790	0.790
18	  Q	  1.1	  0.0	0.138	0.790	0.790
19	  A	  0.8	  0.2	0.000	0.204	0.204
20	  K	  0.3	  0.5	0.000	0.000	0.000
21	  E	  0.1	  0.6	0.000	0.000	0.000
22	  G	  0.0	  0.6	0.343	0.000	0.000
23	  A	  0.6	  0.4	0.343	0.000	0.000
24	  I	  2.3	  0.1	0.343	0.000	0.000
25	  K	  2.4	  0.0	0.343	0.000	0.000
26	  A	  2.0	  0.0	0.343	0.000	0.000
27	  L	  0.5	  0.0	0.343	0.000	0.000
28	  D	  0.4	  0.1	0.000	0.000	0.000
29	  Q	  1.0	  0.1	0.000	0.000	0.000
30	  L	  0.9	  0.2	0.000	0.000	0.000
31	  D	  0.9	  0.3	0.297	0.000	0.000
32	  D	  0.3	  0.3	0.593	0.000	0.000
33	  T	  2.8	  0.3	0.736	0.000	0.000
34	  Q	  6.7	  0.1	0.736	0.000	0.000
35	  Y	  7.6	  0.1	0.736	0.000	0.000
36	  Q	  5.5	  0.0	0.957	0.000	0.000
37	  E	  4.4	  0.0	1.150	0.788	0.788
38	  F	  5.7	  0.0	1.150	0.788	0.788
39	  K	  7.7	  0.0	1.296	0.788	0.788
40	  V	 12.3	  0.0	1.296	0.961	0.961
41	  I	 10.6	  0.0	1.651	0.961	0.961
42	  L	  8.3	  0.0	1.651	0.961	0.961
43	  A	  1.1	  0.0	1.651	0.377	0.377
44	  Q	  0.5	  0.1	1.651	0.173	0.173
45	  R	  0.8	  0.1	0.356	0.000	0.000
46	  L	  0.8	  0.3	0.356	0.000	0.000
47	  E	  0.5	  0.3	0.356	0.000	0.000
48	  D	  0.2	  0.3	1.005	0.000	0.000
49	  L	  0.3	  0.3	0.783	0.000	0.000
50	  H	  1.4	  0.1	0.783	0.000	0.000
51	  T	  2.2	  0.0	0.816	0.000	0.000
52	  Q	  3.1	  0.0	0.816	0.000	0.000
53	  V	  4.5	  0.0	0.816	0.000	0.000
54	  K	  3.7	  0.0	0.816	0.000	0.000
55	  A	  2.8	  0.0	0.511	0.000	0.000
56	  L	  0.4	  0.3	0.511	0.000	0.000
57	  Q	  0.3	  0.3	0.340	0.000	0.000
58	  G	  0.1	  0.3	0.000	0.000	0.000
59	  S	  1.7	  0.3	0.000	0.000	0.000
60	  V	  2.2	  0.1	0.000	0.000	0.000
61	  A	  2.2	  0.0	0.000	0.000	0.000
62	  P	  0.6	  0.0	0.000	0.000	0.000
63	  V	  1.7	  0.0	0.000	0.000	0.000
64	  T	  2.3	  0.1	0.000	0.000	0.000
65	  D	  2.5	  0.1	0.000	0.000	0.000
66	  S	  1.7	  0.1	0.000	0.548	0.548
67	  V	  3.5	  0.1	0.000	5.574	5.574
68	  F	  4.8	  0.0	0.000	5.574	5.574
69	  T	  6.0	  0.0	0.000	5.574	5.574
70	  T	 20.2	  0.0	0.000	5.574	5.574
71	  V	 19.2	  0.1	0.000	5.574	5.574
72	  S	 17.2	  0.1	4.607	0.548	0.548
73	  E	  0.6	  0.0	4.607	0.000	0.000
74	  A	  0.3	  0.1	4.607	0.000	0.000
75	  T	  0.7	  0.0	6.519	0.000	0.000
76	  A	  0.6	  0.0	6.519	0.000	0.000
77	  E	  0.7	  0.0	6.519	0.000	0.000
78	  L	  1.0	  0.1	5.445	0.000	0.000
79	  R	  1.1	  0.3	5.027	0.000	0.000
80	  S	  0.9	  0.2	4.050	0.000	0.000
81	  N	  0.6	  0.2	2.666	0.000	0.000
82	  I	  1.6	  0.2	0.332	0.000	0.000
83	  A	  1.6	  0.1	0.332	0.000	0.000
84	  T	  1.6	  0.1	0.568	0.000	0.000
85	  D	  2.2	  0.1	1.628	0.000	0.000
86	  I	  3.2	  0.1	1.628	0.000	0.000
87	  E	  2.9	  0.0	1.628	0.000	0.000
88	  A	  1.4	  0.0	1.628	0.000	0.000
89	  L	  0.5	  0.1	1.628	0.000	0.000
90	  R	  0.6	  0.1	1.359	0.000	0.000
91	  T	  0.4	  0.1	0.590	0.000	0.000
92	  E	  0.6	  0.1	0.590	0.000	0.000
93	  L	  0.7	  0.1	0.370	0.000	0.000
94	  E	  0.6	  0.0	1.148	0.000	0.000
95	  P	  0.2	  0.1	0.919	0.000	0.000
96	  K	  0.3	  0.1	0.919	0.000	0.000
97	  R	  0.4	  0.1	0.919	0.000	0.000
98	  A	  0.8	  0.1	0.919	0.000	0.000
99	  H	  1.4	  0.0	1.072	0.000	0.000
100	  L	  1.2	  0.0	0.485	0.000	0.000
101	  R	  1.2	  0.0	0.294	0.000	0.000
102	  E	  0.8	  0.0	0.153	0.000	0.000
103	  V	  5.8	  0.0	0.153	0.000	0.000
104	  I	  6.0	  0.0	0.153	0.000	0.000
105	  D	  5.5	  0.1	0.317	0.000	0.000
106	  R	  2.9	  0.1	0.317	0.000	0.000
107	  H	  7.4	  0.1	0.317	0.000	0.000
108	  I	  7.5	  0.4	0.164	0.000	0.000
109	  E	  5.2	  0.3	0.318	0.000	0.000
110	  D	  1.4	  0.3	1.876	0.000	0.000
111	  Y	  3.3	  0.4	1.876	0.000	0.000
112	  R	  3.5	  0.1	1.876	0.000	0.000
113	  S	  2.4	  0.2	1.876	0.000	0.000
114	  R	  1.4	  0.2	1.876	0.000	0.000
115	  L	  1.2	  0.1	1.876	0.000	0.000
116	  Q	  1.2	  0.0	1.499	0.000	0.000
117	  P	  0.1	  0.0	0.000	0.000	0.000
118	  I	  2.3	  0.0	0.000	0.000	0.000
119	  I	  2.5	  0.1	0.000	0.000	0.000
120	  S	  2.5	  0.1	1.914	0.000	0.000
121	  E	  0.8	  0.1	2.165	0.000	0.000
122	  Y	  2.4	  0.1	2.165	0.000	0.000
123	  Y	  3.0	  0.0	2.165	0.000	0.000
124	  A	  2.6	  0.0	2.165	0.000	0.000
125	  K	  1.4	  0.1	2.165	0.000	0.000
126	  H	  1.6	  0.1	1.624	0.000	0.000
127	  T	  1.8	  0.1	0.293	0.000	0.000
128	  A	  1.4	  0.0	0.293	0.000	0.000
129	  E	  1.4	  0.0	0.293	0.000	0.000
130	  M	  1.1	  0.0	0.139	0.000	0.000
131	  D	  1.0	  0.2	1.357	0.000	0.000
132	  E	  1.4	  0.2	1.497	0.000	0.000
133	  L	  1.6	  0.2	1.497	0.000	0.000
134	  K	  2.4	  0.2	1.497	0.000	0.000
135	  T	  2.0	  0.1	1.358	0.000	0.000
136	  K	  5.9	  0.1	1.358	0.000	0.000
137	  L	  5.2	  0.0	0.899	0.000	0.000
138	  E	  4.2	  0.0	0.617	0.000	0.000
139	  P	  0.1	  0.0	0.000	0.000	0.000
140	  V	  2.1	  0.0	0.000	0.000	0.000
141	  M	  2.1	  0.0	0.000	0.000	0.000
142	  T	  2.2	  0.1	0.731	0.000	0.000
143	  E	  0.5	  0.1	0.731	0.000	0.000
144	  L	  0.4	  0.1	0.731	0.000	0.000
145	  R	  0.4	  0.1	0.731	0.000	0.000
146	  E	  0.2	  0.1	0.731	0.000	0.000
147	  K	  1.7	  0.1	0.731	0.000	0.000
148	  I	  2.8	  0.1	0.384	0.000	0.000
149	  R	  3.3	  0.1	0.384	0.000	0.000
150	  T	  2.6	  0.1	0.134	0.000	0.000
151	  N	  5.9	  0.1	0.134	0.000	0.000
152	  V	  5.9	  0.1	0.000	0.000	0.000
153	  E	  5.2	  0.1	0.181	0.000	0.000
154	  E	  1.2	  0.1	0.181	0.000	0.000
155	  T	  1.1	  0.1	0.346	0.000	0.000
156	  K	  1.3	  0.1	0.346	0.000	0.000
157	  A	  0.9	  0.0	0.346	0.000	0.000
158	  A	  0.7	  0.0	0.346	0.000	0.000
159	  L	  0.7	  0.0	0.346	0.000	0.000
160	  T	  0.5	  0.0	0.165	0.000	0.000
161	  P	  0.2	  0.0	0.000	0.000	0.000
162	  I	  3.1	  0.0	0.000	0.000	0.000
163	  V	  4.7	  0.0	0.207	0.000	0.000
164	  E	  4.7	  0.1	0.450	0.000	0.000
165	  S	  4.2	  0.1	1.517	0.000	0.000
166	  I	  4.0	  0.1	1.517	0.000	0.000
167	  R	  4.2	  0.0	1.517	0.000	0.000
168	  A	  1.9	  0.0	1.517	0.000	0.000
169	  R	  1.5	  0.0	1.517	0.000	0.000
170	  V	  2.6	  0.0	1.067	0.000	0.000
171	  A	  2.7	  0.0	0.919	0.000	0.000
172	  T	  3.7	  0.0	0.272	0.000	0.000
173	  H	  4.7	  0.0	0.272	0.000	0.000
174	  V	  5.5	  0.1	0.217	0.000	0.000
175	  E	  3.6	  0.0	0.772	0.000	0.000
176	  Q	  1.6	  0.0	0.772	0.000	0.000
177	  A	  0.3	  0.1	0.772	0.000	0.000
178	  K	  0.4	  0.0	0.772	0.000	0.000
179	  A	  0.6	  0.0	0.772	0.000	0.000
180	  M	  1.2	  0.0	0.772	0.000	0.000
181	  L	  1.2	  0.0	0.146	0.000	0.000
182	  A	  0.8	  0.0	0.000	0.000	0.000
183	  P	  0.1	  0.0	0.000	0.000	0.000
184	  Y	  2.3	  0.0	0.000	0.000	0.000
185	  V	  2.9	  0.1	0.174	0.000	0.000
186	  E	  2.9	  0.1	0.395	0.000	0.000
187	  E	  4.1	  0.1	0.636	0.000	0.000
188	  Y	  4.2	  0.1	0.813	0.000	0.000
189	  K	  4.2	  0.1	1.153	0.000	0.000
190	  E	  0.9	  0.1	1.153	0.000	0.000
191	  Q	  1.0	  0.1	1.153	0.000	0.000
192	  L	  1.2	  0.1	1.153	0.000	0.000
193	  R	  1.5	  0.1	1.153	0.000	0.000
194	  Q	  1.1	  0.1	1.153	0.000	0.000
195	  A	  1.0	  0.1	0.000	0.000	0.000
196	  Y	  1.3	  0.1	0.000	0.000	0.000
197	  D	  0.9	  0.1	0.000	0.000	0.000
198	  H	  1.0	  0.3	0.000	0.000	0.000
199	  A	  0.4	  0.3	0.000	0.000	0.000
200	  H	  1.3	  0.3	0.000	0.000	0.000
201	  N	  4.5	  0.3	0.000	0.000	0.000
202	  V	  5.7	  0.0	0.000	0.000	0.000
203	  R	  4.9	  0.0	0.595	0.000	0.000
204	  A	  1.4	  0.3	0.595	0.000	0.000
205	  E	  0.1	  0.3	0.595	0.000	0.000
206	  D	  0.2	  0.3	9.027	0.000	0.000
207	  L	  1.0	  0.3	9.355	0.000	0.000
208	  T	  1.4	  0.0	12.604	0.000	0.000
209	  A	  1.5	  0.0	12.837	0.000	0.000
210	  L	  1.2	  0.0	12.837	0.000	0.000
211	  R	  0.8	  0.0	12.837	0.000	0.000
212	  A	  0.9	  0.0	12.208	0.000	0.000
213	  K	  2.9	  0.0	11.593	0.000	0.000
214	  I	  3.1	  0.0	8.201	0.000	0.000
215	  N	  2.7	  0.2	8.201	0.000	0.000
216	  P	  0.3	  0.2	0.000	0.000	0.000
217	  L	  0.0	  0.2	0.000	0.000	0.000
218	  A	  0.0	  0.4	0.000	0.000	0.000
219	  E	  0.0	  0.2	0.000	0.000	0.000
220	  D	  1.0	  0.2	16.579	0.000	0.000
221	  I	  2.5	  0.2	16.579	0.000	0.000
222	  K	  3.2	  0.0	16.579	0.000	0.000
223	  T	  3.0	  0.1	16.579	0.000	0.000
224	  K	  2.0	  0.1	16.579	0.000	0.000
225	  L	  1.5	  0.1	16.579	1.969	1.969
226	  Q	  0.8	  0.1	14.222	2.305	2.305
227	  Q	  1.5	  0.0	9.355	4.879	4.879
228	  I	  2.1	  0.0	4.858	55.706	55.706
229	  F	  2.9	  0.0	4.858	56.263	56.263
230	  A	  2.3	  0.0	2.640	56.263	56.263
231	  I	  2.8	  0.0	1.976	56.263	56.263
232	  L	  1.8	  0.0	1.976	55.439	55.439
233	  S	  1.3	  0.1	1.345	6.573	6.573
234	  E	  0.3	  0.1	0.612	0.084	0.084
235	  T	 19.5	  0.1	0.000	0.084	0.084
236	  F	 23.3	  0.1	0.000	0.084	0.084
237	  T	 26.0	  0.0	0.000	0.084	0.084
238	  K	  7.4	  0.0	0.000	0.084	0.084
239	  S	  3.1	  0.0	0.000	0.000	0.000
