res	aa	Beta	Turn	Helix	Aggregation	Conc-Stab_Aggregation
01	  D	  0.0	  0.0	0.000	0.000	0.000
02	  E	  0.0	  0.0	0.000	0.000	0.000
03	  P	  0.0	  0.1	0.000	0.000	0.000
04	  Q	  0.2	  0.3	0.000	0.000	0.000
05	  S	  0.3	  0.4	0.000	0.000	0.000
06	  T	  0.3	  1.2	0.000	0.000	0.000
07	  G	  0.1	  1.1	0.000	0.000	0.000
08	  D	  0.0	  1.1	0.178	0.000	0.000
09	  Q	  1.1	  0.9	0.178	0.000	0.000
10	  L	  1.2	  0.6	0.178	0.067	0.067
11	  K	  1.3	  0.5	0.178	0.099	0.099
12	  D	  0.6	  0.4	2.513	0.099	0.099
13	  F	  1.2	  0.4	2.513	89.390	89.390
14	  I	 18.4	  0.0	2.335	90.521	90.521
15	  T	 23.1	  0.0	2.335	90.521	90.521
16	  V	 25.4	  0.0	2.335	90.521	90.521
17	  Y	  9.4	  0.0	2.335	90.521	90.521
18	  L	  3.9	  0.0	2.002	75.994	75.994
19	  E	  0.8	  0.0	1.860	1.129	1.129
20	  A	  1.0	  0.0	1.557	1.129	1.129
21	  V	  2.6	  0.0	1.329	1.129	1.129
22	  K	  2.6	  0.4	1.329	1.129	1.129
23	  E	  1.8	  0.6	0.589	0.000	0.000
24	  S	  0.1	  0.8	0.447	0.000	0.000
25	  G	  0.1	  1.2	0.112	0.000	0.000
26	  K	  0.1	  0.8	0.000	0.000	0.000
27	  D	  0.1	  0.6	0.236	0.000	0.000
28	  A	  0.5	  0.4	0.236	0.194	0.194
29	  V	  2.1	  0.0	0.236	0.194	0.194
30	  A	  2.4	  0.0	0.236	0.194	0.194
31	  Q	  9.2	  0.0	0.236	0.194	0.194
32	  F	  9.0	  0.1	0.236	0.194	0.194
33	  E	  8.7	  0.2	0.000	0.000	0.000
34	  S	  2.5	  0.8	0.000	0.000	0.000
35	  S	  1.3	  0.8	0.000	0.000	0.000
36	  S	  1.6	  1.0	0.000	0.000	0.000
37	  V	  0.7	  1.0	0.000	0.000	0.000
38	  G	  0.5	  0.5	0.000	0.000	0.000
39	  K	  0.2	  0.5	0.000	0.000	0.000
40	  Q	  1.0	  0.2	0.000	0.000	0.000
41	  L	  2.1	  0.1	0.000	0.000	0.000
42	  D	  2.1	  0.1	2.942	0.000	0.000
43	  L	  2.8	  0.1	2.942	0.000	0.000
44	  K	  2.0	  0.1	2.942	0.000	0.000
45	  L	  2.2	  0.0	2.942	0.000	0.000
46	  L	  0.8	  0.2	2.942	0.000	0.000
47	  D	  0.5	  0.1	4.084	0.000	0.000
48	  N	  0.6	  0.1	3.800	0.000	0.000
49	  L	  0.7	  0.2	3.108	0.000	0.000
50	  E	  0.7	  0.0	2.954	0.000	0.000
51	  A	  0.5	  0.0	2.382	0.000	0.000
52	  L	  0.5	  0.1	2.202	0.000	0.000
53	  S	  1.2	  0.5	2.206	0.000	0.000
54	  T	  1.0	  0.5	1.882	0.000	0.000
55	  N	  0.8	  0.5	3.253	0.000	0.000
56	  A	  0.2	  0.4	3.253	0.000	0.000
57	  A	  0.4	  0.0	3.253	0.000	0.000
58	  K	  1.2	  0.0	3.253	0.000	0.000
59	  L	  1.2	  0.1	2.590	0.000	0.000
60	  R	  0.9	  0.1	2.160	0.000	0.000
61	  E	  0.1	  0.1	1.687	0.000	0.000
62	  Q	  1.6	  0.1	1.184	0.000	0.000
63	  L	  1.7	  0.1	0.423	0.000	0.000
64	  S	  1.6	  0.2	0.534	0.000	0.000
65	  P	  0.1	  0.2	0.110	0.000	0.000
66	  L	  0.3	  0.2	0.110	0.000	0.000
67	  Y	  1.5	  0.3	2.320	0.000	0.000
68	  Q	  1.6	  0.1	2.320	0.000	0.000
69	  E	  1.4	  0.1	2.320	0.000	0.000
70	  A	  0.2	  0.3	2.320	0.000	0.000
71	  R	  0.1	  0.2	2.320	0.000	0.000
72	  D	  0.1	  0.3	2.320	0.000	0.000
73	  R	  0.4	  0.3	2.052	0.000	0.000
74	  L	  0.5	  0.2	1.895	0.000	0.000
75	  E	  0.7	  0.2	1.475	0.000	0.000
76	  R	  0.3	  0.2	1.386	0.000	0.000
77	  D	  0.3	  0.3	4.087	0.000	0.000
78	  S	  0.1	  0.3	21.235	0.000	0.000
79	  E	  0.1	  0.2	21.286	0.000	0.000
80	  A	  0.3	  0.2	21.286	0.000	0.000
81	  L	  0.4	  0.1	21.286	0.000	0.000
82	  R	  0.5	  0.1	21.286	0.000	0.000
83	  R	  0.3	  0.1	20.932	0.000	0.000
84	  E	  0.7	  0.1	14.942	0.000	0.000
85	  L	  0.9	  0.1	7.202	0.000	0.000
86	  T	  1.4	  0.2	4.609	0.000	0.000
87	  Q	  1.0	  0.2	4.361	0.000	0.000
88	  D	  0.8	  1.1	0.994	0.000	0.000
89	  L	  0.3	  1.1	0.256	0.000	0.000
90	  D	  0.2	  1.0	1.119	0.000	0.000
91	  E	 14.3	  0.9	1.119	0.000	0.000
92	  V	 17.2	  0.1	1.119	0.000	0.000
93	  K	 17.6	  0.1	1.119	0.000	0.000
94	  S	  4.1	  0.1	0.984	0.000	0.000
95	  K	  2.0	  0.1	0.984	0.000	0.000
96	  I	  1.5	  0.0	0.358	0.000	0.000
97	  Q	  1.2	  0.0	0.358	0.000	0.000
98	  P	  0.1	  0.0	0.000	0.000	0.000
99	  Y	  1.1	  0.1	0.000	0.000	0.000
100	  L	  1.2	  0.2	0.000	0.000	0.000
101	  D	  1.9	  0.2	0.000	0.000	0.000
102	  Q	  5.1	  0.2	0.000	0.000	0.000
103	  F	  5.5	  0.1	0.000	0.000	0.000
104	  Q	  5.0	  0.1	0.000	0.000	0.000
105	  T	  2.0	  0.1	0.000	0.000	0.000
106	  K	  2.2	  0.1	0.000	0.000	0.000
107	  W	  2.9	  0.1	0.000	0.000	0.000
108	  Q	  1.9	  0.1	0.000	0.000	0.000
109	  S	  1.2	  0.2	0.779	0.000	0.000
110	  E	  0.3	  0.2	0.779	0.000	0.000
111	  L	  0.3	  0.4	0.779	0.000	0.000
112	  E	  0.5	  0.3	0.779	0.000	0.000
113	  S	  7.2	  0.3	0.911	0.000	0.000
114	  Y	  9.3	  0.3	0.911	0.000	0.000
115	  R	  9.4	  0.1	0.462	0.000	0.000
116	  Q	  3.3	  0.1	0.462	0.000	0.000
117	  K	  4.1	  0.1	0.269	0.000	0.000
118	  V	  4.4	  0.0	0.132	0.000	0.000
119	  V	  3.8	  0.2	0.132	0.000	0.000
120	  P	  0.7	  0.2	0.000	0.000	0.000
121	  L	  0.0	  0.4	0.000	0.000	0.000
122	  G	  0.0	  0.6	0.858	0.000	0.000
123	  E	  0.0	  0.5	0.858	0.000	0.000
124	  G	  0.0	  0.5	0.858	0.000	0.000
125	  L	  0.4	  0.4	0.858	0.000	0.000
126	  R	  1.7	  0.5	1.144	0.000	0.000
127	  Q	  1.7	  0.4	1.144	0.000	0.000
128	  D	  1.4	  0.6	3.744	0.000	0.000
129	  A	  0.3	  0.6	4.037	0.000	0.000
130	  R	  0.6	  0.3	4.037	0.000	0.000
131	  Q	  0.9	  0.3	3.861	0.000	0.000
132	  K	  2.4	  0.1	3.567	0.000	0.000
133	  L	  2.1	  0.3	3.567	0.000	0.000
134	  E	  1.8	  0.3	3.567	0.000	0.000
135	  D	  0.2	  0.3	4.267	0.000	0.000
136	  L	  0.3	  0.3	3.474	0.000	0.000
137	  Q	  0.6	  0.1	3.319	0.000	0.000
138	  Q	  0.8	  0.1	2.639	0.000	0.000
139	  K	  4.1	  0.1	1.524	0.000	0.000
140	  L	  4.0	  0.0	0.995	0.000	0.000
141	  T	  3.6	  0.2	0.983	0.000	0.000
142	  P	  0.2	  0.1	0.459	0.000	0.000
143	  L	  0.0	  0.1	0.749	0.000	0.000
144	  A	  0.0	  0.2	1.994	0.000	0.000
145	  E	  0.1	  0.1	3.110	0.000	0.000
146	  E	  1.9	  0.1	3.849	0.000	0.000
147	  V	  2.8	  0.1	3.692	0.000	0.000
148	  R	  2.8	  0.1	3.692	0.000	0.000
149	  D	  0.9	  0.2	3.692	0.000	0.000
150	  R	  0.7	  0.2	3.692	0.000	0.000
151	  L	  0.9	  0.3	3.692	0.000	0.000
152	  R	  0.9	  0.3	3.400	0.000	0.000
153	  G	  0.3	  0.2	2.457	0.000	0.000
154	  H	  2.3	  0.2	1.351	0.000	0.000
155	  V	  2.8	  0.0	1.396	0.000	0.000
156	  E	  2.8	  0.1	1.842	0.000	0.000
157	  E	  0.9	  0.1	2.201	0.000	0.000
158	  L	  0.6	  0.1	2.201	0.000	0.000
159	  R	  1.1	  0.1	2.201	0.000	0.000
160	  Q	  1.2	  0.1	2.201	0.000	0.000
161	  Q	  3.0	  0.1	1.651	0.000	0.000
162	  L	  2.7	  0.1	1.205	0.000	0.000
163	  K	  2.3	  0.0	1.205	0.000	0.000
164	  P	  0.1	  0.0	0.000	0.000	0.000
165	  Y	  0.3	  0.2	0.000	0.000	0.000
166	  S	  0.3	  0.3	1.362	0.000	0.000
167	  D	  0.3	  0.4	3.747	0.000	0.000
168	  E	  0.4	  0.4	5.319	0.000	0.000
169	  L	  0.5	  0.2	5.319	0.000	0.000
170	  Q	  0.7	  0.2	5.319	0.000	0.000
171	  T	  1.3	  0.1	5.470	0.000	0.000
172	  K	  2.0	  0.1	5.470	0.000	0.000
173	  L	  2.0	  0.1	5.470	0.000	0.000
174	  N	  1.3	  0.1	7.780	0.000	0.000
175	  Q	  0.8	  0.1	6.568	0.000	0.000
176	  K	  1.6	  0.1	4.503	0.000	0.000
177	  L	  1.6	  0.2	3.173	0.000	0.000
178	  K	  1.4	  0.2	3.173	0.000	0.000
179	  N	  0.6	  0.7	2.990	0.000	0.000
180	  L	  0.4	  1.0	0.962	0.000	0.000
181	  S	  0.4	  3.7	0.466	0.000	0.000
182	  D	  0.1	  4.6	0.132	0.000	0.000
183	  N	  0.0	  4.1	0.000	0.000	0.000
184	  G	  0.0	  3.8	0.000	0.000	0.000
185	  L	  0.0	  1.0	0.000	0.000	0.000
186	  P	  0.0	  0.2	0.000	0.000	0.000
187	  K	  0.2	  0.2	0.000	0.000	0.000
188	  A	  0.2	  0.2	0.000	0.000	0.000
189	  S	  0.3	  0.1	0.000	0.000	0.000
190	  E	  1.7	  0.1	0.000	0.000	0.000
191	  Y	  4.4	  0.1	0.000	0.000	0.000
192	  Q	  4.5	  0.0	0.000	0.000	0.000
193	  A	  3.2	  0.0	0.000	0.000	0.000
194	  R	  1.1	  0.0	0.000	0.000	0.000
195	  L	  1.1	  0.0	0.000	0.000	0.000
196	  V	  4.1	  0.1	0.000	0.000	0.000
197	  E	  3.5	  0.0	0.000	0.000	0.000
198	  H	  3.9	  0.0	0.000	0.000	0.000
199	  L	  1.7	  0.0	0.000	0.000	0.000
200	  T	  2.1	  0.0	0.314	0.000	0.000
201	  A	  1.7	  0.0	0.314	0.000	0.000
202	  L	  0.9	  0.0	0.314	0.000	0.000
203	  R	  0.4	  0.1	0.314	0.000	0.000
204	  E	  0.2	  0.1	0.314	0.000	0.000
205	  K	  0.6	  0.1	0.314	0.000	0.000
206	  A	  0.5	  0.1	0.000	0.000	0.000
207	  A	  0.4	  0.0	0.000	0.000	0.000
208	  P	  0.0	  0.0	0.000	0.000	0.000
209	  I	  3.2	  0.0	0.000	0.000	0.000
210	  V	  4.6	  0.0	0.553	0.000	0.000
211	  E	  4.6	  0.1	0.738	0.000	0.000
212	  Q	  2.3	  0.1	0.738	0.000	0.000
213	  L	  1.2	  0.1	0.738	0.000	0.000
214	  R	  2.5	  0.4	0.738	0.000	0.000
215	  Q	  1.8	  0.4	0.738	0.000	0.000
216	  D	  1.8	  0.4	0.478	0.000	0.000
217	  L	  0.7	  0.4	0.000	0.000	0.000
218	  T	  0.6	  0.0	0.000	0.000	0.000
219	  P	  0.2	  0.0	0.000	0.000	0.000
220	  F	  0.2	  0.2	0.000	0.000	0.000
221	  A	  0.2	  0.3	0.000	0.000	0.000
222	  D	  0.3	  0.3	1.571	0.000	0.000
223	  S	  1.4	  0.3	27.290	0.000	0.000
224	  V	  2.5	  0.1	27.400	0.000	0.000
225	  K	  2.6	  0.0	27.492	0.000	0.000
226	  T	  1.7	  0.0	28.364	0.000	0.000
227	  R	  0.8	  0.0	28.592	0.000	0.000
228	  L	  0.9	  0.0	28.688	0.828	0.828
229	  L	  1.6	  0.0	27.889	0.828	0.828
230	  N	  1.3	  0.0	32.202	0.828	0.828
231	  L	  1.1	  0.0	31.443	0.828	0.828
232	  L	  0.1	  0.0	33.055	0.828	0.828
233	  E	  0.1	  0.0	35.217	0.000	0.000
234	  E	  1.2	  0.0	34.332	0.000	0.000
235	  V	  1.7	  0.0	33.718	0.000	0.000
236	  R	  1.8	  0.0	33.718	0.000	0.000
237	  K	  0.6	  0.1	32.493	0.000	0.000
238	  K	  0.3	  0.1	29.870	0.000	0.000
239	  L	  0.4	  0.1	21.539	0.000	0.000
240	  A	  0.5	  0.0	18.998	0.000	0.000
241	  S	  0.3	  0.0	15.486	0.000	0.000
242	  S	  0.2	  0.0	0.761	0.000	0.000
