res	aa	Beta	Turn	Helix	Aggregation	Conc-Stab_Aggregation
01	  D	  0.0	  0.0	0.000	0.000	0.000
02	  E	  0.0	  0.0	0.000	0.000	0.000
03	  P	  0.0	  0.1	0.000	0.000	0.000
04	  Q	  0.1	  0.1	0.000	0.000	0.000
05	  T	  1.5	  0.1	0.000	0.000	0.000
06	  S	 17.4	  0.2	0.000	0.000	0.000
07	  W	 18.2	  0.3	0.000	0.000	0.000
08	  S	 17.2	  0.3	0.000	0.000	0.000
09	  R	  2.7	  0.3	0.000	0.000	0.000
10	  V	  2.6	  0.2	0.000	2.188	2.188
11	  K	  2.4	  0.1	0.000	2.382	2.382
12	  D	  1.2	  0.1	6.616	2.382	2.382
13	  L	  0.5	  0.1	6.616	79.806	79.806
14	  V	 17.6	  0.0	6.616	81.991	81.991
15	  T	 22.3	  0.0	6.616	81.991	81.991
16	  V	 24.8	  0.0	6.616	81.991	81.991
17	  Y	  9.2	  0.1	6.731	81.991	81.991
18	  L	  3.9	  0.1	5.990	68.890	68.890
19	  D	  1.0	  0.2	6.088	0.285	0.285
20	  A	  0.4	  0.2	5.646	0.285	0.285
21	  L	  0.4	  0.3	5.277	0.285	0.285
22	  K	  0.4	  0.4	4.684	0.285	0.285
23	  D	  0.3	  1.5	1.652	0.000	0.000
24	  S	  0.4	  1.6	0.795	0.000	0.000
25	  S	  0.7	  2.8	0.137	0.000	0.000
26	  R	  0.9	  2.7	0.000	0.000	0.000
27	  D	  0.9	  1.4	0.000	0.000	0.000
28	  Y	  2.3	  1.3	0.000	0.000	0.000
29	  V	  3.9	  0.1	0.000	0.000	0.000
30	  S	  4.0	  0.1	1.018	0.000	0.000
31	  Q	  9.4	  0.1	1.018	0.000	0.000
32	  F	  9.9	  0.1	1.151	0.000	0.000
33	  E	  9.6	  0.0	1.395	0.000	0.000
34	  A	  2.8	  0.1	1.395	0.000	0.000
35	  S	  0.5	  0.3	2.073	0.000	0.000
36	  A	  0.4	  0.4	1.828	0.000	0.000
37	  L	  0.2	  0.5	1.828	0.000	0.000
38	  G	  0.1	  0.5	1.696	0.000	0.000
39	  K	  0.2	  0.3	1.128	0.000	0.000
40	  Q	  1.1	  0.2	0.678	0.000	0.000
41	  L	  2.8	  0.1	0.439	0.000	0.000
42	  N	  3.0	  0.0	0.973	0.000	0.000
43	  L	  3.9	  0.0	0.822	0.000	0.000
44	  K	  2.9	  0.0	0.687	0.000	0.000
45	  I	  3.1	  0.1	0.534	0.000	0.000
46	  L	  1.3	  0.3	0.534	0.000	0.000
47	  D	  0.7	  0.3	0.534	0.000	0.000
48	  N	  0.8	  0.8	0.452	0.000	0.000
49	  W	  1.1	  0.9	0.139	0.000	0.000
50	  D	  1.0	  0.6	0.139	0.000	0.000
51	  T	  5.2	  0.6	0.139	0.000	0.000
52	  L	  5.1	  0.2	0.139	0.000	0.000
53	  S	  5.4	  0.2	0.139	0.000	0.000
54	  S	  1.2	  0.2	0.000	0.000	0.000
55	  T	 19.9	  0.2	0.000	0.000	0.000
56	  F	 23.4	  0.1	0.000	0.000	0.000
57	  T	 23.6	  0.1	0.000	0.000	0.000
58	  K	  5.7	  0.1	0.000	0.000	0.000
59	  L	  1.4	  0.1	0.000	0.000	0.000
60	  Q	  0.6	  0.1	0.000	0.000	0.000
61	  E	  0.1	  0.1	0.000	0.000	0.000
62	  Q	  2.2	  0.1	0.000	0.000	0.000
63	  M	  2.3	  0.0	0.000	0.000	0.000
64	  R	  2.3	  0.0	0.000	0.000	0.000
65	  P	  0.2	  0.0	0.000	0.000	0.000
66	  I	  1.5	  0.0	0.000	0.000	0.000
67	  F	  3.7	  0.1	0.000	0.000	0.000
68	  Q	  4.0	  0.1	0.000	0.000	0.000
69	  K	  2.8	  0.1	0.000	0.000	0.000
70	  L	  0.7	  0.1	0.000	0.000	0.000
71	  W	  0.9	  0.6	0.000	0.000	0.000
72	  E	  0.6	  0.7	0.000	0.000	0.000
73	  D	  0.7	  2.1	0.000	0.000	0.000
74	  L	  0.3	  2.1	0.000	0.000	0.000
75	  D	  0.3	  1.6	0.000	0.000	0.000
76	  K	  0.4	  1.7	0.000	0.000	0.000
77	  E	  0.5	  0.2	0.000	0.000	0.000
78	  T	  0.5	  0.2	0.000	0.000	0.000
79	  S	  0.3	  0.3	0.729	0.000	0.000
80	  P	  0.1	  0.2	0.900	0.000	0.000
81	  L	  0.0	  0.2	0.900	0.000	0.000
82	  R	  0.3	  0.2	0.900	0.000	0.000
83	  E	  0.9	  0.0	0.900	0.000	0.000
84	  V	  4.0	  0.0	0.900	0.000	0.000
85	  L	  3.9	  0.0	0.900	0.000	0.000
86	  N	  3.4	  0.9	2.179	0.000	0.000
87	  K	  0.2	  0.9	1.988	0.000	0.000
88	  D	  0.3	  0.9	12.571	0.000	0.000
89	  L	  0.3	  1.0	13.391	0.000	0.000
90	  E	  0.3	  0.1	13.895	0.000	0.000
91	  E	  1.2	  0.1	14.218	0.000	0.000
92	  L	  1.3	  0.1	14.094	0.000	0.000
93	  K	  1.6	  0.1	14.094	0.000	0.000
94	  Q	  1.0	  0.1	12.109	0.000	0.000
95	  K	  3.8	  0.1	7.972	0.000	0.000
96	  V	  3.9	  0.0	4.354	0.000	0.000
97	  Q	  3.3	  0.0	4.173	0.000	0.000
98	  P	  0.4	  0.0	0.000	0.000	0.000
99	  Y	  0.9	  0.1	0.000	0.000	0.000
100	  L	  1.1	  0.2	0.000	0.000	0.000
101	  D	  1.8	  0.2	2.052	0.000	0.000
102	  Q	  5.0	  0.2	2.052	0.000	0.000
103	  F	  6.9	  0.1	2.052	0.000	0.000
104	  Q	  6.4	  0.0	2.052	0.000	0.000
105	  K	  2.3	  0.0	2.052	0.000	0.000
106	  K	  0.9	  0.0	2.052	0.000	0.000
107	  W	  1.4	  0.0	1.685	0.000	0.000
108	  Q	  1.4	  0.1	1.685	0.000	0.000
109	  E	  0.8	  0.1	1.304	0.000	0.000
110	  E	  2.4	  0.1	1.336	0.000	0.000
111	  V	  7.0	  0.1	1.431	0.000	0.000
112	  E	  7.2	  0.1	1.431	0.000	0.000
113	  L	  5.1	  0.1	1.431	0.000	0.000
114	  F	  2.7	  0.1	1.431	0.000	0.000
115	  R	  2.8	  0.1	1.101	0.000	0.000
116	  Q	  3.0	  0.1	0.941	0.000	0.000
117	  K	  1.7	  0.1	0.154	0.000	0.000
118	  M	  1.4	  0.0	0.000	0.000	0.000
119	  A	  1.1	  0.4	0.000	0.000	0.000
120	  P	  0.1	  0.4	0.000	0.000	0.000
121	  L	  0.0	  0.5	0.000	0.000	0.000
122	  G	  0.0	  0.5	0.000	0.000	0.000
123	  T	  0.1	  0.2	0.151	0.000	0.000
124	  E	  0.4	  0.2	0.151	0.000	0.000
125	  L	  0.4	  0.2	0.151	0.000	0.000
126	  R	  0.3	  0.6	0.151	0.000	0.000
127	  E	  0.1	  1.2	0.151	0.000	0.000
128	  G	  0.0	  1.2	0.736	0.000	0.000
129	  S	  0.3	  1.2	1.998	0.000	0.000
130	  R	  0.6	  0.8	1.998	0.000	0.000
131	  Q	  1.0	  0.2	1.998	0.000	0.000
132	  K	  1.3	  0.1	2.189	0.000	0.000
133	  L	  1.0	  0.1	2.189	0.000	0.000
134	  Q	  0.8	  0.1	2.189	0.000	0.000
135	  E	  0.5	  0.1	2.011	0.000	0.000
136	  L	  0.5	  0.1	2.011	0.000	0.000
137	  Q	  0.6	  0.1	2.011	0.000	0.000
138	  E	  0.3	  0.2	1.494	0.000	0.000
139	  K	  0.4	  0.2	1.305	0.000	0.000
140	  L	  0.2	  0.2	1.041	0.000	0.000
141	  G	  0.2	  0.7	1.041	0.000	0.000
142	  P	  0.0	  0.6	0.000	0.000	0.000
143	  L	  0.0	  0.7	0.000	0.000	0.000
144	  G	  0.0	  0.7	1.033	0.000	0.000
145	  E	  0.0	  0.2	1.033	0.000	0.000
146	  E	  0.3	  0.2	1.033	0.000	0.000
147	  L	  0.5	  0.3	1.033	0.000	0.000
148	  R	  0.5	  0.3	1.033	0.000	0.000
149	  D	  0.3	  0.3	1.033	0.000	0.000
150	  S	  2.2	  0.3	0.651	0.000	0.000
151	  L	  2.8	  0.3	0.442	0.000	0.000
152	  R	  3.3	  0.2	0.442	0.000	0.000
153	  S	  1.6	  0.1	0.230	0.000	0.000
154	  H	  2.5	  0.1	0.000	0.000	0.000
155	  V	  2.6	  0.1	0.000	0.000	0.000
156	  D	  2.2	  0.2	0.566	0.000	0.000
157	  A	  1.0	  0.2	0.566	0.000	0.000
158	  L	  0.5	  0.2	0.566	0.000	0.000
159	  R	  0.8	  0.2	0.566	0.000	0.000
160	  T	  1.6	  0.1	0.566	0.000	0.000
161	  Q	  1.7	  0.1	0.566	0.000	0.000
162	  L	  1.5	  0.1	0.165	0.000	0.000
163	  A	  0.4	  0.0	0.165	0.000	0.000
164	  P	  0.0	  0.0	0.216	0.000	0.000
165	  Y	  1.1	  0.0	0.795	0.000	0.000
166	  T	  1.1	  0.1	18.375	0.000	0.000
167	  E	  1.1	  0.1	20.818	0.000	0.000
168	  E	  0.3	  0.1	23.369	0.000	0.000
169	  M	  0.6	  0.1	23.369	0.000	0.000
170	  R	  1.0	  0.1	23.369	0.000	0.000
171	  Q	  1.0	  0.1	23.369	0.000	0.000
172	  R	  0.8	  0.1	22.386	0.000	0.000
173	  L	  0.5	  0.0	20.679	0.000	0.000
174	  A	  0.4	  0.1	19.199	0.000	0.000
175	  S	  0.3	  0.1	17.951	0.000	0.000
176	  R	  0.6	  0.1	10.589	0.000	0.000
177	  L	  0.6	  0.1	7.746	0.000	0.000
178	  E	  0.6	  0.1	7.293	0.000	0.000
179	  A	  0.4	  0.0	6.331	0.000	0.000
180	  L	  0.3	  0.1	5.946	0.000	0.000
181	  K	  0.4	  0.2	4.939	0.000	0.000
182	  E	  0.2	  0.3	2.198	0.000	0.000
183	  S	  0.1	  0.3	0.856	0.000	0.000
184	  N	  0.1	  0.3	0.407	0.000	0.000
185	  L	  0.1	  0.3	0.285	0.000	0.000
186	  A	  0.2	  0.2	0.285	0.000	0.000
187	  E	  4.1	  0.2	0.285	0.000	0.000
188	  Y	  5.0	  0.2	0.285	0.000	0.000
189	  H	  5.9	  0.0	0.285	0.000	0.000
190	  T	  2.5	  0.1	0.000	0.000	0.000
191	  K	  1.8	  0.1	0.000	0.000	0.000
192	  A	  0.8	  0.1	0.000	0.000	0.000
193	  S	  0.3	  0.2	0.000	0.000	0.000
194	  E	  0.2	  0.2	0.000	0.000	0.000
195	  H	  1.0	  0.2	0.000	0.000	0.000
196	  L	  1.7	  0.1	0.000	0.000	0.000
197	  S	  1.8	  0.0	0.529	0.000	0.000
198	  A	  1.2	  0.0	0.529	0.000	0.000
199	  L	  0.5	  0.1	0.529	0.000	0.000
200	  R	  0.5	  0.3	0.529	0.000	0.000
201	  E	  0.2	  0.3	0.529	0.000	0.000
202	  N	  0.3	  0.3	0.529	0.000	0.000
203	  A	  0.2	  0.3	0.165	0.000	0.000
204	  K	  0.2	  0.0	0.165	0.000	0.000
205	  P	  0.0	  0.0	0.000	0.000	0.000
206	  A	  0.1	  0.0	0.000	0.000	0.000
207	  L	  0.2	  0.6	0.000	0.000	0.000
208	  E	  0.2	  0.6	0.000	0.000	0.000
209	  D	  1.5	  0.6	0.000	0.000	0.000
210	  F	  3.9	  0.8	0.000	0.000	0.000
211	  R	  3.9	  0.3	0.000	0.000	0.000
212	  Q	  2.6	  0.3	0.000	0.000	0.000
213	  G	  0.1	  0.3	0.000	0.000	0.000
214	  L	  0.1	  0.1	0.000	0.000	0.000
215	  M	  0.2	  0.0	0.000	0.000	0.000
216	  P	  0.1	  0.0	0.000	0.000	0.000
217	  V	  1.6	  0.0	0.000	0.000	0.000
218	  L	  1.6	  0.8	0.000	0.000	0.000
219	  E	  1.6	  0.8	0.000	0.000	0.000
220	  G	  0.1	  0.8	0.000	0.000	0.000
221	  F	  2.2	  0.8	0.000	0.000	0.000
222	  Q	  2.4	  0.1	0.000	0.000	0.000
223	  K	  2.9	  0.1	0.000	0.000	0.000
224	  S	  1.5	  0.1	0.000	1.256	1.256
225	  V	  2.5	  0.1	0.000	8.215	8.215
226	  L	  2.0	  0.0	0.000	8.215	8.215
227	  A	  1.5	  0.0	0.000	8.215	8.215
228	  A	  0.3	  0.0	0.000	8.215	8.215
229	  L	  0.2	  0.0	0.000	7.810	7.810
230	  D	  0.1	  0.1	37.526	0.000	0.000
231	  E	  0.2	  0.1	37.646	0.000	0.000
232	  A	  0.4	  0.1	37.646	0.000	0.000
233	  T	  1.1	  0.1	37.747	0.000	0.000
234	  K	  1.0	  0.1	37.747	0.000	0.000
235	  K	  1.3	  0.1	37.747	0.000	0.000
236	  L	  0.9	  0.1	22.119	0.000	0.000
237	  N	  1.0	  0.0	16.903	0.000	0.000
238	  S	  0.4	  0.0	10.201	0.000	0.000
239	  Q	  0.1	  0.0	0.935	0.000	0.000
