res	aa	Beta	Turn	Helix	Aggregation	Conc-Stab_Aggregation
01	  D	  0.0	  0.0	0.000	0.000	0.000
02	  E	  0.0	  0.0	0.000	0.000	0.000
03	  P	  0.0	  0.1	0.000	0.000	0.000
04	  R	  0.2	  0.1	0.000	0.000	0.000
05	  S	  0.5	  0.1	0.198	0.000	0.000
06	  S	  6.2	  0.6	0.198	0.000	0.000
07	  W	  6.3	  0.6	0.198	0.000	0.000
08	  D	  6.1	  0.6	0.488	0.000	0.000
09	  K	  3.2	  0.6	0.488	0.000	0.000
10	  I	  3.1	  0.4	0.488	0.584	0.584
11	  K	  3.1	  0.3	0.488	0.723	0.723
12	  D	  0.4	  0.3	1.015	0.723	0.723
13	  F	  0.5	  0.5	1.015	61.243	61.243
14	  A	  1.1	  0.2	0.527	62.079	62.079
15	  T	  7.1	  0.2	0.527	62.079	62.079
16	  V	 12.2	  0.2	0.527	62.079	62.079
17	  Y	 12.7	  0.0	0.527	62.079	62.079
18	  V	  7.7	  0.0	0.000	57.189	57.189
19	  D	  2.8	  0.0	0.000	0.340	0.340
20	  T	 12.6	  0.0	0.000	0.340	0.340
21	  I	 12.1	  0.1	0.000	0.340	0.340
22	  K	 11.4	  0.3	0.000	0.340	0.340
23	  D	  0.3	  1.0	0.000	0.000	0.000
24	  S	  0.1	  1.2	0.000	0.000	0.000
25	  G	  0.1	  1.2	0.000	0.000	0.000
26	  R	  0.3	  1.0	0.000	0.000	0.000
27	  E	  0.3	  0.3	0.000	0.000	0.000
28	  Y	  3.0	  0.1	0.000	0.796	0.796
29	  V	  4.3	  0.0	0.000	0.796	0.796
30	  A	  4.5	  0.0	0.000	0.796	0.796
31	  Q	  9.1	  0.0	0.000	0.796	0.796
32	  F	  9.9	  0.0	0.000	0.796	0.796
33	  E	  9.7	  0.0	0.000	0.000	0.000
34	  A	  2.9	  0.1	0.000	0.000	0.000
35	  S	  0.7	  0.2	0.000	0.000	0.000
36	  A	  0.6	  0.4	0.000	0.000	0.000
37	  F	  0.6	  0.6	0.000	0.000	0.000
38	  G	  0.3	  0.7	0.000	0.000	0.000
39	  K	  0.3	  0.5	0.000	0.000	0.000
40	  Q	  1.1	  0.3	0.000	0.000	0.000
41	  L	  2.8	  0.1	0.000	0.000	0.000
42	  N	  3.0	  0.0	0.827	0.000	0.000
43	  L	  3.6	  0.0	0.827	0.000	0.000
44	  K	  2.2	  0.0	0.827	0.000	0.000
45	  L	  2.3	  0.0	0.827	0.000	0.000
46	  L	  0.8	  0.3	0.827	0.000	0.000
47	  D	  0.6	  0.3	0.827	0.000	0.000
48	  N	  0.8	  0.9	0.360	0.000	0.000
49	  W	  1.2	  1.0	0.000	0.000	0.000
50	  D	  1.2	  0.9	0.000	0.000	0.000
51	  S	  5.5	  1.1	0.000	0.000	0.000
52	  L	  5.2	  0.6	0.000	0.000	0.000
53	  S	  5.5	  0.5	0.000	0.000	0.000
54	  S	  1.1	  0.4	0.000	0.000	0.000
55	  T	 18.4	  0.1	0.000	0.000	0.000
56	  V	 18.9	  0.1	0.000	0.000	0.000
57	  S	 18.7	  0.1	0.000	0.000	0.000
58	  K	  1.8	  0.1	0.000	0.000	0.000
59	  L	  0.7	  0.1	0.000	0.000	0.000
60	  Q	  0.7	  0.1	0.000	0.000	0.000
61	  E	  0.2	  0.1	0.000	0.000	0.000
62	  Q	  0.2	  0.1	0.000	0.000	0.000
63	  L	  0.1	  0.1	0.000	0.000	0.000
64	  G	  0.1	  0.1	0.000	0.000	0.000
65	  P	  0.0	  0.0	0.000	0.000	0.000
66	  V	  4.1	  0.0	0.000	0.000	0.000
67	  T	  4.6	  0.1	0.000	0.000	0.000
68	  Q	  5.0	  0.1	0.000	0.000	0.000
69	  E	  1.4	  0.1	0.000	0.000	0.000
70	  F	  2.1	  0.1	0.000	0.000	0.000
71	  W	  2.0	  0.4	0.000	0.000	0.000
72	  D	  1.5	  0.5	0.169	0.000	0.000
73	  N	  0.8	  0.5	0.169	0.000	0.000
74	  L	  0.7	  0.4	0.169	0.000	0.000
75	  E	  0.8	  0.1	0.169	0.000	0.000
76	  K	  0.5	  0.1	0.169	0.000	0.000
77	  E	  0.4	  0.2	0.169	0.000	0.000
78	  T	  0.3	  0.3	1.648	0.000	0.000
79	  E	  0.0	  0.4	1.648	0.000	0.000
80	  G	  0.0	  0.3	1.648	0.000	0.000
81	  L	  0.1	  0.3	1.648	0.000	0.000
82	  R	  0.1	  0.1	1.648	0.000	0.000
83	  E	  0.1	  0.1	1.648	0.000	0.000
84	  E	  1.1	  0.1	1.648	0.000	0.000
85	  M	  1.3	  0.1	0.989	0.000	0.000
86	  N	  1.3	  1.0	0.837	0.000	0.000
87	  K	  0.3	  1.1	0.583	0.000	0.000
88	  D	  0.2	  1.1	4.278	0.000	0.000
89	  L	  0.2	  1.1	4.091	0.000	0.000
90	  Q	  0.6	  0.0	4.091	0.000	0.000
91	  E	  2.2	  0.0	4.091	0.000	0.000
92	  V	  4.7	  0.1	4.091	0.000	0.000
93	  R	  4.6	  0.1	4.091	0.000	0.000
94	  Q	  3.5	  0.0	3.278	0.000	0.000
95	  K	  4.2	  0.0	2.513	0.000	0.000
96	  V	  4.2	  0.0	0.857	0.000	0.000
97	  Q	  3.6	  0.0	0.857	0.000	0.000
98	  P	  0.4	  0.0	0.000	0.000	0.000
99	  Y	  0.8	  0.1	0.150	0.000	0.000
100	  L	  0.8	  0.1	0.343	0.000	0.000
101	  D	  0.8	  0.1	20.799	0.000	0.000
102	  E	  1.2	  0.1	24.215	0.000	0.000
103	  F	  2.7	  0.1	24.314	0.000	0.000
104	  Q	  2.8	  0.0	24.314	0.000	0.000
105	  K	  1.7	  0.0	24.314	0.000	0.000
106	  K	  0.7	  0.0	24.450	0.000	0.000
107	  W	  1.1	  0.0	24.479	0.000	0.000
108	  Q	  1.1	  0.1	24.217	0.000	0.000
109	  E	  0.6	  0.1	22.782	0.000	0.000
110	  E	  1.8	  0.1	22.262	0.000	0.000
111	  V	  3.0	  0.1	21.702	0.000	0.000
112	  E	  3.2	  0.1	21.702	0.000	0.000
113	  R	  2.3	  0.1	21.331	0.000	0.000
114	  Y	  2.6	  0.1	20.457	0.000	0.000
115	  R	  2.6	  0.0	9.819	0.000	0.000
116	  Q	  2.3	  0.0	7.836	0.000	0.000
117	  K	 15.3	  0.0	3.260	0.000	0.000
118	  V	 15.8	  0.0	0.442	0.000	0.000
119	  E	 15.3	  0.2	0.442	0.000	0.000
120	  P	  0.7	  0.2	0.000	0.000	0.000
121	  L	  0.1	  0.2	0.000	0.000	0.000
122	  G	  0.1	  0.2	0.392	0.000	0.000
123	  V	  5.2	  0.0	0.392	0.000	0.000
124	  E	  5.4	  0.0	0.392	0.000	0.000
125	  L	  5.4	  0.1	0.392	0.000	0.000
126	  R	  0.4	  0.2	1.026	0.000	0.000
127	  E	  0.2	  0.2	1.026	0.000	0.000
128	  S	  1.0	  0.2	1.070	0.000	0.000
129	  A	  1.1	  0.2	0.884	0.000	0.000
130	  R	  1.4	  0.1	0.884	0.000	0.000
131	  Q	  0.9	  0.1	0.884	0.000	0.000
132	  K	  2.9	  0.1	0.509	0.000	0.000
133	  L	  2.6	  0.1	0.249	0.000	0.000
134	  T	  2.3	  0.1	0.000	0.000	0.000
135	  E	  0.6	  0.1	0.000	0.000	0.000
136	  L	  0.5	  0.1	0.000	0.000	0.000
137	  Q	  0.6	  0.1	0.000	0.000	0.000
138	  E	  0.3	  0.1	0.000	0.000	0.000
139	  K	  1.2	  0.1	0.000	0.000	0.000
140	  L	  1.2	  0.1	0.000	0.000	0.000
141	  S	  1.1	  0.3	0.365	0.000	0.000
142	  P	  0.1	  0.2	0.365	0.000	0.000
143	  L	  0.0	  0.2	0.365	0.000	0.000
144	  A	  0.0	  0.3	0.365	0.000	0.000
145	  E	  0.0	  0.1	0.365	0.000	0.000
146	  E	  0.3	  0.1	0.365	0.000	0.000
147	  L	  0.5	  0.3	0.176	0.000	0.000
148	  R	  0.6	  0.3	0.176	0.000	0.000
149	  D	  0.3	  0.3	0.000	0.000	0.000
150	  S	  0.9	  0.3	0.000	0.000	0.000
151	  A	  0.9	  0.2	0.000	0.000	0.000
152	  R	  1.3	  0.1	0.000	0.000	0.000
153	  T	  2.4	  0.1	0.000	0.000	0.000
154	  H	  3.8	  0.1	0.000	0.000	0.000
155	  V	  4.4	  0.1	0.000	0.000	0.000
156	  D	  2.5	  0.1	0.165	0.000	0.000
157	  T	  3.5	  0.1	0.969	0.000	0.000
158	  L	  2.7	  0.1	0.969	0.000	0.000
159	  R	  2.9	  0.1	0.969	0.000	0.000
160	  T	  1.4	  0.1	0.969	0.000	0.000
161	  K	  2.1	  0.1	0.969	0.000	0.000
162	  L	  1.9	  0.1	0.804	0.000	0.000
163	  A	  0.9	  0.2	0.432	0.000	0.000
164	  P	  0.1	  0.1	0.000	0.000	0.000
165	  Y	  0.4	  0.3	0.000	0.000	0.000
166	  S	  0.4	  0.3	1.073	0.000	0.000
167	  N	  0.4	  0.3	3.074	0.000	0.000
168	  E	  0.4	  0.3	4.697	0.000	0.000
169	  L	  0.5	  0.1	4.697	0.000	0.000
170	  Q	  0.8	  0.1	5.014	0.000	0.000
171	  Q	  0.7	  0.1	5.014	0.000	0.000
172	  R	  0.7	  0.1	5.014	0.000	0.000
173	  L	  0.6	  0.1	5.014	0.000	0.000
174	  A	  0.3	  0.0	5.014	0.000	0.000
175	  A	  0.5	  0.0	4.845	0.000	0.000
176	  R	  0.8	  0.0	3.637	0.000	0.000
177	  L	  0.8	  0.1	1.975	0.000	0.000
178	  E	  0.6	  0.1	1.658	0.000	0.000
179	  S	  1.1	  0.1	0.953	0.000	0.000
180	  I	  1.9	  0.2	0.307	0.000	0.000
181	  K	  1.8	  0.3	0.307	0.000	0.000
182	  E	  0.9	  0.6	0.000	0.000	0.000
183	  G	  0.0	  0.7	0.000	0.000	0.000
184	  G	  0.0	  0.8	0.000	0.000	0.000
185	  G	  0.0	  0.8	0.000	0.000	0.000
186	  A	  0.5	  0.6	0.000	0.000	0.000
187	  S	  0.6	  0.4	3.026	0.000	0.000
188	  L	  0.6	  0.4	3.026	0.000	0.000
189	  A	  0.3	  0.2	3.681	0.000	0.000
190	  E	  1.7	  0.2	3.854	0.000	0.000
191	  Y	  4.3	  0.2	3.854	0.000	0.000
192	  Q	  4.4	  0.0	3.854	0.000	0.000
193	  A	  3.0	  0.0	3.345	0.000	0.000
194	  K	  0.5	  0.0	3.175	0.000	0.000
195	  A	  0.3	  0.1	2.160	0.000	0.000
196	  R	  0.3	  0.1	1.817	0.000	0.000
197	  E	  0.2	  0.1	0.744	0.000	0.000
198	  H	  1.0	  0.1	0.287	0.000	0.000
199	  L	  3.0	  0.1	0.000	0.393	0.393
200	  S	  3.6	  0.0	0.000	0.393	0.393
201	  V	  6.0	  0.0	0.000	0.393	0.393
202	  L	  3.9	  0.1	0.000	0.393	0.393
203	  S	  3.3	  0.1	0.000	0.393	0.393
204	  E	  0.2	  0.2	0.000	0.000	0.000
205	  K	  0.5	  0.2	0.000	0.000	0.000
206	  A	  0.5	  0.1	0.000	0.000	0.000
207	  R	  0.4	  0.0	0.000	0.000	0.000
208	  P	  0.0	  0.0	0.000	0.000	0.000
209	  A	  0.1	  0.0	0.000	0.000	0.000
210	  L	  0.2	  0.3	0.000	0.000	0.000
211	  E	  0.2	  0.3	0.000	0.000	0.000
212	  D	  0.5	  0.3	0.000	0.000	0.000
213	  L	  0.8	  0.4	0.000	0.000	0.000
214	  R	  0.8	  0.3	0.000	0.000	0.000
215	  Q	  0.4	  0.3	0.000	0.000	0.000
216	  G	  0.1	  0.3	0.000	0.000	0.000
217	  L	  0.1	  0.1	0.000	0.000	0.000
218	  L	  0.1	  0.0	0.000	0.000	0.000
219	  P	  0.1	  0.0	0.000	0.000	0.000
220	  V	  1.6	  0.0	0.000	0.000	0.000
221	  L	  1.8	  0.3	0.000	0.000	0.000
222	  E	  2.0	  0.3	0.000	0.000	0.000
223	  S	  2.1	  0.3	0.000	0.000	0.000
224	  F	  3.2	  0.3	0.000	0.000	0.000
225	  K	  3.2	  0.0	0.000	0.000	0.000
226	  A	  2.0	  0.0	0.000	0.000	0.000
227	  S	  2.2	  0.0	0.000	0.000	0.000
228	  V	  3.5	  0.0	0.000	0.000	0.000
229	  Q	  3.3	  0.0	0.000	0.000	0.000
230	  N	  2.0	  0.0	0.000	0.000	0.000
231	  V	  2.7	  0.0	0.000	0.000	0.000
232	  L	  2.3	  0.0	0.000	0.000	0.000
233	  D	  2.1	  0.1	30.714	0.000	0.000
234	  E	  0.2	  0.1	30.714	0.000	0.000
235	  A	  0.4	  0.1	30.714	0.000	0.000
236	  T	  1.2	  0.1	30.714	0.000	0.000
237	  K	  1.1	  0.1	30.714	0.000	0.000
238	  K	  1.5	  0.1	30.714	0.000	0.000
239	  L	  0.9	  0.1	13.949	0.000	0.000
240	  N	  1.1	  0.0	8.354	0.000	0.000
241	  T	  0.5	  0.0	1.165	0.000	0.000
242	  Q	  0.3	  0.0	0.598	0.000	0.000
