res	aa	Beta	Turn	Helix	Aggregation	Conc-Stab_Aggregation
01	  A	  0.0	  0.4	0.000	0.000	0.000
02	  P	  0.0	  0.4	0.000	0.000	0.000
03	  S	  0.2	  0.5	0.000	0.000	0.000
04	  Q	  1.0	  0.5	0.000	0.000	0.000
05	  L	  1.2	  0.2	0.000	0.000	0.000
06	  D	  1.3	  0.1	0.000	0.000	0.000
07	  Q	  1.8	  0.0	0.000	0.000	0.000
08	  I	  3.3	  0.1	0.000	0.000	0.000
09	  R	  3.3	  0.1	0.000	0.000	0.000
10	  S	  2.1	  0.1	0.977	0.000	0.000
11	  A	  0.4	  0.3	0.977	0.000	0.000
12	  A	  0.2	  0.3	0.977	0.000	0.000
13	  D	  2.7	  0.3	0.977	0.000	0.000
14	  V	  6.7	  0.3	0.977	0.000	0.000
15	  Y	  7.2	  0.0	0.977	0.000	0.000
16	  M	  5.2	  0.0	0.219	0.000	0.000
17	  T	  1.6	  0.0	0.000	0.000	0.000
18	  Q	  1.2	  0.0	0.000	0.000	0.000
19	  A	  0.8	  0.2	0.000	0.000	0.000
20	  K	  0.4	  0.3	0.000	0.000	0.000
21	  Q	  0.1	  0.3	0.000	0.000	0.000
22	  G	  0.1	  0.3	0.000	0.000	0.000
23	  L	  0.5	  0.1	0.000	0.000	0.000
24	  I	  2.2	  0.0	0.000	0.000	0.000
25	  K	  2.3	  0.0	0.000	0.000	0.000
26	  A	  2.1	  0.0	0.000	0.000	0.000
27	  L	  0.5	  0.0	0.000	0.000	0.000
28	  D	  0.4	  0.1	0.000	0.000	0.000
29	  Q	  1.0	  0.1	0.000	0.000	0.000
30	  L	  0.9	  0.3	0.000	0.000	0.000
31	  D	  0.9	  0.3	0.000	0.000	0.000
32	  D	  0.1	  0.1	0.000	0.000	0.000
33	  S	  0.0	  0.4	0.000	0.000	0.000
34	  P	  0.0	  0.2	0.000	0.000	0.000
35	  Y	  1.3	  0.3	0.000	0.000	0.000
36	  Q	  1.4	  0.3	0.000	0.000	0.000
37	  E	  2.8	  0.1	0.000	0.000	0.000
38	  L	  1.9	  0.1	0.000	0.000	0.000
39	  K	  2.4	  0.1	0.000	0.000	0.000
40	  A	  1.5	  0.0	0.000	0.000	0.000
41	  T	  4.1	  0.0	0.000	0.000	0.000
42	  L	  3.9	  0.0	0.000	0.000	0.000
43	  T	  4.8	  0.1	0.000	0.000	0.000
44	  Q	  2.4	  0.0	0.000	0.000	0.000
45	  R	  4.2	  0.0	0.000	0.000	0.000
46	  V	  3.9	  0.2	0.000	0.000	0.000
47	  E	  3.2	  0.2	0.000	0.000	0.000
48	  D	  1.1	  0.2	0.229	0.000	0.000
49	  L	  0.3	  0.2	0.229	0.000	0.000
50	  H	  0.8	  0.1	0.229	0.000	0.000
51	  T	  1.2	  0.1	0.229	0.000	0.000
52	  N	  3.1	  0.1	1.273	0.000	0.000
53	  I	  4.3	  0.1	1.273	0.000	0.000
54	  K	  4.0	  0.0	1.456	0.000	0.000
55	  A	  2.1	  0.0	1.227	0.000	0.000
56	  L	  0.7	  0.0	1.227	0.000	0.000
57	  Q	  0.8	  0.0	1.227	0.000	0.000
58	  A	  0.8	  0.0	0.798	0.000	0.000
59	  Q	  1.4	  0.0	0.595	0.000	0.000
60	  V	  1.6	  0.0	0.000	0.000	0.000
61	  S	  1.4	  0.2	0.000	0.000	0.000
62	  P	  0.4	  0.2	0.000	0.000	0.000
63	  Y	  1.9	  0.2	0.000	0.000	0.000
64	  T	  2.6	  0.3	0.000	0.000	0.000
65	  D	  3.2	  0.2	0.000	0.000	0.000
66	  S	  2.2	  0.2	0.000	0.000	0.000
67	  F	  3.1	  0.1	0.000	0.924	0.924
68	  V	  3.4	  0.0	0.000	0.924	0.924
69	  S	  3.0	  0.0	0.000	0.924	0.924
70	  T	 14.8	  0.0	0.000	0.924	0.924
71	  I	 14.1	  0.0	0.000	0.924	0.924
72	  S	 13.8	  0.6	0.729	0.000	0.000
73	  E	  0.6	  0.6	0.729	0.000	0.000
74	  S	  0.5	  0.7	0.871	0.000	0.000
75	  T	  0.5	  1.0	1.440	0.000	0.000
76	  A	  0.4	  0.5	1.440	0.000	0.000
77	  D	  0.7	  0.4	1.440	0.000	0.000
78	  L	  0.7	  0.5	1.141	0.000	0.000
79	  R	  0.8	  0.2	1.141	0.000	0.000
80	  N	  0.7	  0.2	0.940	0.000	0.000
81	  S	  0.8	  0.2	0.179	0.000	0.000
82	  I	  1.8	  0.0	0.000	0.000	0.000
83	  A	  1.4	  0.2	0.000	0.000	0.000
84	  Q	  1.2	  0.1	0.000	0.000	0.000
85	  D	  2.0	  0.1	2.313	0.000	0.000
86	  I	  3.0	  0.2	2.805	0.000	0.000
87	  E	  2.9	  0.0	3.276	0.000	0.000
88	  A	  1.4	  0.0	3.276	0.000	0.000
89	  L	  0.8	  0.0	3.276	0.000	0.000
90	  R	  1.0	  0.6	3.276	0.000	0.000
91	  A	  0.8	  0.6	2.817	0.000	0.000
92	  D	  1.0	  0.6	1.860	0.000	0.000
93	  L	  0.8	  0.6	0.609	0.000	0.000
94	  E	  0.8	  0.0	3.543	0.000	0.000
95	  P	  0.2	  0.1	3.135	0.000	0.000
96	  K	  0.3	  0.1	3.135	0.000	0.000
97	  R	  0.4	  0.1	3.135	0.000	0.000
98	  A	  0.7	  0.1	3.279	0.000	0.000
99	  K	  1.2	  0.1	3.834	0.000	0.000
100	  L	  1.1	  0.1	2.971	0.000	0.000
101	  R	  1.1	  0.1	2.627	0.000	0.000
102	  E	  0.9	  0.0	2.394	0.000	0.000
103	  V	  2.4	  0.0	2.183	0.000	0.000
104	  L	  2.3	  0.1	2.183	0.000	0.000
105	  E	  2.4	  0.1	2.183	0.000	0.000
106	  K	  0.9	  0.1	2.012	0.000	0.000
107	  H	  1.4	  0.1	0.377	0.000	0.000
108	  M	  0.8	  0.2	0.000	0.000	0.000
109	  E	  0.7	  0.1	0.000	0.000	0.000
110	  E	  0.9	  0.1	0.000	0.000	0.000
111	  Y	  1.5	  0.2	0.000	0.000	0.000
112	  R	  1.8	  0.1	0.000	0.000	0.000
113	  T	  2.1	  0.1	0.000	0.000	0.000
114	  H	  2.9	  0.1	0.000	0.000	0.000
115	  L	  2.6	  0.0	0.000	0.000	0.000
116	  E	  1.5	  0.0	0.000	0.000	0.000
117	  P	  0.1	  0.0	0.000	0.000	0.000
118	  I	  3.0	  0.0	0.000	0.000	0.000
119	  V	  4.8	  0.1	0.000	0.000	0.000
120	  K	  4.9	  0.1	0.239	0.000	0.000
121	  E	  3.4	  0.1	0.491	0.000	0.000
122	  Y	  4.3	  0.1	0.491	0.000	0.000
123	  Q	  4.4	  0.0	0.491	0.000	0.000
124	  A	  3.0	  0.1	0.491	0.000	0.000
125	  K	  0.9	  0.1	0.491	0.000	0.000
126	  H	  1.5	  0.1	0.491	0.000	0.000
127	  T	  1.6	  0.4	0.630	0.000	0.000
128	  A	  1.1	  0.4	0.761	0.000	0.000
129	  D	  0.6	  0.3	6.255	0.000	0.000
130	  M	  0.6	  0.4	6.577	0.000	0.000
131	  E	  0.6	  0.0	6.835	0.000	0.000
132	  A	  0.5	  0.0	6.835	0.000	0.000
133	  L	  2.3	  0.0	6.835	0.000	0.000
134	  R	  3.7	  0.0	6.680	0.000	0.000
135	  V	 11.5	  0.0	5.269	0.000	0.000
136	  K	 13.3	  0.0	4.854	0.000	0.000
137	  M	 12.0	  0.0	1.723	0.000	0.000
138	  E	  4.9	  0.0	1.126	0.000	0.000
139	  P	  0.1	  0.0	0.172	0.000	0.000
140	  I	  4.8	  0.0	0.349	0.000	0.000
141	  V	  5.6	  0.0	1.083	0.000	0.000
142	  A	  5.7	  0.0	1.083	0.000	0.000
143	  E	  1.2	  0.0	1.250	0.000	0.000
144	  L	  0.7	  0.1	1.250	0.000	0.000
145	  R	  0.9	  0.1	1.250	0.000	0.000
146	  Q	  1.1	  0.1	1.250	0.000	0.000
147	  K	  1.2	  0.1	0.572	0.000	0.000
148	  M	  0.9	  0.0	0.331	0.000	0.000
149	  A	  0.6	  0.1	0.000	0.000	0.000
150	  T	  0.9	  0.1	0.000	0.000	0.000
151	  N	  5.5	  0.1	0.228	0.000	0.000
152	  V	  6.0	  0.1	0.363	0.000	0.000
153	  E	  5.3	  0.1	0.929	0.000	0.000
154	  E	  1.2	  0.1	1.166	0.000	0.000
155	  T	  1.1	  0.1	1.865	0.000	0.000
156	  K	  1.2	  0.1	1.865	0.000	0.000
157	  A	  0.9	  0.0	1.865	0.000	0.000
158	  A	  1.0	  0.0	1.865	0.000	0.000
159	  L	  0.9	  0.0	1.865	0.000	0.000
160	  M	  0.8	  0.0	1.686	0.000	0.000
161	  P	  0.1	  0.0	0.000	0.000	0.000
162	  I	  3.0	  0.0	0.000	0.000	0.000
163	  V	  4.5	  0.1	0.190	0.000	0.000
164	  E	  4.5	  0.1	0.404	0.000	0.000
165	  S	  5.3	  0.1	4.053	0.000	0.000
166	  V	  5.0	  0.1	4.053	0.000	0.000
167	  R	  5.0	  0.0	4.053	0.000	0.000
168	  A	  1.7	  0.0	4.053	0.000	0.000
169	  K	  1.0	  0.0	4.053	0.000	0.000
170	  L	  1.1	  0.0	3.649	0.000	0.000
171	  V	  2.5	  0.1	3.022	0.000	0.000
172	  E	  2.0	  0.0	3.005	0.000	0.000
173	  R	  4.0	  0.0	2.141	0.000	0.000
174	  V	  3.6	  0.1	1.832	0.000	0.000
175	  E	  3.5	  0.1	1.832	0.000	0.000
176	  Q	  2.4	  0.1	1.602	0.000	0.000
177	  L	  1.2	  0.1	1.475	0.000	0.000
178	  K	  1.3	  0.1	1.309	0.000	0.000
179	  Q	  0.4	  0.1	1.065	0.000	0.000
180	  L	  0.6	  0.1	0.351	0.000	0.000
181	  A	  0.5	  0.0	0.351	0.000	0.000
182	  S	  0.3	  0.2	0.351	0.000	0.000
183	  P	  0.0	  0.2	0.000	0.000	0.000
184	  Y	  2.2	  0.2	0.000	0.000	0.000
185	  V	  2.9	  0.3	0.151	0.000	0.000
186	  E	  2.9	  0.1	0.365	0.000	0.000
187	  E	  4.1	  0.1	0.707	0.000	0.000
188	  Y	  4.2	  0.1	0.867	0.000	0.000
189	  K	  4.3	  0.1	0.867	0.000	0.000
190	  E	  0.9	  0.1	0.867	0.000	0.000
191	  Q	  1.1	  0.1	0.867	0.000	0.000
192	  L	  1.1	  0.1	0.867	0.000	0.000
193	  N	  1.1	  0.1	0.867	0.000	0.000
194	  K	  0.3	  0.0	0.867	0.000	0.000
195	  A	  0.7	  0.0	0.134	0.000	0.000
196	  Y	  3.2	  0.1	0.134	0.000	0.000
197	  S	  3.1	  0.1	0.000	0.000	0.000
198	  Q	  2.8	  0.1	0.000	0.000	0.000
199	  A	  0.4	  0.1	0.000	0.000	0.000
200	  Q	  0.4	  0.1	0.000	0.000	0.000
201	  S	  2.9	  0.1	0.000	0.000	0.000
202	  I	  6.5	  0.1	0.000	0.000	0.000
203	  T	  6.7	  0.0	16.384	0.000	0.000
204	  A	  4.0	  0.2	16.384	0.000	0.000
205	  E	  0.3	  0.2	16.384	0.000	0.000
206	  D	  0.2	  0.2	19.472	0.000	0.000
207	  L	  0.3	  0.4	19.789	0.000	0.000
208	  E	  0.3	  0.2	20.110	0.000	0.000
209	  N	  0.3	  0.2	20.142	0.000	0.000
210	  L	  0.5	  0.2	18.464	0.000	0.000
211	  K	  0.8	  0.0	17.584	0.000	0.000
212	  A	  0.8	  0.0	12.496	0.000	0.000
213	  K	  8.2	  0.0	9.000	0.000	0.000
214	  I	  8.7	  0.0	1.845	0.000	0.000
215	  T	  8.4	  0.1	2.379	0.000	0.000
216	  P	  0.8	  0.1	0.533	0.000	0.000
217	  L	  0.0	  0.1	0.673	0.000	0.000
218	  A	  0.0	  0.2	1.420	0.000	0.000
219	  E	  0.0	  0.0	2.144	0.000	0.000
220	  E	  7.0	  0.0	2.875	0.000	0.000
221	  I	  7.8	  0.1	2.746	0.000	0.000
222	  K	  8.1	  0.1	2.746	0.000	0.000
223	  E	  1.2	  0.1	2.596	0.018	0.018
224	  K	  1.0	  0.1	2.596	0.018	0.018
225	  L	  1.7	  0.1	2.279	92.391	92.391
226	  V	  5.2	  0.0	2.279	94.227	94.227
227	  A	  4.8	  0.0	2.279	94.595	94.595
228	  I	  4.9	  0.0	2.279	95.009	95.009
229	  F	  1.6	  0.3	2.279	95.009	95.009
230	  G	  1.3	  0.3	0.865	56.805	56.805
231	  A	  0.6	  0.3	0.000	53.258	53.258
232	  I	  2.0	  0.3	0.000	50.262	50.262
233	  S	  2.8	  0.2	0.000	19.395	19.395
234	  A	  3.3	  0.2	0.000	15.622	15.622
235	  T	 11.4	  0.2	0.000	12.445	12.445
236	  F	 11.2	  0.2	0.000	10.589	10.589
237	  N	 10.3	  0.0	0.000	1.878	1.878
238	  K	  0.8	  0.0	0.000	0.000	0.000
239	  N	  0.0	  0.0	0.000	0.000	0.000
