res	aa	Beta	Turn	Helix	Aggregation	Conc-Stab_Aggregation
01	  A	  0.0	  0.4	0.000	0.000	0.000
02	  P	  0.0	  0.4	0.000	0.000	0.000
03	  S	  0.2	  0.5	0.191	0.000	0.000
04	  Q	  0.4	  0.5	0.191	0.000	0.000
05	  L	  0.4	  0.1	0.191	0.000	0.000
06	  A	  0.6	  0.1	0.191	0.000	0.000
07	  Q	  1.8	  0.0	0.191	0.000	0.000
08	  I	  3.4	  0.0	0.191	0.000	0.000
09	  R	  3.3	  0.1	0.191	0.000	0.000
10	  S	  2.1	  0.1	0.970	0.000	0.000
11	  A	  0.4	  0.3	0.970	0.000	0.000
12	  A	  0.2	  0.3	0.970	0.000	0.000
13	  D	  2.7	  0.3	0.970	0.000	0.000
14	  V	  6.7	  0.3	0.970	1.331	1.331
15	  Y	  7.1	  0.0	0.970	1.331	1.331
16	  M	  5.1	  0.0	0.216	1.331	1.331
17	  T	  1.9	  0.0	0.000	1.331	1.331
18	  Q	  2.4	  0.0	0.000	1.331	1.331
19	  V	  4.3	  0.1	0.000	1.331	1.331
20	  K	  3.5	  0.2	0.000	0.000	0.000
21	  Q	  2.4	  0.2	0.000	0.000	0.000
22	  G	  0.1	  0.2	0.000	0.000	0.000
23	  L	  0.5	  0.1	0.000	0.000	0.000
24	  I	  2.2	  0.0	0.000	0.000	0.000
25	  K	  2.3	  0.0	0.000	0.000	0.000
26	  A	  2.1	  0.0	0.000	0.000	0.000
27	  L	  0.5	  0.0	0.000	0.000	0.000
28	  D	  0.4	  0.1	0.000	0.000	0.000
29	  Q	  1.0	  0.1	0.000	0.000	0.000
30	  L	  0.9	  0.3	0.000	0.000	0.000
31	  D	  1.0	  0.2	0.000	0.000	0.000
32	  D	  0.2	  0.1	0.000	0.000	0.000
33	  T	  0.1	  0.3	0.000	0.000	0.000
34	  P	  0.1	  0.1	0.000	0.000	0.000
35	  Y	  1.3	  0.2	0.000	0.000	0.000
36	  Q	  1.4	  0.3	0.000	0.000	0.000
37	  E	  2.8	  0.1	0.000	0.000	0.000
38	  L	  1.7	  0.2	0.000	0.000	0.000
39	  K	  2.6	  0.1	0.000	0.000	0.000
40	  T	  2.1	  0.1	0.000	0.000	0.000
41	  T	  5.0	  0.1	0.000	0.000	0.000
42	  L	  4.4	  0.0	0.000	0.000	0.000
43	  T	  4.8	  0.1	0.000	0.000	0.000
44	  Q	  2.3	  0.0	0.000	0.000	0.000
45	  R	  4.2	  0.0	0.000	0.000	0.000
46	  V	  3.9	  0.2	0.000	0.000	0.000
47	  E	  3.2	  0.2	0.000	0.000	0.000
48	  D	  1.1	  0.2	0.229	0.000	0.000
49	  L	  0.3	  0.2	0.229	0.000	0.000
50	  H	  0.8	  0.1	0.229	0.000	0.000
51	  T	  1.2	  0.1	0.229	0.000	0.000
52	  N	  3.1	  0.1	1.273	0.000	0.000
53	  I	  4.3	  0.1	1.273	0.000	0.000
54	  K	  4.0	  0.0	1.456	0.000	0.000
55	  A	  2.1	  0.0	1.227	0.000	0.000
56	  L	  0.7	  0.0	1.227	0.000	0.000
57	  Q	  0.8	  0.0	1.227	0.000	0.000
58	  A	  0.8	  0.0	0.799	0.000	0.000
59	  Q	  1.5	  0.0	0.595	0.000	0.000
60	  V	  1.6	  0.0	0.000	0.000	0.000
61	  S	  1.4	  0.0	0.150	0.000	0.000
62	  P	  0.4	  0.0	0.150	0.000	0.000
63	  M	  0.4	  0.1	0.150	0.000	0.000
64	  T	  1.0	  0.1	0.150	0.000	0.000
65	  D	  1.2	  0.1	0.150	0.000	0.000
66	  S	  1.7	  0.1	0.150	0.505	0.505
67	  V	  3.9	  0.1	0.000	5.140	5.140
68	  V	  5.4	  0.0	0.000	5.140	5.140
69	  T	  5.6	  0.0	0.000	5.140	5.140
70	  T	 15.8	  0.0	0.000	5.140	5.140
71	  I	 14.1	  0.1	0.000	5.140	5.140
72	  S	 13.0	  0.1	2.022	0.505	0.505
73	  D	  0.1	  0.4	2.376	0.000	0.000
74	  A	  0.2	  0.4	2.376	0.000	0.000
75	  T	  0.6	  0.3	2.737	0.000	0.000
76	  A	  0.7	  0.3	2.737	0.000	0.000
77	  E	  1.3	  0.0	2.737	0.000	0.000
78	  F	  1.8	  0.2	1.816	0.000	0.000
79	  R	  1.7	  0.2	0.934	0.000	0.000
80	  N	  1.4	  0.2	0.554	0.000	0.000
81	  S	  6.3	  0.2	0.135	0.000	0.000
82	  I	  7.4	  0.1	0.000	0.000	0.000
83	  S	  7.7	  0.9	0.000	0.000	0.000
84	  Q	  2.1	  0.9	0.000	0.000	0.000
85	  D	  2.5	  0.9	2.617	0.000	0.000
86	  I	  2.9	  0.9	3.306	0.000	0.000
87	  E	  2.7	  0.0	3.859	0.000	0.000
88	  A	  1.3	  0.0	3.859	0.000	0.000
89	  L	  0.8	  0.0	3.859	0.000	0.000
90	  R	  1.0	  0.6	3.859	0.000	0.000
91	  A	  0.8	  0.6	3.433	0.000	0.000
92	  D	  0.4	  0.6	2.532	0.000	0.000
93	  L	  0.1	  0.6	1.058	0.000	0.000
94	  A	  0.1	  0.2	0.888	0.000	0.000
95	  P	  0.0	  0.2	0.000	0.000	0.000
96	  K	  0.4	  0.3	0.000	0.000	0.000
97	  R	  0.4	  0.3	0.174	0.000	0.000
98	  E	  0.5	  0.2	0.694	0.000	0.000
99	  K	  0.9	  0.1	1.288	0.000	0.000
100	  L	  0.9	  0.1	1.451	0.000	0.000
101	  R	  1.1	  0.1	1.451	0.000	0.000
102	  E	  0.9	  0.0	1.451	0.000	0.000
103	  V	  2.4	  0.0	1.451	0.000	0.000
104	  L	  2.3	  0.1	1.451	0.000	0.000
105	  E	  2.4	  0.1	1.451	0.000	0.000
106	  K	  0.9	  0.1	1.451	0.000	0.000
107	  H	  1.4	  0.1	0.170	0.000	0.000
108	  M	  0.8	  0.2	0.000	0.000	0.000
109	  E	  0.7	  0.1	0.000	0.000	0.000
110	  E	  0.8	  0.1	0.000	0.000	0.000
111	  Y	  4.9	  0.1	0.000	0.000	0.000
112	  R	  6.4	  0.0	0.000	0.000	0.000
113	  V	 10.7	  0.0	0.000	0.000	0.000
114	  Q	 10.0	  0.0	0.000	0.000	0.000
115	  L	  8.5	  0.0	0.000	0.000	0.000
116	  E	  3.9	  0.0	0.000	0.000	0.000
117	  P	  0.1	  0.0	0.000	0.000	0.000
118	  I	  3.0	  0.0	0.138	0.000	0.000
119	  V	  4.7	  0.1	0.291	0.000	0.000
120	  K	  4.8	  0.1	0.684	0.000	0.000
121	  E	  3.4	  0.1	0.830	0.000	0.000
122	  Y	  4.3	  0.1	0.830	0.000	0.000
123	  Q	  4.3	  0.0	0.830	0.000	0.000
124	  A	  3.0	  0.1	0.830	0.000	0.000
125	  R	  1.2	  0.1	0.830	0.000	0.000
126	  H	  1.8	  0.1	1.141	0.000	0.000
127	  T	  1.9	  0.1	2.342	0.000	0.000
128	  A	  1.3	  0.0	2.766	0.000	0.000
129	  E	  0.7	  0.0	3.896	0.000	0.000
130	  M	  0.6	  0.0	4.226	0.000	0.000
131	  E	  0.5	  0.0	4.490	0.000	0.000
132	  A	  0.5	  0.0	4.490	0.000	0.000
133	  L	  2.3	  0.0	4.490	0.000	0.000
134	  R	  3.8	  0.0	4.131	0.000	0.000
135	  V	 11.8	  0.0	2.975	0.000	0.000
136	  K	 13.7	  0.0	2.975	0.000	0.000
137	  M	 12.3	  0.0	0.788	0.000	0.000
138	  E	  5.1	  0.0	0.742	0.000	0.000
139	  P	  0.1	  0.0	0.312	0.000	0.000
140	  V	  4.5	  0.0	0.663	0.000	0.000
141	  V	  5.3	  0.0	1.675	0.000	0.000
142	  A	  5.4	  0.0	1.675	0.000	0.000
143	  E	  1.2	  0.0	2.219	0.000	0.000
144	  L	  0.7	  0.1	2.219	0.000	0.000
145	  R	  0.9	  0.1	2.219	0.000	0.000
146	  Q	  1.0	  0.1	2.219	0.000	0.000
147	  K	  1.1	  0.1	1.545	0.000	0.000
148	  M	  0.9	  0.0	1.307	0.000	0.000
149	  A	  0.6	  0.2	0.977	0.000	0.000
150	  A	  0.3	  0.2	0.977	0.000	0.000
151	  N	  4.8	  0.2	1.204	0.000	0.000
152	  V	  5.4	  0.3	0.361	0.000	0.000
153	  E	  5.2	  0.1	0.923	0.000	0.000
154	  E	  1.2	  0.1	1.161	0.000	0.000
155	  T	  1.1	  0.1	1.860	0.000	0.000
156	  K	  1.2	  0.1	1.860	0.000	0.000
157	  A	  0.9	  0.0	1.860	0.000	0.000
158	  A	  1.0	  0.0	1.860	0.000	0.000
159	  L	  0.9	  0.0	1.860	0.000	0.000
160	  M	  0.8	  0.0	1.683	0.000	0.000
161	  P	  0.1	  0.0	0.000	0.000	0.000
162	  I	  2.9	  0.0	0.000	0.000	0.000
163	  V	  4.3	  0.0	0.182	0.000	0.000
164	  E	  4.3	  0.0	0.528	0.000	0.000
165	  S	  5.1	  0.0	7.278	0.000	0.000
166	  V	  4.8	  0.1	7.278	0.000	0.000
167	  R	  4.8	  0.0	7.278	0.000	0.000
168	  A	  1.6	  0.0	7.278	0.000	0.000
169	  K	  1.0	  0.0	7.699	0.000	0.000
170	  L	  1.1	  0.0	7.494	0.000	0.000
171	  V	  2.4	  0.1	7.028	0.000	0.000
172	  E	  1.9	  0.0	7.265	0.000	0.000
173	  R	  2.1	  0.0	7.050	0.000	0.000
174	  L	  0.5	  0.1	6.799	0.000	0.000
175	  E	  0.5	  0.1	6.478	0.000	0.000
176	  Q	  0.9	  0.1	6.109	0.000	0.000
177	  L	  1.2	  0.1	5.661	0.000	0.000
178	  R	  2.0	  0.1	5.406	0.000	0.000
179	  Q	  1.3	  0.1	4.704	0.000	0.000
180	  L	  1.6	  0.1	1.900	0.000	0.000
181	  A	  0.9	  0.0	1.368	0.000	0.000
182	  V	  0.7	  0.0	0.885	0.000	0.000
183	  P	  0.1	  0.0	0.000	0.000	0.000
184	  Y	  2.2	  0.0	0.000	0.000	0.000
185	  V	  2.8	  0.1	0.262	0.000	0.000
186	  E	  2.9	  0.1	1.013	0.000	0.000
187	  E	  4.0	  0.1	1.749	0.000	0.000
188	  Y	  4.1	  0.1	1.977	0.000	0.000
189	  K	  4.2	  0.1	2.810	0.000	0.000
190	  E	  0.9	  0.1	2.810	0.000	0.000
191	  Q	  1.2	  0.1	2.810	0.000	0.000
192	  M	  1.4	  0.5	2.810	0.000	0.000
193	  K	  1.5	  0.5	2.810	0.000	0.000
194	  N	  2.3	  0.5	2.676	0.000	0.000
195	  F	  4.5	  0.5	2.160	0.000	0.000
196	  Y	  6.7	  0.1	0.427	0.000	0.000
197	  S	  4.9	  0.1	0.000	0.000	0.000
198	  Q	  2.6	  0.1	0.000	0.000	0.000
199	  A	  0.4	  0.1	0.000	0.000	0.000
200	  Q	  0.4	  0.1	0.000	0.000	0.000
201	  S	  3.0	  0.1	0.000	0.000	0.000
202	  I	  6.6	  0.1	0.000	0.000	0.000
203	  T	  6.9	  0.0	14.384	0.000	0.000
204	  A	  4.1	  0.2	14.384	0.000	0.000
205	  E	  0.4	  0.2	14.384	0.000	0.000
206	  D	  1.5	  0.2	16.500	0.000	0.000
207	  I	  1.6	  0.3	16.827	0.000	0.000
208	  E	  1.6	  0.1	17.116	0.000	0.000
209	  N	  0.4	  0.1	17.225	0.000	0.000
210	  L	  0.6	  0.1	16.235	0.000	0.000
211	  K	  0.8	  0.0	15.281	0.000	0.000
212	  A	  0.9	  0.0	10.845	0.000	0.000
213	  K	  8.5	  0.0	7.819	0.000	0.000
214	  I	  8.9	  0.0	1.579	0.000	0.000
215	  T	  8.6	  0.0	1.579	0.000	0.000
216	  P	  0.7	  0.0	0.000	0.000	0.000
217	  L	  0.0	  0.0	0.000	0.000	0.000
218	  S	  0.1	  0.1	7.358	0.000	0.000
219	  E	  0.1	  0.1	7.801	0.000	0.000
220	  E	  6.5	  0.1	8.067	0.000	0.000
221	  I	 11.6	  0.1	8.067	0.000	0.000
222	  K	 12.6	  0.0	8.067	0.000	0.000
223	  L	  7.3	  0.0	8.067	0.000	0.000
224	  K	  2.2	  0.0	7.327	0.000	0.000
225	  F	  1.1	  0.2	4.024	0.000	0.000
226	  G	  0.4	  0.2	0.445	0.000	0.000
227	  E	  0.7	  0.2	0.000	0.000	0.000
228	  I	  1.8	  0.2	0.000	10.093	10.093
229	  F	  2.0	  0.3	0.000	10.831	10.831
230	  G	  1.4	  0.3	0.000	10.831	10.831
231	  A	  0.6	  0.3	0.000	10.831	10.831
232	  I	  2.0	  0.3	0.000	10.978	10.978
233	  S	  2.8	  0.2	0.000	9.057	9.057
234	  A	  3.3	  0.2	0.000	8.822	8.822
235	  T	 11.2	  0.2	0.000	8.624	8.624
236	  F	 11.0	  0.2	0.000	8.624	8.624
237	  N	 10.1	  1.9	0.000	0.276	0.276
238	  K	  0.9	  1.9	0.000	0.000	0.000
239	  N	  0.2	  1.9	0.000	0.000	0.000
240	  K	  0.1	  1.9	0.000	0.000	0.000
241	  N	  0.0	  0.0	0.000	0.000	0.000
