res	aa	Beta	Turn	Helix	Aggregation	Conc-Stab_Aggregation
01	  D	  0.0	  0.0	0.000	0.000	0.000
02	  E	  0.0	  0.0	0.000	0.000	0.000
03	  P	  0.0	  0.0	0.000	0.000	0.000
04	  E	  0.0	  0.0	0.000	0.000	0.000
05	  S	  0.0	  0.3	0.482	0.000	0.000
06	  P	  0.0	  0.3	0.482	0.000	0.000
07	  W	  0.2	  0.3	0.482	0.000	0.000
08	  D	  0.3	  0.3	0.482	0.000	0.000
09	  R	  1.9	  0.1	0.482	0.000	0.000
10	  V	  3.3	  0.2	0.482	0.431	0.431
11	  K	  3.3	  0.1	0.482	0.522	0.522
12	  D	  1.7	  0.1	3.781	0.522	0.522
13	  L	  0.1	  0.1	3.641	40.549	40.549
14	  A	  0.8	  0.0	3.641	41.794	41.794
15	  T	  6.8	  0.0	3.641	41.794	41.794
16	  V	 12.6	  0.0	3.641	41.794	41.794
17	  Y	 13.3	  0.0	3.641	41.794	41.794
18	  V	  8.2	  0.1	1.924	38.555	38.555
19	  D	  2.1	  0.2	2.141	0.161	0.161
20	  A	  0.8	  0.2	1.865	0.161	0.161
21	  L	  0.4	  0.3	1.865	0.161	0.161
22	  K	  0.4	  0.5	1.481	0.161	0.161
23	  D	  0.2	  1.2	0.610	0.000	0.000
24	  S	  0.2	  1.6	0.352	0.000	0.000
25	  G	  0.1	  1.7	0.000	0.000	0.000
26	  R	  0.4	  1.5	0.000	0.000	0.000
27	  D	  0.7	  0.7	0.000	0.000	0.000
28	  Y	  2.3	  0.3	0.000	0.000	0.000
29	  V	  3.9	  0.1	0.000	0.000	0.000
30	  S	  4.0	  0.1	1.028	0.000	0.000
31	  Q	  9.4	  0.1	1.028	0.000	0.000
32	  F	  9.9	  0.1	1.161	0.000	0.000
33	  E	  9.6	  0.0	1.405	0.000	0.000
34	  A	  2.8	  0.1	1.405	0.000	0.000
35	  S	  0.5	  0.3	2.085	0.000	0.000
36	  A	  0.4	  0.4	1.837	0.000	0.000
37	  L	  0.2	  0.5	1.837	0.000	0.000
38	  G	  0.1	  0.5	1.704	0.000	0.000
39	  K	  0.2	  0.3	1.132	0.000	0.000
40	  Q	  1.1	  0.2	0.679	0.000	0.000
41	  L	  2.8	  0.1	0.441	0.000	0.000
42	  N	  3.0	  0.0	1.262	0.000	0.000
43	  L	  3.6	  0.0	1.111	0.000	0.000
44	  K	  2.2	  0.0	0.976	0.000	0.000
45	  L	  2.2	  0.0	0.821	0.000	0.000
46	  L	  0.8	  0.3	0.821	0.000	0.000
47	  D	  0.6	  0.3	0.821	0.000	0.000
48	  N	  0.8	  0.9	0.357	0.000	0.000
49	  W	  1.3	  1.1	0.000	0.000	0.000
50	  D	  1.2	  0.9	0.000	0.000	0.000
51	  S	  3.6	  0.9	0.000	0.000	0.000
52	  L	  3.2	  0.3	0.000	0.000	0.000
53	  T	  3.2	  0.3	0.000	0.000	0.000
54	  P	  0.2	  0.3	0.000	0.000	0.000
55	  T	  3.1	  0.3	0.156	0.000	0.000
56	  L	  3.6	  0.3	0.156	0.000	0.000
57	  T	  4.6	  0.1	0.482	0.000	0.000
58	  K	  2.4	  0.1	0.482	0.000	0.000
59	  L	  1.9	  0.1	0.482	0.000	0.000
60	  R	  0.9	  0.1	0.482	0.000	0.000
61	  E	  0.1	  0.1	0.482	0.000	0.000
62	  Q	  0.1	  0.1	0.482	0.000	0.000
63	  L	  0.1	  0.1	0.000	0.000	0.000
64	  G	  0.1	  0.1	0.000	0.000	0.000
65	  T	 18.8	  0.0	0.000	0.000	0.000
66	  V	 20.5	  0.1	0.000	0.000	0.000
67	  S	 20.8	  0.1	0.000	0.000	0.000
68	  Q	  2.9	  0.1	0.000	0.000	0.000
69	  E	  1.0	  0.1	0.000	0.000	0.000
70	  F	  2.0	  0.1	0.000	0.000	0.000
71	  W	  1.9	  0.2	0.000	0.000	0.000
72	  D	  1.6	  0.3	0.322	0.000	0.000
73	  K	  2.1	  0.3	0.322	0.000	0.000
74	  L	  1.9	  0.2	0.322	0.000	0.000
75	  E	  2.0	  0.2	0.322	0.000	0.000
76	  K	  0.5	  0.1	0.322	0.000	0.000
77	  E	  0.4	  0.2	0.322	0.000	0.000
78	  T	  0.3	  0.3	2.097	0.000	0.000
79	  E	  0.0	  0.4	2.097	0.000	0.000
80	  G	  0.0	  0.3	2.097	0.000	0.000
81	  L	  0.4	  0.3	2.097	0.000	0.000
82	  R	  0.7	  0.1	2.097	0.000	0.000
83	  Q	  0.7	  0.1	2.097	0.000	0.000
84	  E	  1.5	  0.1	2.097	0.000	0.000
85	  M	  1.4	  0.1	1.188	0.000	0.000
86	  N	  1.3	  0.9	1.174	0.000	0.000
87	  K	  0.2	  0.9	0.789	0.000	0.000
88	  D	  0.3	  0.9	4.792	0.000	0.000
89	  L	  0.3	  0.9	5.066	0.000	0.000
90	  E	  0.3	  0.1	5.365	0.000	0.000
91	  E	 13.5	  0.0	5.510	0.000	0.000
92	  V	 15.4	  0.1	5.368	0.000	0.000
93	  K	 15.6	  0.0	5.368	0.000	0.000
94	  Q	  3.0	  0.0	4.280	0.000	0.000
95	  K	  3.6	  0.0	3.434	0.000	0.000
96	  V	  3.7	  0.0	1.373	0.000	0.000
97	  Q	  3.2	  0.0	1.373	0.000	0.000
98	  P	  0.4	  0.0	0.000	0.000	0.000
99	  Y	  0.8	  0.1	0.150	0.000	0.000
100	  L	  0.8	  0.1	0.343	0.000	0.000
101	  D	  0.8	  0.1	20.797	0.000	0.000
102	  E	  1.2	  0.1	24.213	0.000	0.000
103	  F	  2.7	  0.1	24.313	0.000	0.000
104	  Q	  2.8	  0.0	24.313	0.000	0.000
105	  K	  1.7	  0.0	24.313	0.000	0.000
106	  K	  0.7	  0.0	24.448	0.000	0.000
107	  W	  1.1	  0.0	24.477	0.000	0.000
108	  Q	  1.1	  0.1	24.216	0.000	0.000
109	  E	  0.6	  0.1	22.780	0.000	0.000
110	  E	  1.8	  0.1	22.261	0.000	0.000
111	  V	  3.0	  0.1	21.700	0.000	0.000
112	  E	  3.2	  0.1	21.700	0.000	0.000
113	  R	  2.3	  0.1	21.329	0.000	0.000
114	  Y	  2.6	  0.1	20.455	0.000	0.000
115	  R	  2.6	  0.0	9.818	0.000	0.000
116	  Q	  2.3	  0.0	7.835	0.000	0.000
117	  K	 15.3	  0.0	3.260	0.000	0.000
118	  V	 15.7	  0.0	0.441	0.000	0.000
119	  E	 15.3	  0.2	0.441	0.000	0.000
120	  P	  0.7	  0.3	0.000	0.000	0.000
121	  L	  0.0	  0.5	0.000	0.000	0.000
122	  G	  0.0	  0.6	0.160	0.000	0.000
123	  S	  0.1	  0.5	0.338	0.000	0.000
124	  E	  0.3	  0.4	0.338	0.000	0.000
125	  L	  0.4	  0.3	0.338	0.000	0.000
126	  R	  0.3	  0.5	0.735	0.000	0.000
127	  E	  0.1	  0.7	0.735	0.000	0.000
128	  G	  0.0	  0.7	2.179	0.000	0.000
129	  A	  0.2	  0.6	2.002	0.000	0.000
130	  R	  0.6	  0.3	2.002	0.000	0.000
131	  Q	  0.9	  0.1	2.002	0.000	0.000
132	  K	  1.3	  0.1	2.002	0.000	0.000
133	  L	  1.0	  0.1	1.604	0.000	0.000
134	  Q	  0.8	  0.1	1.324	0.000	0.000
135	  E	  1.5	  0.1	0.950	0.000	0.000
136	  L	  1.6	  0.1	0.672	0.000	0.000
137	  H	  1.8	  0.2	0.453	0.000	0.000
138	  E	  0.5	  0.2	0.174	0.000	0.000
139	  K	  1.5	  0.2	0.174	0.000	0.000
140	  L	  1.3	  0.1	0.000	0.000	0.000
141	  V	  1.3	  0.2	0.000	0.000	0.000
142	  P	  0.2	  0.2	0.000	0.000	0.000
143	  L	  0.0	  0.3	0.000	0.000	0.000
144	  G	  0.0	  0.7	1.572	0.000	0.000
145	  E	  0.0	  0.5	1.572	0.000	0.000
146	  D	  0.4	  0.5	5.056	0.000	0.000
147	  L	  0.6	  0.6	5.056	0.000	0.000
148	  R	  0.6	  0.2	5.429	0.000	0.000
149	  D	  0.2	  0.2	5.694	0.000	0.000
150	  R	  0.2	  0.2	5.467	0.000	0.000
151	  A	  0.2	  0.1	5.467	0.000	0.000
152	  R	  0.4	  0.1	4.667	0.000	0.000
153	  A	  0.6	  0.0	3.225	0.000	0.000
154	  H	  2.0	  0.1	2.003	0.000	0.000
155	  V	  2.8	  0.1	0.000	0.000	0.000
156	  D	  2.5	  0.1	0.153	0.000	0.000
157	  T	  3.6	  0.1	0.153	0.000	0.000
158	  L	  2.8	  0.1	0.153	0.000	0.000
159	  R	  3.1	  0.1	0.153	0.000	0.000
160	  T	  1.6	  0.1	0.153	0.000	0.000
161	  Q	  1.7	  0.1	0.153	0.000	0.000
162	  L	  1.5	  0.1	0.000	0.000	0.000
163	  A	  0.4	  0.1	0.000	0.000	0.000
164	  P	  0.0	  0.1	0.000	0.000	0.000
165	  Y	  0.2	  0.4	0.000	0.000	0.000
166	  S	  0.3	  1.3	8.429	0.000	0.000
167	  D	  0.3	  1.2	15.280	0.000	0.000
168	  D	  0.3	  1.2	22.083	0.000	0.000
169	  L	  0.6	  1.0	22.083	0.000	0.000
170	  R	  1.0	  0.1	22.083	0.000	0.000
171	  Q	  0.9	  0.1	22.083	0.000	0.000
172	  R	  0.8	  0.1	21.320	0.000	0.000
173	  L	  0.4	  0.0	20.429	0.000	0.000
174	  A	  0.4	  0.0	18.959	0.000	0.000
175	  T	  0.6	  0.0	16.917	0.000	0.000
176	  R	  0.9	  0.0	16.510	0.000	0.000
177	  L	  0.9	  0.1	13.547	0.000	0.000
178	  E	  0.6	  0.0	11.857	0.000	0.000
179	  A	  0.4	  0.0	10.225	0.000	0.000
180	  L	  0.3	  0.1	9.321	0.000	0.000
181	  K	  0.3	  0.3	7.731	0.000	0.000
182	  E	  0.1	  0.8	3.599	0.000	0.000
183	  G	  0.0	  0.8	1.567	0.000	0.000
184	  G	  0.1	  0.7	0.430	0.000	0.000
185	  T	  3.3	  0.7	0.000	0.000	0.000
186	  A	  3.8	  0.3	0.000	0.000	0.000
187	  S	  3.8	  0.2	0.322	0.000	0.000
188	  L	  0.8	  0.9	0.322	0.000	0.000
189	  A	  0.2	  0.8	0.322	0.000	0.000
190	  D	  0.3	  0.7	0.493	0.000	0.000
191	  Y	  2.2	  0.7	0.493	0.000	0.000
192	  H	  2.5	  0.2	0.493	0.000	0.000
193	  A	  2.3	  0.2	0.321	0.000	0.000
194	  K	  0.6	  0.2	0.321	0.000	0.000
195	  A	  0.3	  0.2	0.171	0.000	0.000
196	  S	  0.3	  0.2	0.171	0.000	0.000
197	  E	  0.2	  0.2	0.000	0.000	0.000
198	  H	  1.0	  0.2	0.000	0.000	0.000
199	  L	  1.7	  0.1	0.000	0.000	0.000
200	  S	  1.8	  0.3	0.000	0.000	0.000
201	  A	  1.0	  0.3	0.000	0.000	0.000
202	  L	  0.2	  0.4	0.000	0.000	0.000
203	  G	  0.1	  0.4	0.000	0.000	0.000
204	  E	  0.1	  0.2	0.000	0.000	0.000
205	  K	  0.8	  0.2	0.000	0.000	0.000
206	  A	  0.8	  0.1	0.000	0.000	0.000
207	  K	  0.7	  0.0	0.000	0.000	0.000
208	  P	  0.0	  0.0	0.000	0.000	0.000
209	  A	  0.1	  0.0	0.000	0.000	0.000
210	  L	  0.2	  0.3	0.000	0.000	0.000
211	  E	  0.2	  0.3	0.000	0.000	0.000
212	  D	  0.5	  0.3	0.000	0.000	0.000
213	  L	  0.8	  0.4	0.000	0.000	0.000
214	  R	  0.8	  0.3	0.000	0.000	0.000
215	  Q	  0.4	  0.3	0.000	0.000	0.000
216	  G	  0.1	  0.3	0.000	0.000	0.000
217	  L	  0.1	  0.2	0.000	0.000	0.000
218	  M	  0.2	  0.0	0.000	0.000	0.000
219	  P	  0.1	  0.0	0.000	0.000	0.000
220	  V	  1.6	  0.0	0.000	0.251	0.251
221	  L	  1.7	  0.3	0.000	0.251	0.251
222	  E	  1.9	  0.3	0.000	0.251	0.251
223	  S	  2.0	  0.3	0.000	0.251	0.251
224	  F	  4.6	  0.3	0.000	0.251	0.251
225	  K	  5.7	  0.0	0.000	0.251	0.251
226	  V	  8.8	  0.0	0.000	1.601	1.601
227	  S	  6.3	  0.0	0.442	1.601	1.601
228	  L	  5.5	  0.0	0.442	1.601	1.601
229	  L	  1.3	  0.0	0.442	1.601	1.601
230	  S	  1.2	  0.0	1.736	1.350	1.350
231	  A	  0.9	  0.0	1.882	1.350	1.350
232	  L	  0.3	  0.0	2.370	0.914	0.914
233	  D	  0.2	  0.1	15.763	0.000	0.000
234	  E	  0.1	  0.1	16.297	0.000	0.000
235	  A	  0.1	  0.1	16.297	0.000	0.000
236	  A	  0.2	  0.1	16.297	0.000	0.000
237	  K	  0.2	  0.1	16.297	0.000	0.000
238	  K	  0.9	  0.1	15.702	0.000	0.000
239	  L	  1.1	  0.1	8.399	0.000	0.000
240	  N	  1.4	  0.0	3.945	0.000	0.000
241	  T	  0.7	  0.0	0.488	0.000	0.000
242	  Q	  0.4	  0.0	0.251	0.000	0.000
