res	aa	Beta	Turn	Helix	Aggregation	Conc-Stab_Aggregation
01	  D	  0.0	  0.0	0.000	0.000	0.000
02	  D	  0.0	  0.6	0.000	0.000	0.000
03	  P	  0.0	  0.6	0.000	0.000	0.000
04	  Q	  0.0	  0.6	0.000	0.000	0.000
05	  S	  0.0	  0.9	0.172	0.000	0.000
06	  P	  0.0	  0.3	0.172	0.000	0.000
07	  W	  0.2	  0.3	0.172	0.000	0.000
08	  D	  0.3	  0.3	0.172	0.000	0.000
09	  R	  1.9	  0.1	0.172	0.000	0.000
10	  V	  3.0	  0.2	0.172	1.068	1.068
11	  K	  3.0	  0.1	0.172	1.285	1.285
12	  D	  1.5	  0.1	1.312	1.285	1.285
13	  L	  0.5	  0.1	1.312	87.978	87.978
14	  V	 18.2	  0.0	1.312	90.672	90.672
15	  T	 23.1	  0.0	1.312	90.672	90.672
16	  V	 27.8	  0.0	1.312	90.672	90.672
17	  Y	 12.0	  0.0	1.312	90.615	90.615
18	  V	  6.9	  0.0	0.547	83.533	83.533
19	  D	  1.8	  0.0	0.547	0.807	0.807
20	  A	  1.3	  0.0	0.336	0.807	0.807
21	  V	  2.4	  0.4	0.336	0.807	0.807
22	  K	  2.4	  0.5	0.336	0.807	0.807
23	  D	  1.6	  2.4	0.000	0.000	0.000
24	  G	  0.0	  2.5	0.000	0.000	0.000
25	  G	  0.0	  2.2	0.000	0.000	0.000
26	  R	  0.2	  2.1	0.000	0.000	0.000
27	  E	  0.3	  0.2	0.000	0.000	0.000
28	  Y	  2.9	  0.1	0.000	0.764	0.764
29	  V	  4.3	  0.0	0.000	0.764	0.764
30	  A	  4.5	  0.0	0.000	0.764	0.764
31	  Q	  9.0	  0.0	0.000	0.764	0.764
32	  F	  9.8	  0.0	0.134	0.764	0.764
33	  E	  9.6	  0.0	0.382	0.000	0.000
34	  A	  2.8	  0.1	0.382	0.000	0.000
35	  S	  0.5	  0.3	1.069	0.000	0.000
36	  A	  0.4	  0.4	1.069	0.000	0.000
37	  L	  0.2	  0.5	1.069	0.000	0.000
38	  G	  0.1	  0.5	1.069	0.000	0.000
39	  K	  0.2	  0.3	0.935	0.000	0.000
40	  Q	  1.1	  0.2	0.686	0.000	0.000
41	  L	  2.8	  0.1	0.446	0.000	0.000
42	  N	  3.0	  0.0	1.269	0.000	0.000
43	  L	  3.6	  0.0	1.116	0.000	0.000
44	  K	  2.2	  0.0	0.979	0.000	0.000
45	  L	  2.2	  0.0	0.823	0.000	0.000
46	  L	  0.8	  0.3	0.823	0.000	0.000
47	  D	  0.6	  0.3	0.823	0.000	0.000
48	  N	  0.8	  0.8	0.493	0.000	0.000
49	  W	  1.1	  0.9	0.135	0.000	0.000
50	  D	  1.1	  0.7	0.135	0.000	0.000
51	  T	  0.6	  0.8	0.135	0.000	0.000
52	  L	  0.2	  1.0	0.135	0.000	0.000
53	  G	  0.2	  0.9	0.135	0.000	0.000
54	  S	  0.6	  0.8	0.993	0.000	0.000
55	  T	 12.7	  0.7	0.993	0.000	0.000
56	  I	 15.1	  0.1	0.993	0.000	0.000
57	  T	 15.4	  0.0	1.393	0.000	0.000
58	  K	  4.1	  0.0	1.393	0.000	0.000
59	  L	  1.6	  0.1	1.393	0.000	0.000
60	  R	  0.8	  0.1	1.101	0.000	0.000
61	  E	  0.1	  0.1	0.940	0.000	0.000
62	  Q	  0.2	  0.1	0.780	0.000	0.000
63	  I	  0.1	  0.1	0.256	0.000	0.000
64	  G	  0.1	  0.0	0.256	0.000	0.000
65	  P	  0.0	  0.0	0.000	0.000	0.000
66	  V	  4.1	  0.0	0.000	0.000	0.000
67	  T	  4.6	  0.1	0.000	0.000	0.000
68	  Q	  5.0	  0.1	0.000	0.000	0.000
69	  E	  1.4	  0.1	0.000	0.000	0.000
70	  F	  2.1	  0.1	0.000	0.000	0.000
71	  W	  2.0	  0.4	0.000	0.000	0.000
72	  D	  1.5	  0.5	0.163	0.000	0.000
73	  N	  0.8	  0.5	0.334	0.000	0.000
74	  L	  0.7	  0.4	0.334	0.000	0.000
75	  E	  0.8	  0.1	0.334	0.000	0.000
76	  K	  0.5	  0.1	0.567	0.000	0.000
77	  E	  0.4	  0.1	0.713	0.000	0.000
78	  T	  0.7	  0.1	4.491	0.000	0.000
79	  E	  1.0	  0.1	4.491	0.000	0.000
80	  V	  3.0	  0.0	4.491	0.000	0.000
81	  L	  3.0	  0.0	4.491	0.000	0.000
82	  R	  2.7	  0.1	4.491	0.000	0.000
83	  Q	  0.7	  0.1	4.491	0.000	0.000
84	  E	  0.8	  0.1	1.507	0.000	0.000
85	  M	  0.9	  0.1	0.793	0.000	0.000
86	  S	  1.4	  1.4	0.844	0.000	0.000
87	  K	  1.0	  1.4	0.614	0.000	0.000
88	  D	  0.8	  1.4	4.742	0.000	0.000
89	  L	  0.3	  1.4	5.013	0.000	0.000
90	  E	  0.3	  0.1	5.310	0.000	0.000
91	  E	 13.4	  0.0	5.455	0.000	0.000
92	  V	 15.3	  0.1	5.324	0.000	0.000
93	  K	 15.5	  0.0	5.324	0.000	0.000
94	  Q	  3.0	  0.0	4.251	0.000	0.000
95	  K	  3.6	  0.0	3.408	0.000	0.000
96	  V	  3.7	  0.0	1.369	0.000	0.000
97	  Q	  3.2	  0.0	1.369	0.000	0.000
98	  P	  0.4	  0.0	0.000	0.000	0.000
99	  Y	  0.9	  0.1	0.000	0.000	0.000
100	  L	  0.9	  0.4	0.000	0.000	0.000
101	  D	  1.0	  0.4	5.014	0.000	0.000
102	  D	  0.7	  0.4	16.846	0.000	0.000
103	  F	  2.3	  0.3	16.846	0.000	0.000
104	  Q	  2.4	  0.0	16.846	0.000	0.000
105	  K	  2.0	  0.0	16.846	0.000	0.000
106	  K	  0.8	  0.0	16.846	0.000	0.000
107	  W	  1.2	  0.0	16.240	0.000	0.000
108	  Q	  1.2	  0.1	15.136	0.000	0.000
109	  E	  0.7	  0.1	11.419	0.000	0.000
110	  E	  2.0	  0.1	9.661	0.000	0.000
111	  V	  6.1	  0.1	8.164	0.000	0.000
112	  E	  6.3	  0.0	8.164	0.000	0.000
113	  L	  4.5	  0.0	7.411	0.000	0.000
114	  Y	  2.4	  0.1	6.865	0.000	0.000
115	  R	  2.4	  0.1	4.426	0.000	0.000
116	  Q	  2.9	  0.1	3.459	0.000	0.000
117	  K	  5.9	  0.1	1.307	0.000	0.000
118	  V	  6.1	  0.0	0.209	0.000	0.000
119	  A	  5.5	  0.4	0.209	0.000	0.000
120	  P	  0.5	  0.4	0.000	0.000	0.000
121	  L	  0.0	  0.5	0.000	0.000	0.000
122	  G	  0.0	  0.5	0.000	0.000	0.000
123	  T	  0.1	  0.2	0.000	0.000	0.000
124	  E	  0.4	  0.2	0.000	0.000	0.000
125	  L	  0.4	  0.2	0.000	0.000	0.000
126	  R	  0.3	  0.7	0.000	0.000	0.000
127	  E	  0.1	  0.8	0.000	0.000	0.000
128	  G	  0.1	  0.8	0.000	0.000	0.000
129	  C	  2.7	  0.7	0.000	0.000	0.000
130	  I	  9.2	  0.2	0.000	0.000	0.000
131	  H	 15.2	  0.0	0.000	0.000	0.000
132	  I	 13.6	  0.0	0.000	0.000	0.000
133	  R	  7.7	  0.0	0.000	0.000	0.000
134	  H	  2.0	  0.0	0.000	0.000	0.000
135	  L	  1.9	  0.0	0.000	0.000	0.000
136	  T	  4.6	  0.2	0.000	0.000	0.000
137	  A	  4.3	  0.2	0.000	0.000	0.000
138	  S	  3.5	  0.2	0.000	0.000	0.000
139	  S	  0.4	  0.4	0.000	0.000	0.000
140	  P	  0.0	  0.4	0.000	0.000	0.000
141	  K	  0.4	  0.4	0.000	0.000	0.000
142	  S	  1.2	  0.4	0.398	0.000	0.000
143	  W	  2.1	  0.1	0.398	0.000	0.000
144	  V	  1.9	  0.0	0.398	0.000	0.000
145	  D	  1.2	  0.1	0.544	0.000	0.000
146	  R	  1.3	  0.1	0.544	0.000	0.000
147	  R	  2.0	  0.1	0.544	0.000	0.000
148	  Y	  2.8	  0.1	0.327	0.000	0.000
149	  I	  2.0	  0.0	0.146	0.000	0.000
150	  H	  1.2	  0.2	0.146	0.000	0.000
151	  D	  0.5	  1.3	0.000	0.000	0.000
152	  T	  0.3	  1.5	0.236	0.000	0.000
153	  D	  0.2	  1.6	0.236	0.000	0.000
154	  D	  0.1	  1.5	0.236	0.000	0.000
155	  K	  0.9	  0.4	0.236	0.000	0.000
156	  A	  0.9	  0.2	0.236	0.000	0.000
157	  E	  0.9	  1.1	0.236	0.000	0.000
158	  P	  0.0	  1.5	0.000	0.000	0.000
159	  G	  0.0	  1.6	0.000	0.000	0.000
160	  S	  2.6	  1.6	0.000	0.000	0.000
161	  H	  2.7	  0.5	0.000	0.000	0.000
162	  R	  2.7	  0.7	0.000	0.000	0.000
163	  P	  0.1	  0.6	0.000	0.000	0.000
164	  G	  0.0	  0.6	0.000	0.000	0.000
165	  L	  0.5	  0.9	0.000	0.000	0.000
166	  K	  0.9	  0.2	0.000	0.000	0.000
167	  S	  1.3	  0.2	0.000	0.000	0.000
168	  W	  1.0	  0.4	0.000	0.000	0.000
169	  M	  0.7	  0.2	0.000	0.000	0.000
170	  G	  0.2	  0.2	1.778	0.000	0.000
171	  S	  0.8	  0.2	3.348	0.640	0.640
172	  V	  4.3	  0.1	3.348	0.640	0.640
173	  A	  4.4	  0.0	3.709	0.640	0.640
174	  L	  3.9	  0.0	3.709	0.640	0.640
175	  F	  2.4	  0.1	3.709	0.640	0.640
176	  R	  3.9	  0.1	3.226	0.000	0.000
177	  R	  6.9	  0.1	2.636	0.000	0.000
178	  I	  6.2	  0.1	2.292	0.000	0.000
179	  L	  4.4	  0.4	2.292	0.000	0.000
180	  G	  1.3	  0.4	2.264	0.000	0.000
181	  R	  0.7	  0.4	1.543	0.000	0.000
182	  F	  1.6	  0.4	0.259	0.000	0.000
183	  L	  1.7	  0.0	0.259	0.000	0.000
184	  K	  1.1	  0.1	0.259	0.000	0.000
185	  K	  0.8	  0.1	0.259	0.000	0.000
186	  R	  3.1	  0.1	0.000	0.000	0.000
187	  V	  6.0	  0.0	0.000	0.000	0.000
188	  V	  8.0	  0.0	0.000	0.000	0.000
189	  R	  5.7	  0.0	0.000	0.000	0.000
190	  H	  2.8	  0.3	0.000	0.000	0.000
191	  S	  1.3	  1.0	0.000	0.000	0.000
192	  S	  1.3	  1.3	0.000	0.000	0.000
193	  S	  1.4	  1.7	0.000	0.000	0.000
194	  H	  0.6	  1.8	0.000	0.000	0.000
195	  G	  0.5	  1.1	0.336	0.000	0.000
196	  C	  1.4	  0.9	0.336	0.000	0.000
197	  A	  1.4	  0.5	0.336	0.000	0.000
198	  Q	  1.4	  0.2	0.336	0.000	0.000
199	  A	  0.4	  0.2	0.336	0.000	0.000
200	  H	  0.6	  0.0	0.336	0.000	0.000
201	  A	  0.6	  0.1	0.195	0.000	0.000
202	  R	  0.9	  0.1	0.195	0.000	0.000
203	  S	  0.7	  0.2	0.000	0.000	0.000
204	  Q	  0.7	  0.2	0.000	0.000	0.000
205	  A	  0.6	  0.1	0.000	0.000	0.000
206	  H	  0.6	  0.0	0.000	0.000	0.000
207	  T	  0.5	  0.0	0.153	0.000	0.000
208	  P	  0.2	  0.0	0.153	0.000	0.000
209	  M	  0.8	  0.1	0.153	0.000	0.000
210	  R	  1.5	  0.1	0.153	0.000	0.000
211	  S	  1.5	  0.1	0.153	0.000	0.000
212	  R	  0.7	  0.1	0.153	0.000	0.000
213	  P	  0.0	  0.2	0.000	0.000	0.000
214	  P	  0.0	  0.2	0.000	0.000	0.000
215	  L	  0.3	  0.2	0.000	0.000	0.000
216	  H	  1.3	  0.2	0.000	0.000	0.000
217	  T	  2.2	  0.0	0.000	0.000	0.000
218	  Q	  2.6	  0.0	0.000	0.000	0.000
219	  V	  4.5	  0.0	0.000	0.000	0.000
220	  L	  3.8	  0.0	0.000	0.000	0.000
221	  T	  3.2	  0.2	0.000	0.000	0.000
222	  P	  0.2	  0.2	0.000	0.000	0.000
223	  M	  1.8	  0.2	0.000	0.000	0.000
224	  C	  2.0	  0.2	0.000	0.000	0.000
225	  V	  2.1	  0.2	0.000	0.000	0.000
226	  P	  0.2	  0.2	0.000	0.000	0.000
227	  R	  2.1	  0.2	0.000	0.000	0.000
228	  F	  4.0	  0.3	0.000	0.000	0.000
229	  T	  4.4	  0.1	0.000	0.000	0.000
230	  D	  2.6	  0.2	0.000	0.000	0.000
231	  Q	  1.0	  0.4	0.000	0.000	0.000
232	  R	  0.7	  0.6	0.000	0.000	0.000
233	  S	  0.5	  0.7	0.000	0.000	0.000
234	  G	  0.2	  0.5	0.000	0.000	0.000
235	  Q	  0.1	  0.4	0.000	0.000	0.000
236	  C	  0.1	  5.2	0.000	0.000	0.000
237	  P	  0.1	  5.3	0.000	0.000	0.000
238	  D	  0.0	  5.4	0.000	0.000	0.000
239	  G	  0.1	  5.4	0.000	0.000	0.000
240	  T	  1.1	  0.3	0.000	0.000	0.000
241	  F	  1.1	  0.3	0.000	0.000	0.000
242	  P	  1.0	  0.2	0.000	0.000	0.000
243	  A	  1.2	  0.2	0.000	0.000	0.000
244	  V	  1.6	  0.2	0.000	0.000	0.000
245	  S	  1.6	  0.9	0.000	0.000	0.000
246	  P	  0.4	  1.0	0.000	0.000	0.000
247	  R	  0.1	  1.0	0.000	0.000	0.000
248	  G	  0.1	  1.0	0.000	0.000	0.000
249	  L	  0.1	  0.1	0.000	0.000	0.000
250	  L	  0.0	  0.0	0.000	0.000	0.000
251	  P	  0.0	  0.0	0.000	0.000	0.000
252	  P	  0.0	  0.0	0.000	0.000	0.000
253	  A	  0.0	  0.0	0.000	0.000	0.000
254	  S	  0.0	  0.0	0.000	0.000	0.000
255	  P	  0.0	  0.0	0.000	0.000	0.000
256	  P	  0.0	  0.0	0.000	0.000	0.000
257	  I	  0.7	  0.0	0.000	0.000	0.000
258	  S	  1.1	  0.2	0.000	0.000	0.000
259	  S	  3.4	  0.5	0.000	0.000	0.000
260	  T	  5.1	  0.5	0.000	0.000	0.000
261	  S	  6.2	  0.5	0.000	0.000	0.000
262	  C	  4.6	  0.5	0.000	0.000	0.000
263	  K	  2.4	  0.1	0.000	0.000	0.000
264	  L	  1.3	  0.1	0.000	0.000	0.000
265	  L	  0.8	  0.1	0.000	0.000	0.000
266	  D	  0.5	  0.1	0.164	0.000	0.000
267	  K	  0.4	  0.1	0.164	0.000	0.000
268	  A	  0.5	  0.1	0.164	7.360	7.360
269	  V	  0.6	  0.0	0.164	7.360	7.360
270	  G	  0.3	  0.0	0.164	7.360	7.360
271	  F	  2.1	  0.0	0.164	7.360	7.360
272	  L	  2.1	  0.0	0.000	7.360	7.360
273	  V	  2.1	  0.2	0.000	0.923	0.923
274	  P	  0.2	  0.3	0.000	0.364	0.364
275	  S	  0.5	  0.3	0.000	0.000	0.000
276	  H	  1.1	  0.3	0.000	0.000	0.000
277	  Q	  1.2	  0.1	0.000	0.000	0.000
278	  E	  0.7	  0.0	0.000	0.000	0.000
279	  P	  0.0	  0.0	0.000	0.000	0.000
