res	aa	Beta	Turn	Helix	Aggregation	Conc-Stab_Aggregation
01	  D	  0.0	  0.0	0.000	0.000	0.000
02	  A	  0.0	  0.4	0.000	0.000	0.000
03	  P	  0.0	  0.4	0.000	0.000	0.000
04	  S	  0.2	  0.5	0.000	0.000	0.000
05	  Q	  1.0	  0.5	0.000	0.000	0.000
06	  L	  1.3	  0.2	0.000	0.000	0.000
07	  D	  1.2	  0.1	0.000	0.000	0.000
08	  H	  2.6	  0.0	0.000	0.000	0.000
09	  V	  5.2	  0.1	0.000	1.479	1.479
10	  K	  5.6	  0.0	0.000	1.479	1.479
11	  S	  4.5	  0.0	0.348	1.479	1.479
12	  V	  6.4	  0.0	0.348	1.479	1.479
13	  I	 12.6	  0.0	0.348	1.479	1.479
14	  D	 13.7	  0.0	0.466	1.479	1.479
15	  V	 12.6	  0.0	0.466	1.656	1.656
16	  Y	  7.1	  0.1	0.466	1.656	1.656
17	  L	  4.7	  0.1	0.117	1.413	1.413
18	  N	  1.6	  0.1	0.117	0.177	0.177
19	  Q	  1.5	  0.1	0.117	0.177	0.177
20	  V	  3.0	  0.0	0.000	0.177	0.177
21	  K	  2.8	  0.1	0.000	0.000	0.000
22	  E	  1.8	  0.1	0.000	0.000	0.000
23	  S	  5.7	  0.4	0.178	0.000	0.000
24	  V	  6.0	  0.4	0.178	0.000	0.000
25	  N	  6.0	  0.3	0.178	0.000	0.000
26	  K	  0.5	  0.3	0.178	0.000	0.000
27	  A	  0.3	  0.0	0.178	0.000	0.000
28	  L	  1.6	  0.0	0.178	0.000	0.000
29	  T	  2.6	  0.0	0.000	0.000	0.000
30	  H	  3.2	  0.3	0.000	0.000	0.000
31	  L	  2.0	  0.4	0.000	0.000	0.000
32	  D	  0.9	  0.5	0.000	0.000	0.000
33	  D	  0.3	  0.6	0.000	0.000	0.000
34	  T	  0.4	  0.3	0.000	0.000	0.000
35	  E	  3.9	  0.1	0.000	0.000	0.000
36	  Y	  4.2	  0.3	0.000	0.000	0.000
37	  K	  4.1	  0.3	0.000	0.000	0.000
38	  D	  1.1	  0.3	0.350	0.000	0.000
39	  Y	  1.3	  0.3	0.350	0.000	0.000
40	  K	  1.5	  0.1	0.350	0.000	0.000
41	  Q	  2.4	  0.1	0.350	0.000	0.000
42	  Y	  2.2	  0.1	0.350	0.000	0.000
43	  M	  2.4	  0.0	0.350	0.000	0.000
44	  T	  1.1	  0.2	0.212	0.000	0.000
45	  Q	  0.5	  0.2	0.212	0.000	0.000
46	  G	  0.1	  0.4	0.212	0.000	0.000
47	  L	  0.2	  0.3	0.000	0.000	0.000
48	  D	  0.3	  0.2	0.000	0.000	0.000
49	  K	  2.2	  0.2	0.000	0.000	0.000
50	  V	  3.5	  0.0	0.000	0.000	0.000
51	  H	  4.2	  0.0	0.000	0.000	0.000
52	  D	  3.7	  0.0	0.410	0.000	0.000
53	  I	  6.7	  0.0	0.410	0.000	0.000
54	  I	  8.5	  0.0	0.410	0.000	0.000
55	  T	 10.3	  0.1	0.410	0.000	0.000
56	  K	  6.3	  0.1	0.410	0.000	0.000
57	  S	  4.2	  1.5	0.410	0.000	0.000
58	  A	  0.8	  1.6	0.000	0.000	0.000
59	  D	  1.0	  1.4	0.000	0.000	0.000
60	  T	  9.9	  1.4	0.000	0.000	0.000
61	  V	 10.4	  0.0	0.000	0.000	0.000
62	  V	  9.9	  0.2	0.000	0.000	0.000
63	  P	  0.6	  0.4	0.000	0.000	0.000
64	  Y	  0.2	  0.5	0.000	0.000	0.000
65	  G	  0.2	  0.5	0.147	0.000	0.000
66	  Q	  0.5	  0.3	0.147	0.000	0.000
67	  Q	  0.5	  0.2	0.147	0.000	0.000
68	  L	  1.0	  0.1	0.147	0.297	0.297
69	  A	  1.6	  0.0	0.147	0.297	0.297
70	  V	  3.6	  0.0	0.147	0.297	0.297
71	  M	  3.2	  0.0	0.147	0.297	0.297
72	  T	  2.2	  0.3	0.000	0.297	0.297
73	  E	  0.2	  0.3	0.000	0.000	0.000
74	  D	  0.5	  0.3	1.111	0.000	0.000
75	  T	  1.2	  0.4	1.111	0.000	0.000
76	  R	  1.4	  0.1	1.111	0.000	0.000
77	  T	  2.0	  0.1	1.111	0.000	0.000
78	  K	  1.9	  0.1	1.111	0.000	0.000
79	  I	  2.4	  0.1	1.111	0.000	0.000
80	  M	  1.6	  0.1	1.111	0.000	0.000
81	  N	  1.0	  0.1	0.581	0.000	0.000
82	  D	  1.1	  2.0	0.211	0.000	0.000
83	  I	  1.8	  2.2	0.000	0.000	0.000
84	  D	  1.6	  2.2	0.000	0.000	0.000
85	  G	  0.8	  2.2	0.427	0.000	0.000
86	  L	  0.2	  0.3	0.427	0.000	0.000
87	  R	  0.5	  0.1	0.427	0.000	0.000
88	  T	  1.6	  0.1	0.427	0.000	0.000
89	  Q	  5.2	  0.1	0.427	0.000	0.000
90	  L	  5.0	  0.0	0.427	0.000	0.000
91	  E	  4.0	  0.0	0.829	0.000	0.000
92	  P	  0.1	  0.0	0.852	0.000	0.000
93	  Q	  0.3	  0.1	1.315	0.000	0.000
94	  R	  0.3	  0.1	2.510	0.000	0.000
95	  E	  0.3	  0.1	2.878	0.000	0.000
96	  E	  0.3	  0.1	3.206	0.000	0.000
97	  L	  0.5	  0.1	3.206	0.000	0.000
98	  R	  1.2	  0.1	3.206	0.000	0.000
99	  K	  3.5	  0.0	3.206	0.000	0.000
100	  V	  7.1	  0.0	2.232	0.000	0.000
101	  I	  7.0	  0.0	2.232	0.000	0.000
102	  H	  4.8	  0.1	2.232	0.000	0.000
103	  K	  1.5	  0.1	1.396	0.000	0.000
104	  H	  6.1	  0.1	0.000	0.000	0.000
105	  I	  6.1	  0.2	0.000	0.000	0.000
106	  E	  5.5	  0.1	0.000	0.000	0.000
107	  E	  1.1	  0.1	0.145	0.000	0.000
108	  Y	  1.4	  0.1	0.145	0.000	0.000
109	  R	  1.4	  0.1	0.145	0.000	0.000
110	  E	  0.7	  0.1	0.145	0.000	0.000
111	  K	  3.6	  0.1	0.145	0.000	0.000
112	  L	  3.8	  0.1	0.145	0.000	0.000
113	  T	  3.7	  0.0	0.613	0.000	0.000
114	  P	  0.2	  0.0	0.613	0.000	0.000
115	  V	  1.3	  0.0	0.613	0.000	0.000
116	  L	  1.3	  0.1	0.613	0.000	0.000
117	  K	  1.5	  0.1	0.613	0.000	0.000
118	  E	  2.9	  0.1	0.613	0.000	0.000
119	  Y	  4.1	  0.1	0.261	0.000	0.000
120	  T	  4.3	  0.1	1.981	0.000	0.000
121	  E	  2.2	  0.1	1.981	0.000	0.000
122	  K	  1.1	  0.1	1.981	0.000	0.000
123	  H	  1.5	  0.2	2.308	0.000	0.000
124	  R	  1.1	  0.2	2.308	0.000	0.000
125	  Q	  1.1	  0.1	2.308	0.000	0.000
126	  E	  0.6	  0.1	1.955	0.000	0.000
127	  M	  0.6	  0.1	2.104	0.000	0.000
128	  E	  0.6	  0.1	2.141	0.000	0.000
129	  A	  0.8	  0.1	2.262	0.000	0.000
130	  F	  4.6	  0.1	2.262	0.000	0.000
131	  R	  6.0	  0.0	1.590	0.000	0.000
132	  V	 13.4	  0.0	1.452	0.000	0.000
133	  K	 10.7	  0.0	1.452	0.000	0.000
134	  M	  9.3	  0.0	1.181	0.000	0.000
135	  Q	  1.7	  0.0	1.181	0.000	0.000
136	  P	  0.1	  0.0	0.000	0.000	0.000
137	  V	  4.6	  0.0	0.000	0.000	0.000
138	  I	  5.0	  0.0	0.141	0.000	0.000
139	  A	  5.1	  0.0	0.141	0.000	0.000
140	  E	  0.8	  0.0	0.141	0.000	0.000
141	  L	  0.4	  0.1	0.141	0.000	0.000
142	  R	  0.4	  0.1	0.141	0.000	0.000
143	  E	  0.2	  0.1	0.141	0.000	0.000
144	  K	  2.5	  0.1	0.141	0.000	0.000
145	  V	  3.6	  0.0	0.000	0.000	0.000
146	  A	  3.6	  0.1	0.000	0.000	0.000
147	  T	  2.1	  0.1	0.000	0.000	0.000
148	  N	  5.3	  0.1	0.000	0.000	0.000
149	  V	  5.8	  0.1	0.000	0.000	0.000
150	  E	  5.1	  0.1	0.000	0.000	0.000
151	  E	  1.2	  0.1	0.000	0.000	0.000
152	  T	  4.1	  0.2	0.225	0.000	0.000
153	  K	  4.7	  0.2	0.225	0.000	0.000
154	  S	  4.3	  0.2	0.225	0.000	0.000
155	  K	  1.5	  0.2	0.225	0.000	0.000
156	  L	  0.9	  0.1	0.225	0.000	0.000
157	  M	  0.8	  0.1	0.225	0.000	0.000
158	  P	  0.1	  0.0	0.401	0.000	0.000
159	  I	  3.2	  0.0	0.401	0.000	0.000
160	  V	  5.0	  0.0	0.401	0.000	0.000
161	  E	  5.1	  0.0	0.401	0.000	0.000
162	  A	  2.5	  0.0	0.401	0.000	0.000
163	  V	  1.4	  0.0	0.401	0.000	0.000
164	  R	  1.6	  0.0	0.401	0.000	0.000
165	  T	  3.0	  0.0	0.179	0.000	0.000
166	  K	  4.2	  0.0	0.179	0.000	0.000
167	  V	  4.3	  0.0	0.000	0.000	0.000
168	  N	  2.3	  0.1	0.827	0.000	0.000
169	  E	  0.4	  0.1	0.988	0.000	0.000
170	  R	  0.6	  0.1	1.147	0.000	0.000
171	  L	  0.6	  0.1	1.147	0.000	0.000
172	  Q	  0.7	  0.1	1.147	0.000	0.000
173	  E	  1.6	  0.1	1.147	0.000	0.000
174	  L	  1.7	  0.1	0.923	0.000	0.000
175	  K	  1.7	  0.1	0.923	0.000	0.000
176	  E	  0.3	  0.0	0.299	0.000	0.000
177	  M	  0.4	  0.0	0.299	0.000	0.000
178	  L	  0.4	  0.0	0.146	0.000	0.000
179	  E	  0.4	  0.0	0.146	0.000	0.000
180	  P	  0.1	  0.0	0.000	0.000	0.000
181	  V	  1.7	  0.0	0.000	0.000	0.000
182	  A	  1.7	  0.0	0.000	0.000	0.000
183	  Q	  2.1	  0.0	0.000	0.000	0.000
184	  E	  3.9	  0.0	0.000	0.000	0.000
185	  Y	  4.7	  0.1	0.000	0.000	0.000
186	  K	  4.5	  0.1	0.000	0.000	0.000
187	  E	  1.1	  0.1	0.000	0.000	0.000
188	  H	  0.8	  0.1	0.000	0.000	0.000
189	  L	  1.0	  0.1	0.000	0.000	0.000
190	  T	  2.4	  0.1	0.000	0.000	0.000
191	  K	  2.4	  0.1	0.000	0.000	0.000
192	  T	 21.8	  0.1	0.000	0.000	0.000
193	  F	 22.3	  0.2	0.000	0.000	0.000
194	  T	 21.8	  0.1	0.000	0.000	0.000
195	  N	  2.6	  0.1	0.000	0.000	0.000
196	  L	  0.6	  0.7	0.000	0.000	0.000
197	  K	  0.4	  0.7	0.000	0.000	0.000
198	  D	  0.2	  1.3	0.000	0.000	0.000
199	  G	  0.0	  1.3	0.000	0.000	0.000
200	  N	  0.1	  1.4	1.264	0.000	0.000
201	  Q	  0.3	  1.3	1.264	0.000	0.000
202	  D	  0.7	  0.7	1.857	0.000	0.000
203	  I	  0.7	  0.7	1.857	0.000	0.000
204	  Q	  0.6	  0.1	1.857	0.000	0.000
205	  N	  0.2	  0.2	1.857	0.000	0.000
206	  K	  2.6	  0.2	1.633	0.000	0.000
207	  L	  2.6	  0.1	1.129	0.000	0.000
208	  K	  2.6	  0.1	0.801	0.000	0.000
209	  P	  0.1	  0.0	0.143	0.000	0.000
210	  L	  0.0	  0.0	0.278	0.000	0.000
211	  A	  0.0	  0.0	1.429	0.000	0.000
212	  E	  0.0	  0.0	2.674	0.000	0.000
213	  E	 14.2	  0.0	4.192	0.000	0.000
214	  V	 15.7	  0.1	4.362	0.000	0.000
215	  K	 15.9	  0.1	4.513	0.000	0.000
216	  E	  2.0	  0.1	4.631	0.000	0.000
217	  K	  0.6	  0.1	4.631	0.000	0.000
218	  L	  0.6	  0.1	4.631	55.771	55.771
219	  L	  0.9	  0.0	4.631	57.460	57.460
220	  A	  0.8	  0.0	4.150	58.268	58.268
221	  M	  0.9	  0.0	3.705	59.228	59.228
222	  W	  3.9	  0.0	1.250	59.228	59.228
223	  N	  7.1	  0.0	0.591	54.350	54.350
224	  V	  9.5	  0.0	0.000	54.170	54.170
225	  I	  6.6	  0.1	0.000	53.330	53.330
226	  K	  3.1	  0.2	0.000	0.000	0.000
227	  D	  0.3	  0.2	0.000	0.000	0.000
228	  H	  0.7	  0.2	0.000	0.000	0.000
229	  A	  0.6	  0.1	0.000	0.000	0.000
230	  H	  0.6	  0.0	0.000	0.000	0.000
231	  P	  0.0	  0.0	0.000	0.000	0.000
