res	aa	Beta	Turn	Helix	Aggregation	Conc-Stab_Aggregation
01	  E	  0.0	  0.0	0.000	0.000	0.000
02	  D	  0.0	  0.4	9.340	0.000	0.000
03	  P	  0.0	  0.5	9.340	0.000	0.000
04	  Q	  0.1	  0.5	9.340	0.000	0.000
05	  T	  0.5	  0.5	10.040	0.000	0.000
06	  A	  0.7	  0.1	10.040	0.000	0.000
07	  L	  0.7	  0.1	10.040	0.000	0.000
08	  D	  0.2	  0.1	9.454	0.000	0.000
09	  R	  0.7	  0.1	8.558	0.000	0.000
10	  F	  1.1	  0.6	7.382	0.000	0.000
11	  K	  1.1	  0.5	2.219	0.000	0.000
12	  D	  0.7	  0.5	1.313	0.000	0.000
13	  M	  0.6	  0.5	0.956	5.452	5.452
14	  V	  5.2	  0.0	0.679	6.220	6.220
15	  Q	  6.2	  0.0	0.679	6.220	6.220
16	  V	  9.0	  0.0	0.398	6.220	6.220
17	  Y	  5.1	  0.0	0.398	6.220	6.220
18	  L	  3.8	  0.0	0.240	5.322	5.322
19	  E	  0.7	  0.0	0.375	0.000	0.000
20	  T	 16.2	  0.0	0.266	0.000	0.000
21	  V	 18.2	  0.1	0.266	0.000	0.000
22	  K	 18.3	  0.3	0.266	0.000	0.000
23	  A	  2.6	  0.6	0.135	0.000	0.000
24	  S	  0.3	  0.7	0.135	0.000	0.000
25	  G	  0.1	  0.8	0.132	0.000	0.000
26	  K	  0.2	  0.5	0.132	0.000	0.000
27	  E	  0.2	  0.2	0.132	0.000	0.000
28	  A	  0.6	  0.1	0.132	0.197	0.197
29	  V	  2.1	  0.0	0.132	0.197	0.197
30	  A	  2.4	  0.0	0.132	0.197	0.197
31	  Q	  9.3	  0.0	0.132	0.197	0.197
32	  F	 10.2	  0.0	0.132	0.197	0.197
33	  E	 10.0	  0.0	0.000	0.000	0.000
34	  A	  2.9	  0.0	0.000	0.000	0.000
35	  S	  0.7	  0.0	0.000	0.000	0.000
36	  A	  0.6	  0.2	0.000	0.000	0.000
37	  V	  0.5	  0.3	0.000	0.000	0.000
38	  G	  0.2	  0.4	0.000	0.000	0.000
39	  K	  0.3	  0.4	0.000	0.000	0.000
40	  Q	  1.0	  0.2	0.000	0.000	0.000
41	  L	  2.1	  0.1	0.000	0.000	0.000
42	  D	  2.2	  0.1	0.000	0.000	0.000
43	  L	  2.9	  0.1	0.000	0.000	0.000
44	  K	  2.3	  0.1	0.000	0.000	0.000
45	  L	  2.1	  0.3	0.000	0.000	0.000
46	  S	  0.6	  1.3	0.000	0.000	0.000
47	  D	  0.1	  1.3	0.000	0.000	0.000
48	  N	  0.5	  1.3	1.243	0.000	0.000
49	  L	  0.6	  1.1	1.243	0.000	0.000
50	  E	  0.7	  0.2	1.388	0.000	0.000
51	  S	  0.9	  0.1	3.367	0.000	0.000
52	  L	  1.6	  0.1	3.367	0.205	0.205
53	  Q	  1.9	  0.0	3.367	0.205	0.205
54	  V	  2.5	  0.0	3.044	0.205	0.205
55	  A	  1.7	  0.0	3.044	0.205	0.205
56	  A	  1.6	  0.0	3.044	0.205	0.205
57	  Q	  0.5	  0.1	3.044	0.000	0.000
58	  K	  1.0	  0.1	1.592	0.000	0.000
59	  L	  1.8	  0.1	0.897	0.000	0.000
60	  Q	  3.4	  0.0	0.518	0.000	0.000
61	  V	  7.7	  0.0	0.131	0.000	0.000
62	  E	  7.1	  0.0	0.131	0.000	0.000
63	  L	  5.2	  0.0	0.131	0.000	0.000
64	  A	  0.4	  0.2	0.131	0.000	0.000
65	  P	  0.0	  0.2	0.000	0.000	0.000
66	  Y	  1.3	  0.2	0.000	0.000	0.000
67	  Y	  5.8	  0.2	0.000	0.000	0.000
68	  T	  6.8	  0.1	0.000	0.000	0.000
69	  Q	  6.7	  0.1	0.000	0.000	0.000
70	  L	  2.5	  0.2	0.000	0.000	0.000
71	  Q	  1.6	  0.2	0.000	0.000	0.000
72	  D	  1.0	  0.1	0.000	0.000	0.000
73	  Q	  2.5	  0.1	0.000	0.000	0.000
74	  W	  3.6	  0.1	0.000	0.000	0.000
75	  S	  3.5	  1.1	0.000	0.000	0.000
76	  K	  2.1	  1.2	0.000	0.000	0.000
77	  D	  0.9	  1.2	7.610	0.000	0.000
78	  T	  0.5	  1.2	11.407	0.000	0.000
79	  E	  0.2	  0.1	11.407	0.000	0.000
80	  T	  2.4	  0.1	11.845	0.000	0.000
81	  L	  2.7	  0.1	11.845	0.000	0.000
82	  R	  2.8	  0.0	11.845	0.000	0.000
83	  A	  0.6	  0.0	11.153	0.000	0.000
84	  E	  0.8	  0.0	10.154	0.000	0.000
85	  L	  1.2	  0.0	7.793	0.000	0.000
86	  T	  1.8	  0.1	7.123	0.000	0.000
87	  K	  1.3	  0.1	7.005	0.000	0.000
88	  E	  1.0	  0.1	4.155	0.000	0.000
89	  M	  0.3	  0.1	3.116	0.000	0.000
90	  E	  0.2	  0.0	3.060	0.000	0.000
91	  E	 14.2	  0.0	3.043	0.000	0.000
92	  V	 16.1	  0.1	2.891	0.000	0.000
93	  K	 16.4	  0.0	2.891	0.000	0.000
94	  Q	  2.7	  0.0	2.166	0.000	0.000
95	  K	  1.6	  0.0	1.820	0.000	0.000
96	  I	  1.4	  0.0	0.646	0.000	0.000
97	  Q	  1.2	  0.0	0.646	0.000	0.000
98	  P	  0.1	  0.0	0.000	0.000	0.000
99	  F	  1.1	  0.1	0.000	0.000	0.000
100	  L	  1.2	  0.2	0.000	0.000	0.000
101	  D	  1.9	  0.2	0.217	0.000	0.000
102	  Q	  2.7	  0.2	0.217	0.000	0.000
103	  F	  4.0	  0.1	0.217	0.000	0.000
104	  H	  3.5	  0.0	0.217	0.000	0.000
105	  K	  1.7	  0.0	0.217	0.000	0.000
106	  K	  2.7	  0.0	0.217	0.000	0.000
107	  W	  3.3	  0.0	0.000	0.000	0.000
108	  T	  3.3	  0.1	0.137	0.000	0.000
109	  E	  0.8	  0.1	0.137	0.000	0.000
110	  E	  0.2	  0.1	0.137	0.000	0.000
111	  L	  0.3	  0.4	0.276	0.000	0.000
112	  E	  0.5	  0.3	0.276	0.000	0.000
113	  S	  7.4	  0.3	1.035	0.000	0.000
114	  Y	  9.6	  0.3	1.035	0.000	0.000
115	  R	  9.7	  0.1	0.898	0.000	0.000
116	  Q	  3.1	  0.1	0.898	0.000	0.000
117	  K	  1.5	  0.1	0.758	0.000	0.000
118	  L	  1.2	  0.1	0.758	0.000	0.000
119	  A	  0.9	  0.0	0.476	0.000	0.000
120	  P	  0.1	  0.0	0.000	0.000	0.000
121	  I	  0.1	  0.1	0.000	0.000	0.000
122	  G	  0.0	  0.2	1.311	0.000	0.000
123	  E	  0.1	  0.3	1.472	0.000	0.000
124	  E	  1.5	  0.3	1.623	0.000	0.000
125	  L	  1.5	  0.2	1.623	0.000	0.000
126	  K	  1.6	  0.1	1.933	0.000	0.000
127	  E	  1.0	  0.0	1.933	0.000	0.000
128	  M	  1.5	  0.1	1.652	0.000	0.000
129	  T	  2.9	  0.1	1.804	0.000	0.000
130	  K	  2.5	  0.1	1.804	0.000	0.000
131	  Q	  2.2	  0.1	1.641	0.000	0.000
132	  K	  2.7	  0.1	0.759	0.000	0.000
133	  M	  4.6	  0.0	0.759	0.000	0.000
134	  E	  4.8	  0.0	0.759	0.000	0.000
135	  V	  5.4	  0.0	0.759	0.000	0.000
136	  L	  3.2	  0.0	0.759	0.000	0.000
137	  Q	  3.0	  0.1	0.623	0.000	0.000
138	  Q	  0.8	  0.1	0.425	0.000	0.000
139	  K	  4.2	  0.1	0.000	0.000	0.000
140	  L	  4.0	  0.0	0.000	0.000	0.000
141	  T	  3.7	  0.0	0.000	0.000	0.000
142	  P	  0.2	  0.0	0.000	0.000	0.000
143	  V	  0.8	  0.0	0.197	0.000	0.000
144	  A	  0.8	  0.1	1.040	0.000	0.000
145	  E	  0.8	  0.1	2.156	0.000	0.000
146	  E	  0.1	  0.1	2.572	0.000	0.000
147	  A	  0.1	  0.3	2.572	0.000	0.000
148	  R	  0.1	  0.2	2.572	0.000	0.000
149	  D	  0.1	  0.2	2.572	0.000	0.000
150	  R	  0.8	  0.2	2.572	0.000	0.000
151	  M	  1.0	  0.2	2.572	0.000	0.000
152	  R	  1.1	  0.2	0.958	0.000	0.000
153	  G	  0.4	  0.2	1.059	0.000	0.000
154	  H	  2.3	  0.2	1.424	0.000	0.000
155	  V	  2.9	  0.0	1.747	0.000	0.000
156	  E	  2.9	  0.1	2.216	0.000	0.000
157	  E	  0.9	  0.1	2.216	0.000	0.000
158	  L	  0.6	  0.1	2.216	0.000	0.000
159	  R	  0.8	  0.2	2.216	0.000	0.000
160	  K	  0.7	  0.2	2.216	0.000	0.000
161	  S	  0.8	  0.2	1.187	0.000	0.000
162	  L	  0.6	  0.1	0.000	0.000	0.000
163	  A	  0.4	  0.2	0.000	0.000	0.000
164	  P	  0.0	  0.1	0.000	0.000	0.000
165	  Y	  0.3	  0.3	0.000	0.000	0.000
166	  S	  0.3	  0.4	4.024	0.000	0.000
167	  D	  0.3	  0.4	5.852	0.000	0.000
168	  E	  0.3	  0.4	6.021	0.000	0.000
169	  L	  0.6	  0.2	6.161	0.000	0.000
170	  R	  1.0	  0.2	6.845	0.000	0.000
171	  Q	  1.1	  0.1	6.845	0.000	0.000
172	  Q	  0.9	  0.1	5.752	0.000	0.000
173	  E	  0.7	  0.1	4.036	0.000	0.000
174	  L	  0.4	  0.1	3.460	0.000	0.000
175	  R	  0.4	  0.2	3.278	0.000	0.000
176	  E	  0.1	  0.5	2.561	0.000	0.000
177	  K	  0.1	  0.5	2.220	0.000	0.000
178	  G	  0.1	  0.5	1.563	0.000	0.000
179	  I	  0.1	  0.3	0.000	0.000	0.000
180	  P	  0.0	  0.0	0.000	0.000	0.000
181	  Q	  0.1	  0.0	0.000	0.000	0.000
182	  A	  0.1	  0.0	0.000	0.000	0.000
183	  A	  0.2	  0.0	0.000	0.000	0.000
184	  E	  1.7	  0.0	0.000	0.000	0.000
185	  Y	  4.4	  0.0	0.000	0.000	0.000
186	  Q	  4.5	  0.0	0.000	0.000	0.000
187	  A	  3.3	  0.0	0.000	0.000	0.000
188	  K	  3.2	  0.0	0.000	0.000	0.000
189	  V	  5.2	  0.0	0.000	0.000	0.000
190	  I	  5.1	  0.0	0.000	0.000	0.000
191	  Q	  2.9	  0.0	0.000	0.000	0.000
192	  H	  1.1	  0.0	0.000	0.000	0.000
193	  L	  1.2	  0.1	0.000	0.000	0.000
194	  T	  4.6	  0.0	0.000	0.000	0.000
195	  T	 15.7	  0.0	0.000	0.000	0.000
196	  F	 16.0	  0.1	0.000	0.000	0.000
197	  R	 12.5	  0.1	0.000	0.000	0.000
198	  E	  0.8	  0.1	0.000	0.000	0.000
199	  K	  8.6	  0.1	0.000	0.000	0.000
200	  V	  9.2	  0.0	0.000	0.000	0.000
201	  T	  9.1	  0.0	0.000	0.000	0.000
202	  P	  0.6	  0.0	0.000	0.000	0.000
203	  L	  0.1	  0.0	0.000	0.000	0.000
204	  L	  0.2	  0.6	0.000	0.000	0.000
205	  E	  0.2	  0.6	0.000	0.000	0.000
206	  D	  0.7	  0.6	0.568	0.000	0.000
207	  F	  1.4	  0.7	0.568	0.000	0.000
208	  K	  1.5	  0.1	0.568	0.000	0.000
209	  E	  1.1	  0.1	0.568	0.000	0.000
210	  R	  1.6	  0.1	0.568	0.000	0.000
211	  L	  1.5	  0.1	0.568	0.000	0.000
212	  T	  1.5	  0.2	0.468	0.000	0.000
213	  P	  0.2	  0.2	0.217	0.000	0.000
214	  Y	  0.4	  0.2	0.217	0.000	0.000
215	  A	  0.4	  0.4	0.217	0.000	0.000
216	  E	  0.4	  0.2	0.217	0.000	0.000
217	  N	  0.4	  0.2	12.785	0.000	0.000
218	  M	  0.5	  0.3	12.785	0.000	0.000
219	  K	  0.8	  0.1	12.785	0.000	0.000
220	  T	  1.4	  0.1	12.568	0.000	0.000
221	  R	  1.8	  0.1	12.568	0.000	0.000
222	  F	  2.1	  0.0	12.568	41.643	41.643
223	  L	  1.5	  0.0	9.170	41.643	41.643
224	  A	  1.2	  0.0	8.426	41.643	41.643
225	  F	  1.7	  0.1	7.657	41.643	41.643
226	  M	  1.8	  0.2	4.891	41.643	41.643
227	  D	  1.6	  0.2	3.534	0.000	0.000
228	  S	  4.2	  0.2	2.375	0.000	0.000
229	  V	  4.6	  0.1	1.953	0.000	0.000
230	  R	  4.7	  0.1	1.953	0.000	0.000
231	  K	  1.2	  0.1	1.321	0.000	0.000
232	  S	  1.7	  0.1	0.591	0.000	0.000
233	  M	  1.7	  0.2	0.000	0.000	0.000
234	  E	  1.7	  0.1	0.000	0.000	0.000
235	  S	  0.8	  0.1	0.000	0.000	0.000
236	  T	  0.6	  0.1	0.000	0.000	0.000
237	  K	  0.4	  0.0	0.000	0.000	0.000
