res	aa	Beta	Turn	Helix	Aggregation	Conc-Stab_Aggregation
01	  D	  0.0	  0.0	0.000	0.000	0.000
02	  D	  0.0	  0.4	0.542	0.000	0.000
03	  P	  0.0	  0.5	0.542	0.000	0.000
04	  Q	  0.1	  0.5	0.542	0.000	0.000
05	  T	  1.6	  0.5	0.542	0.000	0.000
06	  S	  7.2	  0.5	0.542	0.000	0.000
07	  W	  7.3	  0.5	0.542	0.000	0.000
08	  D	  5.9	  0.5	0.515	0.000	0.000
09	  R	  1.8	  0.5	0.337	0.000	0.000
10	  V	  3.1	  0.3	0.194	0.703	0.703
11	  K	  3.2	  0.3	0.194	0.840	0.840
12	  D	  1.7	  0.3	0.916	0.840	0.840
13	  F	  0.5	  0.4	0.916	61.216	61.216
14	  A	  1.1	  0.2	0.723	62.048	62.048
15	  T	  7.2	  0.2	0.723	62.048	62.048
16	  V	 12.9	  0.2	0.723	62.048	62.048
17	  Y	 13.6	  0.0	0.723	62.048	62.048
18	  V	  8.4	  0.1	0.191	57.124	57.124
19	  D	  2.2	  0.1	0.388	0.488	0.488
20	  A	  1.2	  0.1	0.388	0.488	0.488
21	  I	  0.9	  0.1	0.388	0.488	0.488
22	  K	  0.8	  0.3	0.388	0.488	0.488
23	  D	  0.3	  1.1	0.196	0.000	0.000
24	  S	  0.2	  1.5	0.196	0.000	0.000
25	  G	  0.1	  1.7	0.000	0.000	0.000
26	  R	  0.4	  1.5	0.000	0.000	0.000
27	  D	  0.7	  0.7	0.000	0.000	0.000
28	  Y	  2.4	  0.3	0.000	0.000	0.000
29	  V	  4.0	  0.1	0.000	0.000	0.000
30	  S	  4.1	  0.1	0.000	0.000	0.000
31	  Q	  9.6	  0.1	0.000	0.000	0.000
32	  F	  9.0	  0.2	0.000	0.000	0.000
33	  E	  8.6	  0.2	0.000	0.000	0.000
34	  S	  1.6	  0.2	0.318	0.000	0.000
35	  S	  0.3	  0.5	0.478	0.000	0.000
36	  A	  0.3	  0.5	0.478	0.000	0.000
37	  L	  0.2	  0.5	0.478	0.000	0.000
38	  G	  0.1	  0.5	0.478	0.000	0.000
39	  Q	  0.4	  0.3	0.478	0.000	0.000
40	  Q	  0.5	  0.2	0.159	0.000	0.000
41	  L	  0.6	  0.2	0.159	0.000	0.000
42	  G	  0.2	  0.1	0.159	0.000	0.000
43	  L	  1.7	  0.1	0.000	0.000	0.000
44	  K	  2.3	  0.1	0.000	0.000	0.000
45	  L	  2.9	  0.0	0.000	0.000	0.000
46	  V	  1.8	  0.2	0.000	0.000	0.000
47	  D	  1.2	  0.2	0.000	0.000	0.000
48	  N	  1.2	  0.7	0.160	0.000	0.000
49	  W	  1.1	  0.8	0.160	0.000	0.000
50	  D	  1.6	  0.6	0.160	0.000	0.000
51	  T	  1.6	  0.6	0.160	0.320	0.320
52	  V	  1.3	  0.5	0.160	0.870	0.870
53	  G	  0.8	  0.4	0.160	0.870	0.870
54	  T	  2.6	  0.4	0.000	0.870	0.870
55	  T	  3.2	  0.6	0.000	0.870	0.870
56	  V	  3.2	  0.4	0.000	0.870	0.870
57	  G	  0.7	  0.4	0.317	0.000	0.000
58	  R	  0.6	  0.4	0.317	0.000	0.000
59	  L	  0.6	  0.3	0.317	0.000	0.000
60	  Q	  0.7	  0.1	0.317	0.000	0.000
61	  E	  0.2	  0.1	0.317	0.000	0.000
62	  Q	  0.2	  0.1	0.317	0.000	0.000
63	  L	  0.1	  0.1	0.140	0.000	0.000
64	  G	  0.1	  0.1	0.140	0.000	0.000
65	  P	  0.0	  0.0	0.000	0.000	0.000
66	  V	  4.1	  0.0	0.000	0.000	0.000
67	  T	  4.6	  0.1	0.000	0.000	0.000
68	  Q	  5.0	  0.1	0.000	0.000	0.000
69	  E	  1.4	  0.1	0.000	0.000	0.000
70	  F	  2.6	  0.1	0.000	0.000	0.000
71	  W	  2.4	  0.5	0.000	0.000	0.000
72	  S	  2.0	  0.6	0.148	0.000	0.000
73	  N	  0.7	  0.6	0.148	0.000	0.000
74	  L	  0.7	  0.6	0.148	0.000	0.000
75	  E	  0.9	  0.2	0.148	0.000	0.000
76	  K	  0.7	  0.2	0.148	0.000	0.000
77	  D	  0.7	  0.7	0.148	0.000	0.000
78	  T	  0.8	  0.6	1.510	0.000	0.000
79	  D	  0.5	  0.5	1.791	0.000	0.000
80	  W	  1.1	  0.4	1.791	0.000	0.000
81	  L	  0.8	  0.0	1.791	0.000	0.000
82	  R	  0.8	  0.1	1.791	0.000	0.000
83	  E	  0.1	  0.1	1.791	0.000	0.000
84	  E	  1.1	  0.1	1.199	0.000	0.000
85	  M	  1.2	  0.1	0.486	0.000	0.000
86	  N	  1.2	  0.9	1.090	0.000	0.000
87	  K	  0.2	  0.9	0.939	0.000	0.000
88	  D	  0.3	  0.9	7.725	0.000	0.000
89	  L	  0.3	  0.9	8.237	0.000	0.000
90	  E	  0.3	  0.1	9.114	0.000	0.000
91	  E	 13.3	  0.0	9.114	0.000	0.000
92	  V	 13.8	  0.1	8.972	0.000	0.000
93	  K	 13.9	  0.1	8.972	0.000	0.000
94	  K	  0.9	  0.1	7.896	0.000	0.000
95	  Q	  1.6	  0.1	6.659	0.000	0.000
96	  V	  1.9	  0.0	1.933	0.000	0.000
97	  Q	  1.8	  0.0	1.803	0.000	0.000
98	  P	  0.4	  0.0	0.000	0.000	0.000
99	  Y	  1.0	  0.1	0.000	0.000	0.000
100	  L	  1.2	  0.2	0.000	0.000	0.000
101	  D	  1.9	  0.2	0.000	0.000	0.000
102	  Q	  5.1	  0.2	0.000	0.000	0.000
103	  F	  5.5	  0.1	0.000	0.000	0.000
104	  Q	  5.0	  0.1	0.000	0.000	0.000
105	  T	  2.0	  0.1	0.000	0.000	0.000
106	  K	  2.2	  0.1	0.000	0.000	0.000
107	  W	  2.7	  0.0	0.000	0.000	0.000
108	  Q	  1.6	  0.1	0.000	0.000	0.000
109	  E	  0.8	  0.1	0.000	0.000	0.000
110	  E	  0.3	  0.1	0.152	0.000	0.000
111	  M	  0.7	  0.2	0.152	0.000	0.000
112	  E	  1.2	  0.2	0.152	0.000	0.000
113	  H	  4.3	  0.2	0.152	0.000	0.000
114	  Y	  6.3	  0.2	0.152	0.000	0.000
115	  R	  6.1	  0.1	0.152	0.000	0.000
116	  Q	  3.4	  0.1	0.152	0.000	0.000
117	  K	  1.5	  0.1	0.000	0.000	0.000
118	  V	  1.1	  0.1	0.000	0.000	0.000
119	  G	  0.5	  0.6	0.000	0.000	0.000
120	  P	  0.0	  0.6	0.000	0.000	0.000
121	  L	  0.0	  0.7	0.000	0.000	0.000
122	  G	  0.0	  0.6	0.996	0.000	0.000
123	  A	  0.1	  0.1	0.996	0.000	0.000
124	  E	  0.4	  0.1	0.996	0.000	0.000
125	  L	  0.4	  0.1	0.996	0.000	0.000
126	  R	  0.3	  0.5	1.668	0.000	0.000
127	  E	  0.1	  0.7	1.668	0.000	0.000
128	  G	  0.0	  0.7	4.568	0.000	0.000
129	  A	  0.2	  0.6	4.259	0.000	0.000
130	  R	  0.5	  0.3	4.115	0.000	0.000
131	  Q	  0.9	  0.1	3.972	0.000	0.000
132	  K	  1.3	  0.1	3.972	0.000	0.000
133	  L	  1.2	  0.2	3.586	0.000	0.000
134	  Q	  1.0	  0.2	3.312	0.000	0.000
135	  D	  0.5	  0.2	3.437	0.000	0.000
136	  L	  0.3	  0.2	2.642	0.000	0.000
137	  Q	  0.3	  0.1	2.465	0.000	0.000
138	  E	  0.2	  0.1	1.870	0.000	0.000
139	  R	  1.2	  0.1	1.570	0.000	0.000
140	  L	  1.3	  0.1	1.318	0.000	0.000
141	  V	  1.3	  0.0	0.728	0.000	0.000
142	  P	  0.2	  0.1	0.000	0.000	0.000
143	  V	  0.2	  0.3	0.000	0.000	0.000
144	  G	  0.1	  0.6	0.420	0.000	0.000
145	  E	  0.1	  0.6	0.420	0.000	0.000
146	  D	  2.2	  0.5	2.128	0.000	0.000
147	  I	  2.4	  0.4	2.128	0.000	0.000
148	  R	  2.4	  0.1	2.128	0.000	0.000
149	  D	  0.3	  0.1	2.128	0.000	0.000
150	  R	  0.8	  0.1	2.128	0.000	0.000
151	  M	  1.0	  0.1	2.128	0.000	0.000
152	  R	  1.3	  0.1	0.986	0.000	0.000
153	  T	  2.6	  0.1	0.251	0.000	0.000
154	  H	  3.9	  0.1	0.251	0.000	0.000
155	  V	  4.2	  0.0	0.000	0.000	0.000
156	  D	  2.2	  0.2	0.492	0.000	0.000
157	  A	  1.0	  0.2	0.492	0.000	0.000
158	  L	  1.0	  0.2	0.492	0.000	0.000
159	  R	  1.2	  0.4	0.492	0.000	0.000
160	  S	  0.9	  0.3	0.492	0.000	0.000
161	  N	  0.8	  0.3	0.492	0.000	0.000
162	  L	  0.7	  0.2	0.000	0.000	0.000
163	  S	  0.7	  0.2	0.000	0.000	0.000
164	  P	  0.1	  0.2	0.000	0.000	0.000
165	  Y	  0.3	  0.4	0.000	0.000	0.000
166	  S	  0.3	  0.5	6.677	0.000	0.000
167	  D	  0.3	  0.3	12.858	0.000	0.000
168	  K	  0.8	  0.3	14.485	0.000	0.000
169	  M	  0.9	  0.1	14.910	0.000	0.000
170	  R	  0.9	  0.1	15.234	0.000	0.000
171	  E	  0.2	  0.1	15.381	0.000	0.000
172	  R	  0.2	  0.1	15.105	0.000	0.000
173	  L	  0.2	  0.1	13.546	0.000	0.000
174	  A	  0.4	  0.1	13.057	0.000	0.000
175	  Q	  0.6	  0.0	12.141	0.000	0.000
176	  H	  0.8	  0.0	8.479	0.000	0.000
177	  L	  0.7	  0.0	7.066	0.000	0.000
178	  A	  0.6	  0.0	6.746	0.000	0.000
179	  K	  1.4	  0.0	6.238	0.000	0.000
180	  L	  1.5	  0.2	2.804	0.000	0.000
181	  K	  1.3	  0.3	1.949	0.000	0.000
182	  D	  0.3	  0.4	1.560	0.000	0.000
183	  S	  0.9	  0.4	1.155	0.000	0.000
184	  T	  1.8	  0.2	1.266	0.000	0.000
185	  T	  2.3	  0.2	1.856	0.000	0.000
186	  L	  1.5	  0.2	1.856	0.000	0.000
187	  A	  0.7	  0.2	1.856	0.000	0.000
188	  E	  0.9	  0.2	1.856	0.000	0.000
189	  Y	  1.5	  0.2	1.562	0.000	0.000
190	  R	  1.6	  0.1	0.861	0.000	0.000
191	  T	  1.4	  0.1	0.139	0.000	0.000
192	  K	  1.0	  0.3	0.139	0.000	0.000
193	  A	  0.8	  0.4	0.000	0.000	0.000
194	  S	  0.2	  0.4	0.000	0.000	0.000
195	  N	  0.0	  0.4	0.000	0.000	0.000
196	  H	  0.7	  0.3	0.000	0.000	0.000
197	  L	  0.8	  0.1	0.000	0.000	0.000
198	  Q	  1.0	  0.1	0.000	0.000	0.000
199	  T	  6.3	  0.1	0.404	0.000	0.000
200	  L	  6.3	  0.1	0.404	0.000	0.000
201	  S	  6.1	  0.2	0.404	0.000	0.000
202	  E	  0.2	  0.2	0.404	0.000	0.000
203	  K	  0.8	  0.2	0.404	0.000	0.000
204	  A	  0.8	  0.1	0.404	0.000	0.000
205	  K	  0.6	  0.0	0.404	0.000	0.000
206	  P	  0.0	  0.0	0.000	0.000	0.000
207	  A	  0.1	  0.0	0.000	0.000	0.000
208	  L	  0.2	  0.3	0.000	0.000	0.000
209	  E	  0.2	  0.3	0.000	0.000	0.000
210	  D	  0.5	  0.3	0.000	0.000	0.000
211	  L	  0.8	  0.4	0.000	0.000	0.000
212	  R	  0.8	  0.3	0.000	0.000	0.000
213	  Q	  0.4	  0.3	0.000	0.000	0.000
214	  G	  0.2	  0.3	0.000	0.000	0.000
215	  L	  0.3	  0.2	0.000	0.000	0.000
216	  T	  0.3	  0.1	0.206	0.000	0.000
217	  P	  0.2	  0.0	0.206	0.000	0.000
218	  M	  0.1	  0.0	0.206	0.000	0.000
219	  L	  0.2	  0.3	0.206	0.000	0.000
220	  E	  0.5	  0.3	0.206	0.000	0.000
221	  S	  7.3	  0.3	0.332	0.000	0.000
222	  F	  9.0	  0.3	0.126	0.000	0.000
223	  R	  9.0	  0.0	0.126	0.000	0.000
224	  A	  3.0	  0.0	0.126	1.283	1.283
225	  T	  4.0	  0.0	0.126	2.811	2.811
226	  I	  6.4	  0.1	0.126	3.174	3.174
227	  M	  5.8	  0.1	0.126	3.174	3.174
228	  G	  2.9	  0.1	0.000	3.174	3.174
229	  W	  0.9	  0.1	0.000	3.174	3.174
230	  I	  0.9	  0.0	0.000	2.636	2.636
231	  D	  0.9	  0.2	1.722	0.000	0.000
232	  E	  0.3	  0.3	1.722	0.000	0.000
233	  T	  1.6	  0.3	1.722	0.000	0.000
234	  S	  2.5	  0.4	1.722	0.000	0.000
235	  K	  2.5	  0.2	1.722	0.000	0.000
236	  R	  1.6	  0.2	1.722	0.000	0.000
237	  L	  0.9	  0.2	1.306	0.000	0.000
238	  S	  1.2	  0.1	0.625	0.000	0.000
239	  T	  0.7	  0.1	0.000	0.000	0.000
240	  Q	  0.5	  0.1	0.000	0.000	0.000
