res	aa	Beta	Turn	Helix	Aggregation	Conc-Stab_Aggregation
01	  K	  1.1	  0.0	0.000	0.000	0.000
02	  Y	  4.9	  0.1	0.000	0.000	0.000
03	  Q	  5.5	  0.1	0.000	0.000	0.000
04	  L	  4.6	  0.1	0.000	0.000	0.000
05	  L	  1.0	  0.1	0.000	0.000	0.000
06	  R	  0.5	  0.0	0.000	0.000	0.000
07	  R	  0.6	  0.0	0.000	0.000	0.000
08	  A	  0.7	  0.0	0.000	0.000	0.000
09	  T	  0.7	  0.0	0.000	0.000	0.000
10	  T	  0.5	  0.0	0.000	0.000	0.000
11	  P	  0.2	  0.0	0.000	0.000	0.000
12	  V	  4.2	  0.0	0.000	0.000	0.000
13	  R	  4.3	  0.0	0.000	0.000	0.000
14	  S	  4.3	  2.2	0.000	0.000	0.000
15	  P	  0.1	  2.3	0.000	0.000	0.000
16	  G	  0.0	  2.6	0.000	0.000	0.000
17	  E	  0.0	  2.6	0.000	0.000	0.000
18	  N	  0.7	  0.4	0.154	0.217	0.217
19	  I	  1.7	  0.3	0.154	0.740	0.740
20	  Q	  2.1	  0.0	0.154	0.740	0.740
21	  V	  2.6	  0.0	0.154	0.740	0.740
22	  I	  1.7	  0.4	0.154	0.740	0.740
23	  G	  1.4	  0.4	0.154	0.523	0.523
24	  R	  0.3	  0.4	0.154	0.000	0.000
25	  S	  0.1	  0.8	0.148	0.000	0.000
26	  P	  0.1	  0.6	0.148	0.000	0.000
27	  Q	  0.1	  0.6	0.148	0.000	0.000
28	  D	  0.1	  2.9	0.148	0.000	0.000
29	  E	  0.3	  2.6	0.148	0.000	0.000
30	  S	  7.4	  2.9	0.148	0.000	0.000
31	  C	  7.8	  2.8	0.000	0.000	0.000
32	  D	 11.2	  0.5	0.000	0.000	0.000
33	  F	  4.9	  0.5	0.000	0.000	0.000
34	  E	  4.4	  0.0	0.000	0.000	0.000
35	  P	  0.7	  0.0	0.000	0.000	0.000
36	  L	  0.0	  0.0	0.000	0.000	0.000
37	  P	  0.0	  0.0	0.000	0.000	0.000
38	  A	  0.1	  0.0	0.000	0.000	0.000
39	  L	  0.1	  0.2	0.000	0.000	0.000
40	  P	  0.1	  0.2	0.000	0.000	0.000
41	  H	  0.2	  0.3	0.000	0.000	0.000
42	  S	  0.8	  0.3	0.000	0.000	0.000
43	  L	  2.8	  0.1	0.000	0.000	0.000
44	  K	  8.1	  0.1	0.000	0.000	0.000
45	  I	  8.0	  0.0	0.000	0.000	0.000
46	  T	  6.6	  0.1	0.000	0.000	0.000
47	  D	  1.0	  0.1	0.000	0.000	0.000
48	  T	  6.2	  0.1	0.000	0.000	0.000
49	  L	  6.1	  0.2	0.000	0.000	0.000
50	  S	  6.2	  0.3	0.000	0.000	0.000
51	  S	  0.7	  0.5	0.000	0.000	0.000
52	  L	  0.3	  0.7	0.000	0.000	0.000
53	  G	  0.3	  0.6	0.000	0.000	0.000
54	  S	  0.4	  0.5	0.430	0.369	0.369
55	  A	  0.8	  0.3	0.430	3.394	3.394
56	  F	  6.6	  0.0	0.430	5.516	5.516
57	  T	  7.2	  0.0	0.430	5.516	5.516
58	  A	  7.2	  0.0	0.430	5.516	5.516
59	  F	  3.1	  0.1	0.430	5.516	5.516
60	  Y	  2.3	  0.1	0.000	4.125	4.125
61	  D	  2.0	  0.3	0.000	0.000	0.000
62	  E	  1.1	  0.3	0.000	0.000	0.000
63	  L	  0.9	  0.2	0.000	0.000	0.000
64	  S	  0.9	  0.3	0.747	0.000	0.000
65	  P	  0.1	  0.2	0.747	0.000	0.000
66	  A	  0.4	  0.2	0.747	0.953	0.953
67	  Y	  0.8	  0.2	0.747	0.953	0.953
68	  L	  0.9	  0.0	0.747	0.953	0.953
69	  G	  0.6	  0.0	0.747	0.953	0.953
70	  L	  0.3	  0.2	0.356	0.953	0.953
71	  K	  0.3	  0.3	0.000	0.000	0.000
72	  D	  0.2	  0.3	0.000	0.000	0.000
73	  S	  0.5	  0.3	0.000	0.000	0.000
74	  L	  1.1	  0.1	0.000	0.000	0.000
75	  V	  2.9	  0.1	0.000	0.000	0.000
76	  K	  2.7	  0.1	0.000	0.000	0.000
77	  E	  2.1	  0.1	0.000	0.000	0.000
78	  T	  0.3	  0.3	2.249	0.000	0.000
79	  E	  0.0	  0.4	2.249	0.000	0.000
80	  G	  0.0	  0.3	2.488	0.000	0.000
81	  L	  0.1	  0.3	2.681	0.000	0.000
82	  R	  0.1	  0.1	2.928	0.000	0.000
83	  E	  0.1	  0.1	2.928	0.000	0.000
84	  E	  0.8	  0.1	3.071	0.000	0.000
85	  M	  1.4	  0.1	2.438	0.000	0.000
86	  T	  1.4	  0.2	3.018	0.000	0.000
87	  K	  0.7	  0.2	3.018	0.000	0.000
88	  G	  0.1	  0.2	7.321	0.000	0.000
89	  L	  0.0	  0.2	6.025	0.000	0.000
90	  E	  0.1	  0.1	7.557	0.000	0.000
91	  E	 13.6	  0.0	7.557	0.000	0.000
92	  V	 14.2	  0.1	7.557	0.000	0.000
93	  K	 14.2	  0.1	7.557	0.000	0.000
94	  K	  1.1	  0.1	6.971	0.000	0.000
95	  N	  1.5	  0.1	6.528	0.000	0.000
96	  I	  1.6	  0.1	1.574	0.000	0.000
97	  Q	  1.2	  0.1	1.574	0.000	0.000
98	  P	  0.1	  0.2	0.000	0.000	0.000
99	  H	  0.7	  0.4	0.000	0.000	0.000
100	  L	  1.0	  0.4	0.000	0.000	0.000
101	  D	  1.1	  0.3	4.863	0.000	0.000
102	  A	  0.6	  0.3	5.005	0.000	0.000
103	  F	  2.6	  0.1	5.005	0.000	0.000
104	  E	  2.9	  0.1	5.005	0.000	0.000
105	  K	  2.7	  0.1	5.005	0.000	0.000
106	  K	  1.3	  0.1	5.005	0.000	0.000
107	  W	  1.6	  0.1	3.898	0.000	0.000
108	  Q	  1.6	  0.3	3.545	0.000	0.000
109	  S	  0.9	  0.3	4.121	0.000	0.000
110	  D	  0.3	  0.3	6.021	0.000	0.000
111	  M	  1.1	  0.3	6.227	0.000	0.000
112	  E	  1.3	  0.1	6.227	0.000	0.000
113	  L	  1.2	  0.1	6.227	0.000	0.000
114	  Y	  2.5	  0.1	6.227	0.000	0.000
115	  R	  2.7	  0.1	5.539	0.000	0.000
116	  Q	  3.1	  0.1	4.421	0.000	0.000
117	  K	  5.9	  0.1	1.584	0.000	0.000
118	  V	  6.1	  0.0	0.300	0.000	0.000
119	  A	  5.5	  0.0	0.300	0.000	0.000
120	  P	  0.5	  0.0	0.000	0.000	0.000
121	  L	  0.4	  0.0	0.000	0.000	0.000
122	  T	  1.0	  0.2	0.867	0.000	0.000
123	  Q	  1.2	  0.3	0.867	0.000	0.000
124	  D	  1.0	  0.3	1.028	0.000	0.000
125	  L	  0.5	  0.5	1.028	0.000	0.000
126	  K	  0.4	  0.3	1.175	0.000	0.000
127	  D	  0.3	  0.4	1.322	0.000	0.000
128	  S	  0.4	  0.4	0.947	0.000	0.000
129	  A	  0.4	  0.2	0.726	0.000	0.000
130	  K	  0.7	  0.2	0.726	0.000	0.000
131	  Q	  1.2	  0.1	0.565	0.000	0.000
132	  K	  1.9	  0.1	0.417	0.000	0.000
133	  F	  1.8	  0.1	0.270	0.000	0.000
134	  D	  1.1	  0.2	0.336	0.000	0.000
135	  E	  1.6	  0.2	0.336	0.000	0.000
136	  L	  1.5	  0.2	0.336	0.000	0.000
137	  H	  1.8	  0.3	0.336	0.000	0.000
138	  E	  0.5	  0.2	0.336	0.000	0.000
139	  K	  1.4	  0.2	0.336	0.000	0.000
140	  L	  1.2	  0.1	0.143	0.000	0.000
141	  S	  1.1	  0.6	0.143	0.000	0.000
142	  P	  0.1	  0.8	0.141	0.000	0.000
143	  L	  0.0	  0.8	0.141	0.000	0.000
144	  G	  0.0	  0.9	4.236	0.000	0.000
145	  Q	  0.1	  0.3	4.236	0.000	0.000
146	  E	  0.4	  0.1	4.490	0.000	0.000
147	  L	  0.4	  0.1	4.644	0.000	0.000
148	  R	  0.4	  0.1	4.644	0.000	0.000
149	  E	  0.2	  0.1	4.644	0.000	0.000
150	  R	  0.3	  0.1	4.274	0.000	0.000
151	  A	  0.3	  0.2	3.663	0.000	0.000
152	  Q	  0.4	  0.1	3.057	0.000	0.000
153	  S	  1.3	  0.1	0.751	0.000	0.000
154	  H	  6.2	  0.1	0.219	0.000	0.000
155	  I	  6.5	  0.1	0.000	0.000	0.000
156	  E	  5.6	  0.0	0.000	0.000	0.000
157	  T	  8.4	  0.0	0.000	0.000	0.000
158	  V	  8.3	  0.1	0.000	0.000	0.000
159	  R	  8.4	  0.0	0.000	0.000	0.000
160	  E	  0.8	  0.0	0.000	0.000	0.000
161	  Y	  2.2	  0.0	0.000	0.000	0.000
162	  L	  2.1	  0.0	0.000	0.000	0.000
163	  S	  2.0	  0.3	0.000	0.000	0.000
164	  P	  0.1	  0.3	0.000	0.000	0.000
165	  Y	  1.2	  0.3	0.000	0.000	0.000
166	  H	  1.5	  0.4	0.000	0.000	0.000
167	  E	  1.6	  0.2	0.000	0.000	0.000
168	  K	  1.6	  0.2	0.000	0.000	0.000
169	  L	  1.5	  0.2	0.000	0.000	0.000
170	  K	  1.6	  0.2	0.000	0.000	0.000
171	  T	  0.6	  0.1	0.000	0.000	0.000
172	  N	  0.8	  0.5	0.147	0.000	0.000
173	  L	  0.8	  0.5	0.147	0.000	0.000
174	  S	  0.8	  0.5	1.679	0.000	0.000
175	  Q	  0.9	  0.5	1.679	0.000	0.000
176	  K	  1.3	  0.1	1.874	0.000	0.000
177	  L	  1.1	  0.1	1.874	0.000	0.000
178	  Q	  0.8	  0.1	1.874	0.000	0.000
179	  E	  0.4	  0.1	1.874	0.000	0.000
180	  L	  0.4	  0.1	1.725	0.000	0.000
181	  R	  0.4	  0.2	1.551	0.000	0.000
182	  E	  0.1	  0.4	1.255	0.000	0.000
183	  K	  0.1	  0.4	1.046	0.000	0.000
184	  G	  0.0	  0.4	0.734	0.000	0.000
185	  L	  0.0	  0.5	0.000	0.000	0.000
186	  P	  0.0	  0.4	0.000	0.000	0.000
187	  S	  3.4	  1.2	0.203	0.000	0.000
188	  A	  3.4	  1.3	0.203	0.000	0.000
189	  S	  3.4	  0.9	0.203	0.000	0.000
190	  E	  1.6	  0.9	0.203	0.000	0.000
191	  Y	  4.2	  0.1	0.203	0.000	0.000
192	  Q	  4.3	  0.0	0.203	0.000	0.000
193	  A	  3.2	  0.0	0.203	0.000	0.000
194	  K	  1.9	  0.0	0.203	0.000	0.000
195	  V	  3.7	  0.0	0.000	0.000	0.000
196	  S	  3.6	  0.1	1.781	0.000	0.000
197	  Q	  2.7	  0.1	1.781	0.000	0.000
198	  Q	  1.7	  0.1	1.781	0.000	0.000
199	  L	  1.8	  0.1	1.781	0.000	0.000
200	  K	  1.7	  0.0	1.781	0.000	0.000
201	  A	  1.1	  0.0	1.781	0.000	0.000
202	  I	  1.6	  0.0	1.447	0.000	0.000
203	  K	  1.6	  0.1	1.447	0.000	0.000
204	  E	  1.2	  0.1	0.893	0.000	0.000
205	  K	  9.9	  0.1	0.673	0.000	0.000
206	  V	 10.2	  0.0	0.000	0.000	0.000
207	  T	 10.1	  0.0	0.000	0.000	0.000
208	  P	  0.6	  0.0	0.000	0.000	0.000
209	  L	  0.1	  0.0	0.000	0.000	0.000
210	  L	  0.2	  0.3	0.000	0.000	0.000
211	  E	  0.2	  0.3	0.000	0.000	0.000
212	  D	  0.3	  0.5	0.000	0.000	0.000
213	  L	  0.3	  0.9	0.000	0.000	0.000
214	  K	  0.3	  0.7	0.000	0.000	0.000
215	  G	  0.1	  0.7	0.000	0.000	0.000
216	  S	  8.6	  0.5	0.000	0.000	0.000
217	  V	  8.9	  0.1	0.000	0.000	0.000
218	  D	  8.8	  0.0	0.403	0.000	0.000
219	  P	  0.3	  0.0	0.403	0.000	0.000
220	  I	  0.2	  0.0	0.403	0.000	0.000
221	  S	  0.2	  0.1	6.156	0.000	0.000
222	  E	  0.5	  0.1	6.156	0.000	0.000
223	  K	  1.4	  0.1	6.156	0.000	0.000
224	  F	  2.6	  0.1	5.906	0.000	0.000
225	  K	  2.7	  0.0	5.878	0.000	0.000
226	  A	  1.7	  0.1	5.878	0.000	0.000
227	  E	  0.5	  0.1	5.888	0.000	0.000
228	  L	  0.6	  0.0	5.476	0.000	0.000
229	  L	  2.4	  0.0	5.218	0.000	0.000
230	  S	  2.6	  0.0	6.616	0.000	0.000
231	  M	  2.3	  0.0	6.284	0.000	0.000
232	  L	  0.4	  0.1	7.304	0.000	0.000
233	  E	  0.1	  0.1	8.377	0.000	0.000
234	  E	  0.1	  0.1	8.259	0.000	0.000
235	  A	  0.2	  0.1	7.873	0.000	0.000
236	  R	  0.4	  0.2	7.687	0.000	0.000
237	  K	  0.5	  0.2	7.097	0.000	0.000
238	  S	  0.6	  0.2	4.428	0.000	0.000
239	  L	  0.5	  0.1	2.072	0.000	0.000
240	  A	  0.5	  0.0	1.158	0.000	0.000
241	  S	  0.4	  0.0	1.158	0.000	0.000
242	  Q	  0.2	  0.0	0.000	0.000	0.000
