res	aa	Beta	Turn	Helix	Aggregation	Conc-Stab_Aggregation
01	  D	  0.0	  0.0	0.000	0.000	0.000
02	  E	  0.0	  0.0	0.000	0.000	0.000
03	  P	  0.0	  0.0	0.000	0.000	0.000
04	  Q	  0.0	  0.0	0.000	0.000	0.000
05	  S	  0.0	  0.3	0.173	0.000	0.000
06	  P	  0.0	  0.3	0.173	0.000	0.000
07	  W	  0.2	  0.3	0.173	0.000	0.000
08	  D	  0.3	  0.3	0.173	0.000	0.000
09	  R	  1.9	  0.1	0.173	0.000	0.000
10	  V	  3.3	  0.2	0.173	0.410	0.410
11	  K	  3.3	  0.1	0.173	0.498	0.498
12	  D	  1.7	  0.1	2.102	0.498	0.498
13	  L	  0.1	  0.1	2.102	43.046	43.046
14	  A	  0.7	  0.0	2.102	44.386	44.386
15	  T	  6.3	  0.0	2.102	44.831	44.831
16	  V	 11.6	  0.0	2.102	45.594	45.594
17	  Y	 12.2	  0.1	2.102	45.594	45.594
18	  V	 14.7	  0.1	0.498	42.508	42.508
19	  D	 10.2	  0.1	0.498	5.938	5.938
20	  V	 11.5	  0.1	0.250	5.938	5.938
21	  V	  5.3	  0.3	0.250	5.938	5.938
22	  K	  4.1	  0.4	0.250	5.938	5.938
23	  D	  1.5	  2.3	0.000	0.000	0.000
24	  G	  0.0	  2.5	0.000	0.000	0.000
25	  G	  0.0	  2.4	0.000	0.000	0.000
26	  R	  0.3	  2.3	0.000	0.000	0.000
27	  D	  0.7	  0.5	0.000	0.000	0.000
28	  Y	  3.3	  0.3	0.000	0.782	0.782
29	  V	  4.6	  0.0	0.000	0.782	0.782
30	  A	  4.5	  0.0	0.000	0.782	0.782
31	  Q	  9.0	  0.0	0.000	0.782	0.782
32	  F	  9.8	  0.0	0.134	0.782	0.782
33	  E	  9.6	  0.0	0.382	0.000	0.000
34	  A	  2.8	  0.1	0.382	0.000	0.000
35	  S	  0.5	  0.3	1.069	0.000	0.000
36	  A	  0.4	  0.4	1.069	0.000	0.000
37	  L	  0.2	  0.5	1.069	0.000	0.000
38	  G	  0.1	  0.5	1.069	0.000	0.000
39	  K	  0.2	  0.3	0.935	0.000	0.000
40	  Q	  1.1	  0.2	0.686	0.000	0.000
41	  L	  2.8	  0.1	0.446	0.000	0.000
42	  N	  3.0	  0.0	1.267	0.000	0.000
43	  L	  3.6	  0.0	1.114	0.000	0.000
44	  K	  2.2	  0.0	0.977	0.000	0.000
45	  L	  2.2	  0.0	0.821	0.000	0.000
46	  L	  0.8	  0.3	0.821	0.000	0.000
47	  D	  0.6	  0.3	0.821	0.000	0.000
48	  N	  0.8	  0.9	0.357	0.000	0.000
49	  W	  1.2	  1.0	0.000	0.000	0.000
50	  D	  1.2	  0.9	0.000	0.000	0.000
51	  S	  6.2	  1.2	0.000	0.000	0.000
52	  L	  6.0	  0.6	0.000	0.000	0.000
53	  S	  6.3	  0.5	0.000	0.000	0.000
54	  S	  1.2	  0.4	0.820	0.000	0.000
55	  T	  4.9	  0.2	1.607	0.000	0.000
56	  V	  5.4	  0.1	1.607	0.000	0.000
57	  A	  5.2	  0.0	1.607	0.000	0.000
58	  K	  1.9	  0.0	1.607	0.000	0.000
59	  L	  1.1	  0.1	1.607	0.000	0.000
60	  R	  0.9	  0.1	1.468	0.000	0.000
61	  E	  0.1	  0.1	1.154	0.000	0.000
62	  Q	  0.2	  0.1	0.820	0.000	0.000
63	  I	  0.1	  0.1	0.314	0.000	0.000
64	  G	  0.1	  0.0	0.314	0.000	0.000
65	  P	  0.0	  0.0	0.000	0.000	0.000
66	  V	  4.1	  0.0	0.000	0.000	0.000
67	  T	  4.6	  0.1	0.000	0.000	0.000
68	  Q	  5.0	  0.1	0.000	0.000	0.000
69	  E	  1.4	  0.1	0.000	0.000	0.000
70	  F	  2.1	  0.1	0.000	0.000	0.000
71	  W	  2.0	  0.4	0.000	0.000	0.000
72	  D	  1.5	  0.5	0.163	0.000	0.000
73	  N	  0.8	  0.5	0.333	0.000	0.000
74	  L	  0.7	  0.4	0.333	0.000	0.000
75	  E	  0.8	  0.1	0.333	0.000	0.000
76	  K	  0.5	  0.1	0.564	0.000	0.000
77	  E	  0.4	  0.1	0.710	0.000	0.000
78	  T	  0.7	  0.1	4.572	0.000	0.000
79	  E	  1.0	  0.1	4.572	0.000	0.000
80	  V	  3.0	  0.0	4.572	0.000	0.000
81	  L	  2.9	  0.0	4.572	0.000	0.000
82	  R	  2.7	  0.1	4.572	0.000	0.000
83	  Q	  0.7	  0.1	4.572	0.000	0.000
84	  E	  1.3	  0.1	1.604	0.000	0.000
85	  M	  1.2	  0.0	0.894	0.000	0.000
86	  N	  1.1	  0.8	1.779	0.000	0.000
87	  K	  0.2	  0.8	1.658	0.000	0.000
88	  D	  0.3	  0.8	10.699	0.000	0.000
89	  L	  0.3	  0.9	11.581	0.000	0.000
90	  E	  0.2	  0.0	12.908	0.000	0.000
91	  E	 12.5	  0.0	13.089	0.000	0.000
92	  V	 13.0	  0.1	12.955	0.000	0.000
93	  K	 13.1	  0.0	12.955	0.000	0.000
94	  K	  0.9	  0.0	11.738	0.000	0.000
95	  K	  2.8	  0.0	10.200	0.000	0.000
96	  V	  3.1	  0.0	3.958	0.000	0.000
97	  Q	  3.0	  0.0	3.738	0.000	0.000
98	  P	  0.4	  0.0	0.000	0.000	0.000
99	  Y	  1.0	  0.1	0.000	0.000	0.000
100	  L	  1.0	  0.2	0.000	0.000	0.000
101	  D	  1.0	  0.2	0.000	0.000	0.000
102	  E	  1.6	  0.2	0.000	0.000	0.000
103	  F	  3.3	  0.2	0.000	0.000	0.000
104	  Q	  3.6	  0.1	0.000	0.000	0.000
105	  S	  2.2	  0.1	0.000	0.000	0.000
106	  K	  1.1	  0.1	0.000	0.000	0.000
107	  W	  1.4	  0.0	0.000	0.000	0.000
108	  H	  1.3	  0.1	0.000	0.000	0.000
109	  E	  0.8	  0.1	0.000	0.000	0.000
110	  E	  2.4	  0.1	0.183	0.000	0.000
111	  V	  7.1	  0.2	0.712	0.000	0.000
112	  E	  7.3	  0.1	0.712	0.000	0.000
113	  L	  5.2	  0.1	0.712	0.000	0.000
114	  Y	  2.6	  0.1	0.712	0.000	0.000
115	  R	  2.7	  0.1	0.712	0.000	0.000
116	  Q	  3.2	  0.1	0.712	0.000	0.000
117	  K	  6.3	  0.1	0.125	0.000	0.000
118	  V	  6.4	  0.0	0.000	0.000	0.000
119	  A	  5.8	  0.4	0.000	0.000	0.000
120	  P	  0.5	  0.4	0.000	0.000	0.000
121	  L	  0.0	  0.5	0.000	0.000	0.000
122	  G	  0.0	  0.5	1.003	0.000	0.000
123	  A	  0.1	  0.1	1.003	0.000	0.000
124	  E	  0.4	  0.1	1.003	0.000	0.000
125	  L	  0.4	  0.2	1.003	0.000	0.000
126	  R	  0.3	  0.5	1.394	0.000	0.000
127	  E	  0.1	  0.7	1.394	0.000	0.000
128	  G	  0.0	  0.7	3.688	0.000	0.000
129	  A	  0.2	  0.6	3.377	0.000	0.000
130	  R	  0.5	  0.3	3.232	0.000	0.000
131	  Q	  0.9	  0.1	3.089	0.000	0.000
132	  K	  1.3	  0.1	3.089	0.000	0.000
133	  L	  1.0	  0.1	2.697	0.000	0.000
134	  Q	  0.8	  0.1	2.419	0.000	0.000
135	  E	  0.5	  0.1	2.048	0.000	0.000
136	  L	  0.5	  0.1	1.783	0.000	0.000
137	  Q	  0.6	  0.1	1.577	0.000	0.000
138	  E	  0.3	  0.1	1.113	0.000	0.000
139	  K	  1.2	  0.1	0.852	0.000	0.000
140	  L	  1.2	  0.1	0.521	0.000	0.000
141	  S	  1.1	  0.6	0.332	0.000	0.000
142	  P	  0.1	  0.6	0.000	0.000	0.000
143	  L	  0.0	  0.7	0.000	0.000	0.000
144	  G	  0.0	  0.8	2.945	0.000	0.000
145	  E	  0.0	  0.2	3.199	0.000	0.000
146	  E	  0.3	  0.2	3.617	0.000	0.000
147	  L	  0.5	  0.3	3.617	0.000	0.000
148	  R	  0.5	  0.2	3.617	0.000	0.000
149	  D	  0.2	  0.3	3.617	0.000	0.000
150	  R	  0.2	  0.3	3.167	0.000	0.000
151	  A	  0.2	  0.1	2.822	0.000	0.000
152	  R	  0.6	  0.1	2.081	0.000	0.000
153	  T	  2.3	  0.1	0.398	0.000	0.000
154	  H	  3.7	  0.1	0.537	0.000	0.000
155	  V	  4.0	  0.0	0.729	0.000	0.000
156	  D	  2.1	  0.1	5.000	0.000	0.000
157	  A	  0.9	  0.1	5.000	0.000	0.000
158	  L	  0.8	  0.2	5.000	0.000	0.000
159	  R	  0.9	  0.2	5.000	0.000	0.000
160	  A	  0.9	  0.0	5.000	0.000	0.000
161	  Q	  0.8	  0.0	5.000	0.000	0.000
162	  L	  0.7	  0.0	1.750	0.000	0.000
163	  A	  0.4	  0.1	1.241	0.000	0.000
164	  P	  0.0	  0.1	0.000	0.000	0.000
165	  Y	  0.5	  0.1	0.421	0.000	0.000
166	  S	  0.5	  0.2	23.262	0.000	0.000
167	  E	  0.6	  0.1	25.482	0.000	0.000
168	  Q	  0.7	  0.1	28.442	0.000	0.000
169	  L	  0.7	  0.1	28.934	0.000	0.000
170	  R	  0.7	  0.1	29.547	0.000	0.000
171	  E	  0.1	  0.1	29.997	0.000	0.000
172	  R	  0.2	  0.1	30.072	0.000	0.000
173	  L	  0.2	  0.1	29.514	0.000	0.000
174	  A	  0.3	  0.0	29.115	0.000	0.000
175	  A	  0.3	  0.0	27.997	0.000	0.000
176	  R	  0.6	  0.0	25.858	0.000	0.000
177	  L	  0.8	  0.0	21.877	0.000	0.000
178	  Q	  0.8	  0.0	20.711	0.000	0.000
179	  A	  0.6	  0.0	16.230	0.000	0.000
180	  L	  0.4	  0.1	14.392	0.000	0.000
181	  K	  0.3	  0.3	11.983	0.000	0.000
182	  E	  0.1	  0.5	5.593	0.000	0.000
183	  G	  0.0	  0.6	3.289	0.000	0.000
184	  G	  0.0	  0.8	1.008	0.000	0.000
185	  G	  0.0	  0.6	0.165	0.000	0.000
186	  A	  0.5	  0.4	0.000	0.000	0.000
187	  T	  3.5	  0.3	0.000	0.000	0.000
188	  L	  3.6	  0.0	0.000	0.000	0.000
189	  T	  3.3	  0.0	0.690	0.000	0.000
190	  E	  4.2	  0.0	0.690	0.000	0.000
191	  Y	  6.0	  0.0	0.690	0.000	0.000
192	  H	  6.0	  0.2	0.690	0.000	0.000
193	  A	  2.3	  0.2	0.690	0.000	0.000
194	  K	  0.5	  0.2	0.690	0.000	0.000
195	  A	  0.3	  0.2	0.341	0.000	0.000
196	  S	  0.3	  0.2	0.183	0.000	0.000
197	  E	  0.2	  0.2	0.000	0.000	0.000
198	  H	  1.0	  0.2	0.000	0.000	0.000
199	  L	  1.7	  0.1	0.000	0.000	0.000
200	  S	  1.8	  0.0	0.701	0.000	0.000
201	  A	  1.2	  0.0	0.701	0.000	0.000
202	  L	  0.5	  0.1	0.701	0.000	0.000
203	  R	  0.4	  0.1	0.701	0.000	0.000
204	  E	  0.2	  0.1	0.701	0.000	0.000
205	  K	  0.8	  0.1	0.701	0.000	0.000
206	  A	  0.8	  0.1	0.244	0.000	0.000
207	  K	  0.7	  0.0	0.244	0.000	0.000
208	  P	  0.0	  0.0	0.000	0.000	0.000
209	  A	  0.1	  0.0	0.000	0.000	0.000
210	  L	  0.2	  0.3	0.000	0.000	0.000
211	  E	  0.2	  0.3	0.000	0.000	0.000
212	  D	  0.5	  0.3	0.000	0.000	0.000
213	  L	  0.8	  0.4	0.000	0.000	0.000
214	  R	  0.8	  0.3	0.000	0.000	0.000
215	  Q	  0.4	  0.3	0.000	0.000	0.000
216	  G	  0.1	  0.3	0.000	0.000	0.000
217	  L	  0.1	  0.2	0.000	0.000	0.000
218	  M	  0.2	  0.0	0.000	0.000	0.000
219	  P	  0.1	  0.0	0.000	0.000	0.000
220	  V	  1.5	  0.0	0.000	0.000	0.000
221	  L	  1.7	  0.3	0.000	0.000	0.000
222	  E	  1.9	  0.3	0.000	0.000	0.000
223	  S	  7.5	  0.3	0.000	0.000	0.000
224	  F	  9.2	  0.3	0.000	0.000	0.000
225	  R	  9.2	  0.0	0.000	0.000	0.000
226	  A	  2.7	  0.1	0.000	1.094	1.094
227	  S	  0.9	  0.1	0.000	2.395	2.395
228	  L	  1.0	  0.0	0.000	3.903	3.903
229	  L	  0.6	  0.0	0.000	3.903	3.903
230	  A	  0.5	  0.0	0.000	3.903	3.903
231	  A	  0.5	  0.0	0.000	3.903	3.903
232	  V	  0.5	  0.0	0.000	3.482	3.482
233	  D	  0.4	  0.1	25.465	0.000	0.000
234	  E	  0.4	  0.1	25.578	0.000	0.000
235	  A	  0.4	  0.1	25.578	0.000	0.000
236	  T	  1.3	  0.1	25.578	0.000	0.000
237	  K	  1.2	  0.1	25.578	0.000	0.000
238	  K	  1.6	  0.1	25.578	0.000	0.000
239	  L	  1.0	  0.1	14.844	0.000	0.000
240	  N	  1.0	  0.0	11.262	0.000	0.000
241	  A	  0.3	  0.0	6.659	0.000	0.000
242	  Q	  0.0	  0.0	1.676	0.000	0.000
