res	aa	Beta	Turn	Helix	Aggregation	Conc-Stab_Aggregation
01	  D	  0.0	  0.0	0.000	0.000	0.000
02	  D	  0.0	  0.6	0.000	0.000	0.000
03	  P	  0.0	  0.7	0.000	0.000	0.000
04	  Q	  0.3	  0.7	0.000	0.000	0.000
05	  S	  0.8	  0.7	0.168	0.000	0.000
06	  Q	  2.1	  0.1	0.168	0.000	0.000
07	  W	  2.0	  0.1	0.168	0.000	0.000
08	  D	  1.6	  0.1	0.307	0.000	0.000
09	  R	  1.8	  0.1	0.307	0.000	0.000
10	  V	  3.1	  0.2	0.307	0.000	0.000
11	  K	  3.1	  0.1	0.307	0.000	0.000
12	  D	  1.6	  0.1	9.198	0.000	0.000
13	  L	  0.1	  0.1	9.198	4.503	4.503
14	  A	  0.5	  0.0	9.198	4.503	4.503
15	  T	  1.7	  0.0	9.198	4.503	4.503
16	  L	  2.5	  0.0	9.198	4.503	4.503
17	  Y	  3.1	  0.1	9.198	4.503	4.503
18	  M	  2.2	  0.1	5.772	2.286	2.286
19	  D	  1.4	  0.1	4.209	0.000	0.000
20	  A	  1.1	  0.1	3.641	0.000	0.000
21	  V	  2.4	  0.1	3.222	0.000	0.000
22	  K	  2.3	  0.2	2.981	0.000	0.000
23	  D	  1.6	  1.5	0.782	0.000	0.000
24	  S	  0.4	  1.6	0.490	0.000	0.000
25	  S	  0.7	  2.8	0.000	0.000	0.000
26	  R	  0.9	  2.7	0.000	0.000	0.000
27	  D	  1.0	  1.4	0.350	0.000	0.000
28	  Y	  3.5	  1.4	0.350	0.343	0.343
29	  V	  4.9	  0.0	0.350	0.343	0.343
30	  A	  4.7	  0.0	0.350	0.343	0.343
31	  Q	  3.5	  0.0	0.350	0.343	0.343
32	  L	  2.1	  0.0	0.495	0.343	0.343
33	  E	  2.0	  0.0	0.820	0.000	0.000
34	  A	  0.6	  0.0	0.820	0.000	0.000
35	  S	  0.5	  0.3	1.015	0.000	0.000
36	  A	  0.4	  0.4	0.832	0.000	0.000
37	  L	  0.2	  0.6	0.832	0.000	0.000
38	  G	  0.1	  0.9	0.832	0.000	0.000
39	  K	  0.1	  0.6	0.520	0.000	0.000
40	  N	  0.5	  0.9	0.196	0.000	0.000
41	  L	  2.1	  0.7	0.000	0.274	0.274
42	  N	  2.3	  0.4	0.797	0.274	0.274
43	  L	  3.7	  0.4	0.797	0.274	0.274
44	  Q	  3.2	  0.0	0.797	0.274	0.274
45	  F	  3.7	  0.0	0.797	0.274	0.274
46	  L	  2.8	  0.0	0.797	0.274	0.274
47	  E	  2.1	  0.0	0.797	0.000	0.000
48	  Y	  2.6	  0.1	0.608	0.000	0.000
49	  W	  2.3	  0.2	0.354	0.000	0.000
50	  D	  1.9	  0.5	0.198	0.000	0.000
51	  S	  1.0	  0.7	0.000	0.000	0.000
52	  M	  0.5	  0.9	0.000	0.000	0.000
53	  G	  0.6	  0.8	0.000	0.000	0.000
54	  S	  0.3	  0.5	2.471	0.000	0.000
55	  A	  0.3	  0.3	2.471	0.000	0.000
56	  A	  0.5	  0.1	2.471	0.000	0.000
57	  T	  1.4	  0.1	2.471	0.000	0.000
58	  K	  1.5	  0.1	2.471	0.000	0.000
59	  L	  1.2	  0.2	2.471	0.000	0.000
60	  G	  0.2	  0.3	1.307	0.000	0.000
61	  E	  0.1	  0.1	0.904	0.000	0.000
62	  K	  2.6	  0.1	0.238	0.000	0.000
63	  V	  3.0	  0.1	0.000	0.000	0.000
64	  S	  2.9	  0.2	0.369	0.000	0.000
65	  P	  0.4	  0.2	0.369	0.000	0.000
66	  A	  0.1	  0.2	0.369	0.000	0.000
67	  A	  0.1	  0.2	0.369	0.000	0.000
68	  Q	  0.5	  0.0	0.369	0.000	0.000
69	  E	  0.9	  0.0	0.369	0.000	0.000
70	  F	  1.7	  0.2	0.192	0.000	0.000
71	  W	  1.3	  1.7	0.000	0.000	0.000
72	  G	  0.8	  1.8	0.000	0.000	0.000
73	  D	  0.2	  1.8	0.000	0.000	0.000
74	  L	  0.4	  1.7	0.000	0.000	0.000
75	  K	  0.7	  0.2	0.000	0.000	0.000
76	  N	  3.3	  0.1	1.779	0.000	0.000
77	  I	  7.0	  0.1	1.779	0.683	0.683
78	  T	  7.6	  0.0	1.779	0.683	0.683
79	  T	  5.8	  0.0	1.779	0.683	0.683
80	  M	  2.3	  0.0	1.779	0.683	0.683
81	  L	  1.6	  0.0	1.779	0.683	0.683
82	  T	  0.7	  0.3	1.590	0.252	0.252
83	  Q	  0.4	  0.3	1.590	0.000	0.000
84	  G	  0.2	  0.5	0.788	0.000	0.000
85	  M	  0.3	  0.5	0.135	0.000	0.000
86	  N	  0.4	  0.3	0.619	0.000	0.000
87	  K	  0.4	  0.3	0.619	0.000	0.000
88	  E	  0.4	  0.1	0.619	0.000	0.000
89	  L	  0.3	  0.3	0.619	0.000	0.000
90	  E	  0.2	  0.2	0.619	0.000	0.000
91	  G	  0.1	  0.2	0.821	0.000	0.000
92	  L	  0.1	  0.3	0.548	0.000	0.000
93	  K	  0.2	  0.1	0.361	0.000	0.000
94	  E	  0.3	  0.0	0.201	0.000	0.000
95	  M	  1.9	  0.0	0.201	0.000	0.000
96	  V	  2.5	  0.0	0.201	0.000	0.000
97	  K	  2.4	  0.1	0.201	0.000	0.000
98	  P	  0.7	  0.1	0.000	0.000	0.000
99	  H	  0.4	  0.1	0.000	0.000	0.000
100	  L	  0.5	  0.6	0.000	0.000	0.000
101	  E	  0.5	  0.5	0.853	0.000	0.000
102	  D	  1.3	  0.4	27.171	0.000	0.000
103	  F	  2.9	  0.5	27.171	0.000	0.000
104	  E	  3.2	  0.0	27.171	0.000	0.000
105	  K	  2.0	  0.0	27.171	0.000	0.000
106	  K	  1.0	  0.0	27.171	0.000	0.000
107	  W	  1.0	  0.0	27.071	0.000	0.000
108	  K	  1.1	  0.1	25.858	0.000	0.000
109	  Q	  0.6	  0.1	21.361	0.000	0.000
110	  E	  1.0	  0.1	15.981	0.000	0.000
111	  M	  1.8	  0.1	14.285	0.000	0.000
112	  D	  2.0	  0.0	13.593	0.000	0.000
113	  L	  1.9	  0.0	12.378	0.000	0.000
114	  Y	  2.2	  0.0	11.577	0.000	0.000
115	  Y	  2.4	  0.0	7.780	0.000	0.000
116	  A	  2.2	  0.0	5.089	0.000	0.000
117	  K	  9.3	  0.0	4.263	0.000	0.000
118	  V	  9.4	  0.0	0.955	0.000	0.000
119	  T	  9.1	  0.1	0.819	0.000	0.000
120	  P	  0.6	  0.1	0.000	0.000	0.000
121	  L	  0.2	  0.1	0.000	0.000	0.000
122	  A	  0.2	  0.1	0.000	0.000	0.000
123	  H	  0.9	  0.0	0.000	0.000	0.000
124	  E	  1.5	  0.0	0.000	0.000	0.000
125	  F	  2.1	  0.1	0.000	0.000	0.000
126	  R	  1.5	  0.1	0.000	0.000	0.000
127	  E	  0.9	  0.2	0.000	0.000	0.000
128	  S	  1.0	  0.2	0.719	0.000	0.000
129	  T	  2.7	  0.2	2.257	0.000	0.000
130	  R	  2.8	  0.1	2.257	0.000	0.000
131	  Q	  2.4	  0.1	2.257	0.000	0.000
132	  K	  1.3	  0.1	2.257	0.000	0.000
133	  L	  1.2	  0.2	2.257	0.000	0.000
134	  Q	  1.1	  0.2	2.257	0.000	0.000
135	  N	  0.7	  0.1	3.429	0.000	0.000
136	  L	  0.8	  0.2	2.657	0.000	0.000
137	  Q	  0.8	  0.0	2.485	0.000	0.000
138	  A	  0.9	  0.0	1.934	0.000	0.000
139	  K	  2.7	  0.0	1.779	0.000	0.000
140	  L	  2.5	  0.0	1.553	0.000	0.000
141	  T	  2.3	  0.1	1.790	0.000	0.000
142	  E	  0.6	  0.1	1.790	0.000	0.000
143	  L	  0.8	  0.1	1.545	0.000	0.000
144	  S	  1.6	  1.2	2.197	0.000	0.000
145	  Q	  1.3	  1.2	1.971	0.000	0.000
146	  N	  1.8	  1.3	1.765	0.000	0.000
147	  L	  1.1	  1.4	1.292	0.000	0.000
148	  R	  1.0	  0.4	1.292	0.000	0.000
149	  G	  0.3	  0.4	0.960	0.000	0.000
150	  K	  4.2	  0.3	0.324	0.000	0.000
151	  L	  4.3	  0.1	0.000	0.000	0.000
152	  E	  4.3	  0.0	0.000	0.000	0.000
153	  P	  0.1	  0.0	0.000	0.000	0.000
154	  F	  0.8	  0.1	0.000	0.000	0.000
155	  H	  1.0	  0.1	0.765	0.000	0.000
156	  D	  1.0	  0.2	1.437	0.000	0.000
157	  Q	  1.1	  0.2	1.437	0.000	0.000
158	  L	  1.2	  0.2	1.437	0.000	0.000
159	  R	  1.7	  0.2	1.437	0.000	0.000
160	  Q	  1.7	  0.1	1.437	0.000	0.000
161	  R	  3.3	  0.1	1.064	0.000	0.000
162	  F	  4.6	  0.1	0.449	0.000	0.000
163	  T	  5.0	  0.0	0.196	0.000	0.000
164	  T	  3.5	  0.1	1.515	0.000	0.000
165	  R	  2.2	  0.1	1.656	0.000	0.000
166	  L	  1.6	  0.1	1.656	0.000	0.000
167	  E	  1.2	  0.1	1.656	0.000	0.000
168	  L	  1.1	  0.0	1.656	0.000	0.000
169	  L	  0.4	  0.1	1.656	0.000	0.000
170	  K	  0.4	  0.2	1.445	0.000	0.000
171	  E	  0.2	  0.2	0.546	0.000	0.000
172	  S	  0.3	  0.4	0.212	0.000	0.000
173	  S	  0.3	  0.6	0.000	0.000	0.000
174	  A	  0.3	  0.5	0.000	0.000	0.000
175	  G	  0.2	  0.4	0.000	0.000	0.000
176	  L	  0.1	  0.4	0.000	0.000	0.000
177	  S	  0.1	  0.2	0.000	0.000	0.000
178	  E	  4.1	  0.1	0.000	0.000	0.000
179	  F	  5.1	  0.2	0.000	0.000	0.000
180	  H	  5.2	  0.1	0.000	0.000	0.000
181	  N	  1.2	  0.1	0.000	0.000	0.000
182	  K	  0.3	  0.1	0.000	0.000	0.000
183	  A	  0.4	  0.1	0.000	0.000	0.000
184	  S	  0.7	  0.2	0.743	0.000	0.000
185	  K	  0.7	  0.2	0.743	0.000	0.000
186	  Q	  1.7	  0.2	0.743	0.000	0.000
187	  L	  1.4	  0.2	0.743	0.000	0.000
188	  Q	  1.4	  0.1	0.743	0.000	0.000
189	  E	  0.4	  0.1	0.743	0.000	0.000
190	  L	  0.4	  0.1	0.743	0.000	0.000
191	  R	  0.4	  0.1	0.743	0.000	0.000
192	  E	  0.2	  0.1	0.576	0.000	0.000
193	  R	  0.6	  0.1	0.422	0.000	0.000
194	  A	  0.5	  0.1	0.224	0.000	0.000
195	  T	  0.4	  0.0	0.000	0.000	0.000
196	  P	  0.0	  0.0	0.000	0.000	0.000
197	  P	  0.0	  0.0	0.000	0.000	0.000
198	  L	  0.1	  0.3	0.000	0.000	0.000
199	  E	  0.1	  0.3	0.000	0.000	0.000
200	  D	  0.2	  0.3	0.229	0.000	0.000
201	  L	  0.2	  0.3	0.229	0.000	0.000
202	  Q	  0.2	  0.1	0.229	0.000	0.000
203	  E	  0.1	  0.1	0.229	0.000	0.000
204	  A	  2.0	  0.1	0.229	0.000	0.000
205	  V	  2.5	  0.0	0.229	0.000	0.000
206	  L	  2.5	  0.0	0.229	0.000	0.000
207	  P	  0.6	  0.0	0.000	0.000	0.000
208	  I	  0.7	  0.0	0.000	0.486	0.486
209	  W	  3.3	  0.0	0.000	0.486	0.486
210	  E	  3.5	  0.0	0.000	0.486	0.486
211	  Y	  5.1	  0.0	0.000	0.486	0.486
212	  V	  4.2	  0.0	0.000	0.486	0.486
213	  K	  4.2	  0.1	0.000	0.486	0.486
214	  T	  2.5	  0.1	0.000	0.179	0.179
215	  S	  1.4	  0.1	0.000	0.000	0.000
216	  L	  1.6	  0.1	0.000	0.000	0.000
217	  K	  1.1	  0.1	0.000	0.000	0.000
218	  A	  0.7	  0.1	0.000	0.246	0.246
219	  F	  1.1	  0.1	0.000	0.538	0.538
220	  A	  1.1	  0.1	0.000	0.538	0.538
221	  A	  1.5	  0.2	0.000	0.538	0.538
222	  S	  3.3	  0.8	0.000	0.538	0.538
223	  L	  3.2	  0.9	0.000	0.538	0.538
224	  D	  2.7	  0.9	0.000	0.000	0.000
225	  E	  1.4	  0.9	0.000	0.000	0.000
226	  H	  1.9	  0.3	0.000	0.000	0.000
227	  K	  1.9	  0.2	0.000	0.000	0.000
228	  N	  0.5	  0.4	0.000	0.000	0.000
229	  P	  0.0	  0.4	0.000	0.000	0.000
230	  T	  2.7	  0.4	0.000	0.000	0.000
231	  T	  2.7	  0.4	0.000	0.000	0.000
232	  Q	  2.7	  0.0	0.000	0.000	0.000
