res	aa	Beta	Turn	Helix	Aggregation	Conc-Stab_Aggregation
01	  D	  0.0	  0.0	0.000	0.000	0.000
02	  D	  0.0	  0.6	0.000	0.000	0.000
03	  P	  0.0	  0.7	0.000	0.000	0.000
04	  Q	  0.1	  0.7	0.000	0.000	0.000
05	  S	  0.4	  0.7	0.000	0.000	0.000
06	  S	  6.1	  0.6	0.000	0.000	0.000
07	  W	  6.2	  0.5	0.000	0.000	0.000
08	  D	  6.0	  0.5	0.197	0.000	0.000
09	  R	  1.9	  0.5	0.197	0.000	0.000
10	  V	  3.2	  0.3	0.197	0.706	0.706
11	  K	  3.2	  0.3	0.197	0.844	0.844
12	  D	  1.7	  0.3	0.919	0.844	0.844
13	  F	  0.5	  0.4	0.919	61.422	61.422
14	  A	  1.1	  0.2	0.723	62.257	62.257
15	  T	  7.2	  0.2	0.723	62.257	62.257
16	  V	 12.9	  0.2	0.723	62.257	62.257
17	  Y	 13.6	  0.0	0.723	62.257	62.257
18	  V	  8.4	  0.1	0.191	57.317	57.317
19	  D	  2.2	  0.1	0.388	0.489	0.489
20	  A	  1.2	  0.1	0.388	0.489	0.489
21	  I	  0.9	  0.1	0.388	0.489	0.489
22	  K	  0.8	  0.3	0.388	0.489	0.489
23	  D	  0.3	  1.1	0.196	0.000	0.000
24	  S	  0.2	  1.5	0.196	0.000	0.000
25	  G	  0.1	  1.7	0.000	0.000	0.000
26	  R	  0.4	  1.5	0.000	0.000	0.000
27	  D	  0.7	  0.7	0.000	0.000	0.000
28	  Y	  3.3	  0.3	0.000	0.791	0.791
29	  V	  4.6	  0.0	0.000	0.791	0.791
30	  A	  4.5	  0.0	0.000	0.791	0.791
31	  Q	  9.0	  0.0	0.000	0.791	0.791
32	  F	  9.8	  0.0	0.134	0.791	0.791
33	  E	  9.6	  0.0	0.382	0.000	0.000
34	  A	  2.8	  0.1	0.382	0.000	0.000
35	  S	  0.5	  0.3	1.069	0.000	0.000
36	  A	  0.4	  0.4	1.069	0.000	0.000
37	  L	  0.2	  0.5	1.069	0.000	0.000
38	  G	  0.1	  0.5	1.069	0.000	0.000
39	  K	  0.2	  0.3	0.935	0.000	0.000
40	  Q	  1.1	  0.2	0.686	0.000	0.000
41	  L	  2.8	  0.1	0.446	0.000	0.000
42	  N	  3.0	  0.0	1.267	0.000	0.000
43	  L	  3.6	  0.0	1.114	0.000	0.000
44	  K	  2.2	  0.0	0.977	0.000	0.000
45	  L	  2.2	  0.0	0.821	0.000	0.000
46	  L	  0.8	  0.3	0.821	0.000	0.000
47	  D	  0.6	  0.3	0.821	0.000	0.000
48	  N	  0.8	  0.9	0.357	0.000	0.000
49	  W	  1.3	  1.1	0.000	0.000	0.000
50	  D	  1.2	  0.9	0.000	0.000	0.000
51	  S	  2.4	  0.9	0.000	0.000	0.000
52	  L	  2.4	  0.3	0.000	0.634	0.634
53	  T	  3.3	  0.2	0.000	0.634	0.634
54	  S	  2.3	  0.1	0.000	0.634	0.634
55	  T	  5.6	  0.1	0.000	0.634	0.634
56	  F	  5.3	  0.1	0.000	0.634	0.634
57	  A	  4.9	  0.0	0.000	0.290	0.290
58	  K	  2.9	  0.0	0.000	0.000	0.000
59	  V	  2.8	  0.0	0.000	0.000	0.000
60	  R	  2.4	  0.1	0.000	0.000	0.000
61	  E	  0.6	  0.1	0.000	0.000	0.000
62	  Q	  0.1	  0.1	0.000	0.000	0.000
63	  L	  0.1	  0.1	0.000	0.000	0.000
64	  G	  0.1	  0.1	0.000	0.000	0.000
65	  P	  0.0	  0.0	0.000	0.000	0.000
66	  V	  4.1	  0.0	0.000	0.000	0.000
67	  T	  4.6	  0.1	0.000	0.000	0.000
68	  Q	  5.0	  0.1	0.000	0.000	0.000
69	  E	  1.4	  0.1	0.000	0.000	0.000
70	  F	  2.1	  0.1	0.000	0.000	0.000
71	  W	  2.0	  0.4	0.000	0.000	0.000
72	  D	  1.5	  0.5	0.167	0.000	0.000
73	  N	  0.8	  0.5	0.167	0.000	0.000
74	  L	  0.7	  0.4	0.167	0.000	0.000
75	  E	  0.8	  0.1	0.167	0.000	0.000
76	  K	  0.5	  0.1	0.167	0.000	0.000
77	  E	  0.4	  0.1	0.167	0.000	0.000
78	  T	  0.5	  0.2	2.713	0.000	0.000
79	  E	  0.3	  0.2	2.713	0.000	0.000
80	  S	  2.5	  0.2	2.713	0.000	0.000
81	  L	  2.5	  0.2	2.713	0.000	0.000
82	  R	  2.7	  0.1	2.713	0.000	0.000
83	  Q	  0.7	  0.1	2.713	0.000	0.000
84	  E	  1.4	  0.1	1.412	0.000	0.000
85	  M	  1.3	  0.1	0.800	0.000	0.000
86	  N	  1.3	  0.9	0.945	0.000	0.000
87	  K	  0.2	  0.9	0.686	0.000	0.000
88	  D	  0.3	  0.9	4.796	0.000	0.000
89	  L	  0.3	  0.9	5.069	0.000	0.000
90	  E	  0.3	  0.1	5.367	0.000	0.000
91	  E	 13.5	  0.0	5.511	0.000	0.000
92	  V	 15.4	  0.1	5.368	0.000	0.000
93	  K	 15.6	  0.0	5.368	0.000	0.000
94	  Q	  3.0	  0.0	4.278	0.000	0.000
95	  K	  3.6	  0.0	3.430	0.000	0.000
96	  V	  3.7	  0.0	1.365	0.000	0.000
97	  Q	  3.1	  0.0	1.365	0.000	0.000
98	  P	  0.4	  0.0	0.000	0.000	0.000
99	  Y	  0.7	  0.1	0.740	0.000	0.000
100	  L	  0.7	  0.1	3.372	0.000	0.000
101	  D	  0.8	  0.1	24.782	0.000	0.000
102	  E	  2.5	  0.1	27.431	0.000	0.000
103	  F	  3.3	  0.1	27.431	0.000	0.000
104	  K	  3.5	  0.0	27.431	0.000	0.000
105	  R	  1.5	  0.0	27.431	0.000	0.000
106	  K	  1.2	  0.0	27.431	0.000	0.000
107	  W	  1.4	  0.0	25.433	0.000	0.000
108	  Q	  1.1	  0.1	24.339	0.000	0.000
109	  E	  0.6	  0.1	20.627	0.000	0.000
110	  E	  0.4	  0.1	19.392	0.000	0.000
111	  L	  1.6	  0.1	16.358	0.000	0.000
112	  Q	  2.7	  0.0	14.748	0.000	0.000
113	  I	  3.7	  0.0	10.615	0.000	0.000
114	  Y	  4.3	  0.0	10.462	0.000	0.000
115	  R	  3.4	  0.1	6.966	0.000	0.000
116	  Q	  2.7	  0.1	5.218	0.000	0.000
117	  K	  5.6	  0.1	1.849	0.000	0.000
118	  V	  5.8	  0.0	0.335	0.000	0.000
119	  A	  5.2	  0.4	0.335	0.000	0.000
120	  P	  0.5	  0.4	0.000	0.000	0.000
121	  L	  0.0	  0.4	0.000	0.000	0.000
122	  G	  0.0	  0.5	1.390	0.000	0.000
123	  E	  0.0	  0.2	1.390	0.000	0.000
124	  E	  0.3	  0.2	1.390	0.000	0.000
125	  L	  0.3	  0.2	1.390	0.000	0.000
126	  R	  0.3	  0.5	1.782	0.000	0.000
127	  E	  0.1	  0.7	1.782	0.000	0.000
128	  G	  0.0	  0.7	1.581	0.000	0.000
129	  A	  0.2	  0.6	1.165	0.000	0.000
130	  R	  0.5	  0.3	0.965	0.000	0.000
131	  Q	  1.2	  0.1	0.735	0.000	0.000
132	  K	  2.7	  0.1	0.735	0.000	0.000
133	  V	  3.1	  0.1	0.344	0.000	0.000
134	  Q	  2.5	  0.1	0.344	0.000	0.000
135	  E	  1.2	  0.0	0.152	0.000	0.000
136	  L	  0.7	  0.2	0.152	0.000	0.000
137	  Q	  0.7	  0.2	0.152	0.000	0.000
138	  D	  0.3	  0.3	0.152	0.000	0.000
139	  K	  3.7	  0.3	0.000	0.000	0.000
140	  L	  3.8	  0.1	0.000	0.000	0.000
141	  T	  3.8	  0.2	0.453	0.000	0.000
142	  P	  0.2	  0.2	0.453	0.000	0.000
143	  L	  0.0	  0.2	0.735	0.000	0.000
144	  A	  0.0	  0.2	1.499	0.000	0.000
145	  E	  0.0	  0.1	2.382	0.000	0.000
146	  E	  0.3	  0.1	3.216	0.000	0.000
147	  M	  0.6	  0.2	3.052	0.000	0.000
148	  R	  0.6	  0.2	3.218	0.000	0.000
149	  D	  0.3	  0.3	3.490	0.000	0.000
150	  R	  0.2	  0.3	3.490	0.000	0.000
151	  A	  0.2	  0.1	3.490	0.000	0.000
152	  R	  0.4	  0.1	3.178	0.000	0.000
153	  A	  0.6	  0.0	2.041	0.000	0.000
154	  H	  2.8	  0.0	1.489	0.000	0.000
155	  V	  3.3	  0.0	0.000	0.000	0.000
156	  E	  3.0	  0.0	0.000	0.000	0.000
157	  T	  3.3	  0.0	0.000	0.000	0.000
158	  L	  3.0	  0.1	0.000	0.000	0.000
159	  R	  3.4	  0.1	0.000	0.000	0.000
160	  Q	  1.2	  0.1	0.000	0.000	0.000
161	  Q	  1.2	  0.1	0.000	0.000	0.000
162	  L	  0.8	  0.1	0.000	0.000	0.000
163	  A	  0.4	  0.2	0.000	0.000	0.000
164	  P	  0.0	  0.1	0.000	0.000	0.000
165	  Y	  0.3	  0.4	0.000	0.000	0.000
166	  S	  0.3	  1.5	4.398	0.000	0.000
167	  D	  0.3	  1.4	7.222	0.000	0.000
168	  D	  0.4	  1.4	9.765	0.000	0.000
169	  L	  0.7	  1.2	9.765	0.000	0.000
170	  R	  1.2	  0.1	9.765	0.000	0.000
171	  Q	  1.1	  0.1	9.765	0.000	0.000
172	  R	  0.9	  0.1	8.881	0.000	0.000
173	  M	  0.5	  0.0	7.847	0.000	0.000
174	  A	  0.4	  0.0	5.144	0.000	0.000
175	  T	  1.1	  0.0	3.644	0.000	0.000
176	  R	  2.5	  0.0	3.644	0.000	0.000
177	  F	 11.0	  0.0	1.730	0.000	0.000
178	  E	 10.6	  0.0	0.123	0.000	0.000
179	  V	 10.4	  0.0	0.000	0.000	0.000
180	  L	  1.8	  0.1	0.000	0.000	0.000
181	  K	  1.3	  0.3	0.000	0.000	0.000
182	  E	  0.1	  0.6	0.000	0.000	0.000
183	  G	  0.0	  0.7	0.000	0.000	0.000
184	  G	  0.0	  0.9	0.000	0.000	0.000
185	  G	  0.0	  0.7	0.154	0.000	0.000
186	  S	  0.1	  0.5	0.947	0.000	0.000
187	  L	  0.2	  0.6	0.947	0.000	0.000
188	  A	  0.3	  0.2	0.947	0.000	0.000
189	  E	  4.1	  0.2	0.947	0.000	0.000
190	  Y	  6.0	  0.2	0.947	0.000	0.000
191	  H	  6.1	  0.2	0.793	0.000	0.000
192	  A	  2.3	  0.2	0.486	0.000	0.000
193	  K	  0.5	  0.2	0.486	0.000	0.000
194	  A	  0.3	  0.2	0.165	0.000	0.000
195	  S	  0.2	  0.2	3.022	0.000	0.000
196	  E	  0.1	  0.2	3.008	0.000	0.000
197	  Q	  1.1	  0.2	3.008	0.000	0.000
198	  L	  1.5	  0.2	3.008	0.000	0.000
199	  K	  1.6	  0.0	3.008	0.000	0.000
200	  A	  0.6	  0.0	3.008	0.000	0.000
201	  L	  0.2	  0.1	2.576	0.000	0.000
202	  G	  0.1	  0.2	1.963	0.000	0.000
203	  E	  0.1	  0.2	1.353	0.000	0.000
204	  K	  0.8	  0.2	0.427	0.000	0.000
205	  A	  0.8	  0.1	0.000	0.000	0.000
206	  K	  0.7	  0.0	0.000	0.000	0.000
207	  P	  0.0	  0.0	0.000	0.000	0.000
208	  A	  0.1	  0.0	0.000	0.000	0.000
209	  L	  0.2	  0.3	0.000	0.000	0.000
210	  E	  0.2	  0.3	0.000	0.000	0.000
211	  D	  0.5	  0.3	0.000	0.000	0.000
212	  L	  0.8	  0.4	0.000	0.000	0.000
213	  R	  0.8	  0.3	0.000	0.000	0.000
214	  Q	  0.4	  0.3	0.000	0.000	0.000
215	  G	  0.1	  0.3	0.000	0.000	0.000
216	  L	  0.1	  0.1	0.000	0.000	0.000
217	  L	  0.1	  0.0	0.000	0.000	0.000
218	  P	  0.1	  0.0	0.000	0.000	0.000
219	  V	  1.6	  0.0	0.000	0.481	0.481
220	  L	  1.8	  0.1	0.000	0.481	0.481
221	  E	  1.8	  0.1	0.000	0.481	0.481
222	  S	  0.8	  0.1	0.000	0.481	0.481
223	  L	  2.5	  0.1	0.000	0.481	0.481
224	  K	  3.8	  0.0	0.000	0.481	0.481
225	  V	  7.1	  0.0	0.000	26.322	26.322
226	  S	  5.6	  0.0	0.000	28.520	28.520
227	  I	  5.2	  0.0	0.000	31.019	31.019
228	  L	  1.4	  0.0	0.000	31.019	31.019
229	  A	  1.2	  0.0	0.000	30.860	30.860
230	  A	  0.6	  0.0	0.000	29.715	29.715
231	  I	  0.6	  0.0	0.000	24.538	24.538
232	  D	  0.4	  0.1	5.995	0.000	0.000
233	  E	  0.3	  0.1	5.995	0.000	0.000
234	  A	  0.4	  0.2	5.995	0.000	0.000
235	  S	  0.6	  0.2	6.136	0.000	0.000
236	  K	  0.4	  0.2	6.136	0.000	0.000
237	  K	  1.1	  0.2	6.136	0.000	0.000
238	  L	  1.3	  0.1	3.688	0.000	0.000
239	  N	  1.3	  0.0	2.319	0.000	0.000
240	  A	  0.4	  0.0	1.420	0.000	0.000
241	  Q	  0.1	  0.0	0.327	0.000	0.000
