res	aa	Beta	Turn	Helix	Aggregation	Conc-Stab_Aggregation
01	  D	  0.0	  0.0	0.000	0.000	0.000
02	  E	  0.0	  0.0	0.000	0.000	0.000
03	  P	  0.0	  0.0	0.000	0.000	0.000
04	  Q	  0.3	  0.0	0.000	0.000	0.000
05	  Q	  0.3	  0.0	0.000	0.000	0.000
06	  T	  0.3	  0.0	0.182	0.000	0.000
07	  P	  0.0	  0.0	0.182	0.000	0.000
08	  L	  0.1	  0.0	0.182	0.000	0.000
09	  E	  0.2	  0.0	0.182	0.000	0.000
10	  R	  2.2	  0.0	0.182	0.000	0.000
11	  V	  3.6	  0.1	0.182	0.000	0.000
12	  H	  3.6	  0.1	0.182	0.000	0.000
13	  D	  1.6	  0.1	0.703	0.000	0.000
14	  A	  0.3	  0.1	0.703	14.283	14.283
15	  L	  3.7	  0.0	0.703	24.503	24.503
16	  T	  9.7	  0.0	0.703	24.503	24.503
17	  V	 15.1	  0.0	0.703	24.503	24.503
18	  Y	 13.5	  0.0	0.703	24.503	24.503
19	  V	  8.3	  0.0	0.154	23.342	23.342
20	  E	  2.6	  0.0	0.154	0.000	0.000
21	  T	  7.7	  0.0	0.000	0.000	0.000
22	  I	  8.3	  0.1	0.000	0.000	0.000
23	  R	  8.3	  0.1	0.000	0.000	0.000
24	  T	  1.3	  0.2	0.000	0.000	0.000
25	  G	  0.1	  0.2	0.000	0.000	0.000
26	  L	  0.1	  0.1	0.000	0.000	0.000
27	  R	  0.1	  0.1	0.000	0.000	0.000
28	  E	  0.1	  0.1	0.000	0.000	0.000
29	  A	  0.6	  0.1	0.000	0.000	0.000
30	  I	  5.3	  0.0	0.000	0.000	0.000
31	  T	  6.3	  0.0	0.000	0.000	0.000
32	  Q	  6.6	  0.0	0.000	0.000	0.000
33	  L	  2.0	  0.2	0.000	0.000	0.000
34	  D	  0.9	  0.5	0.000	0.000	0.000
35	  N	  0.2	  0.4	0.000	0.000	0.000
36	  S	  0.2	  0.7	0.000	0.000	0.000
37	  E	  0.2	  0.5	0.000	0.000	0.000
38	  W	  0.2	  0.3	0.000	0.000	0.000
39	  G	  0.1	  0.3	0.000	0.000	0.000
40	  K	  0.7	  0.1	0.000	0.000	0.000
41	  E	  5.9	  0.1	0.000	0.000	0.000
42	  V	  8.4	  0.1	0.000	0.000	0.000
43	  D	  8.0	  0.3	0.000	0.000	0.000
44	  L	  4.7	  0.3	0.000	0.000	0.000
45	  S	  2.7	  0.3	0.000	0.000	0.000
46	  L	  2.6	  0.3	0.000	0.000	0.000
47	  V	  0.8	  0.0	0.000	0.000	0.000
48	  P	  0.1	  0.1	0.000	0.000	0.000
49	  K	  0.8	  0.3	0.000	0.000	0.000
50	  L	  0.9	  0.3	0.000	0.000	0.000
51	  D	  0.9	  0.4	0.000	0.000	0.000
52	  K	  0.3	  0.3	0.000	0.000	0.000
53	  A	  0.4	  0.1	0.000	0.000	0.000
54	  H	  1.8	  0.1	0.000	0.000	0.000
55	  Q	  2.7	  0.0	0.000	0.000	0.000
56	  I	  3.5	  0.0	0.000	0.000	0.000
57	  L	  2.1	  0.0	0.000	0.000	0.000
58	  A	  1.1	  0.0	0.000	0.000	0.000
59	  E	  1.5	  0.0	0.000	0.000	0.000
60	  L	  1.7	  0.1	0.000	0.000	0.000
61	  H	  2.0	  0.1	0.000	0.000	0.000
62	  K	  1.1	  0.1	0.000	0.000	0.000
63	  E	  2.9	  0.1	0.000	0.000	0.000
64	  I	  2.9	  0.1	0.000	0.000	0.000
65	  A	  2.4	  0.2	0.000	0.000	0.000
66	  P	  0.4	  0.2	0.000	0.000	0.000
67	  E	  0.2	  0.2	0.151	0.000	0.000
68	  M	  0.2	  0.2	0.618	0.000	0.000
69	  E	  0.2	  0.1	0.769	0.000	0.000
70	  E	  1.5	  0.1	1.120	0.000	0.000
71	  L	  1.6	  0.1	1.120	0.000	0.000
72	  K	  1.9	  0.1	1.120	0.000	0.000
73	  Q	  0.6	  0.1	1.120	0.000	0.000
74	  E	  1.8	  0.1	0.898	0.000	0.000
75	  L	  3.3	  0.1	0.898	0.000	0.000
76	  K	  5.2	  0.0	0.898	0.000	0.000
77	  V	  7.6	  0.0	0.000	0.000	0.000
78	  H	  7.5	  0.1	0.000	0.000	0.000
79	  W	  5.8	  0.2	0.000	0.000	0.000
80	  D	  2.0	  0.5	2.133	0.000	0.000
81	  K	  0.3	  0.5	2.133	0.000	0.000
82	  G	  0.1	  0.4	7.292	0.000	0.000
83	  I	  0.4	  0.3	7.706	0.000	0.000
84	  E	  0.3	  0.1	8.497	0.000	0.000
85	  E	  1.6	  0.1	8.924	0.000	0.000
86	  L	  1.5	  0.1	8.924	0.000	0.000
87	  K	  1.5	  0.1	8.718	0.000	0.000
88	  K	  0.3	  0.1	7.576	0.000	0.000
89	  H	  0.7	  0.2	5.005	0.000	0.000
90	  L	  0.7	  0.4	3.056	0.000	0.000
91	  E	  0.6	  0.4	2.808	0.000	0.000
92	  G	  0.1	  0.4	1.668	0.000	0.000
93	  V	  1.1	  0.3	0.000	0.000	0.000
94	  N	  1.1	  1.0	0.000	0.000	0.000
95	  A	  1.2	  1.0	0.000	0.000	0.000
96	  N	  1.6	  1.0	0.000	0.000	0.000
97	  I	  1.7	  1.0	0.000	0.000	0.000
98	  Q	  1.5	  0.0	0.000	0.000	0.000
99	  P	  0.1	  0.0	0.000	0.000	0.000
100	  Y	  1.7	  0.0	0.000	0.000	0.000
101	  F	  1.9	  0.1	0.000	0.000	0.000
102	  D	  1.9	  0.1	5.908	0.000	0.000
103	  E	  1.8	  0.1	6.084	0.000	0.000
104	  F	  3.8	  0.1	6.084	0.000	0.000
105	  S	  3.9	  0.1	6.233	0.000	0.000
106	  K	  2.5	  0.2	6.233	0.000	0.000
107	  K	  0.8	  0.2	6.233	0.000	0.000
108	  L	  0.8	  0.1	5.459	0.000	0.000
109	  H	  1.0	  0.1	5.235	0.000	0.000
110	  Q	  0.5	  0.1	5.087	0.000	0.000
111	  E	  1.2	  0.1	5.863	0.000	0.000
112	  I	  2.0	  0.1	7.419	0.000	0.000
113	  E	  1.9	  0.0	8.884	0.000	0.000
114	  A	  1.3	  0.0	9.017	0.000	0.000
115	  L	  0.7	  0.0	9.017	0.000	0.000
116	  R	  0.8	  0.0	8.764	0.000	0.000
117	  A	  0.6	  0.0	8.129	0.000	0.000
118	  K	  1.0	  0.0	6.672	0.000	0.000
119	  A	  0.9	  0.0	2.095	0.000	0.000
120	  E	  0.8	  0.0	1.367	0.000	0.000
121	  P	  0.0	  0.0	0.000	0.000	0.000
122	  I	  0.6	  0.0	0.000	0.000	0.000
123	  E	  0.6	  0.0	0.000	0.000	0.000
124	  Q	  1.0	  0.0	0.000	0.000	0.000
125	  E	 14.7	  0.0	0.000	0.000	0.000
126	  V	 16.7	  0.0	0.000	0.000	0.000
127	  K	 16.6	  0.0	0.000	0.000	0.000
128	  Q	  3.5	  0.0	0.000	0.000	0.000
129	  I	  3.7	  0.0	0.000	0.000	0.000
130	  M	  3.8	  0.0	0.000	0.000	0.000
131	  R	  4.4	  0.2	0.000	0.000	0.000
132	  Q	  2.2	  0.2	0.000	0.000	0.000
133	  N	  2.2	  0.2	1.303	0.000	0.000
134	  L	  0.7	  0.2	1.303	0.000	0.000
135	  E	  0.6	  0.1	1.303	0.000	0.000
136	  T	  4.5	  0.1	1.861	0.000	0.000
137	  I	  4.6	  0.1	1.861	0.000	0.000
138	  Q	  4.7	  0.1	1.861	0.000	0.000
139	  E	  0.4	  0.1	1.320	0.000	0.000
140	  K	  3.9	  0.1	1.147	0.000	0.000
141	  V	  4.2	  0.0	0.762	0.000	0.000
142	  R	  4.2	  0.0	0.762	0.000	0.000
143	  P	  0.5	  0.0	0.000	0.000	0.000
144	  V	  0.8	  0.0	0.000	0.000	0.000
145	  A	  0.8	  0.1	0.161	0.000	0.000
146	  E	  0.8	  0.1	0.480	0.000	0.000
147	  E	  0.1	  0.1	0.808	0.000	0.000
148	  A	  0.1	  0.3	0.808	0.000	0.000
149	  R	  0.1	  0.3	0.808	0.000	0.000
150	  D	  0.1	  0.4	0.808	0.000	0.000
151	  K	  0.9	  0.4	0.808	0.000	0.000
152	  L	  1.0	  0.3	0.808	0.000	0.000
153	  R	  1.1	  0.3	0.453	0.000	0.000
154	  D	  0.4	  0.2	0.872	0.000	0.000
155	  H	  1.6	  0.2	1.026	0.000	0.000
156	  V	  1.8	  0.1	1.470	0.000	0.000
157	  D	  1.7	  0.1	6.598	0.000	0.000
158	  E	  0.5	  0.1	6.926	0.000	0.000
159	  L	  0.7	  0.1	6.926	0.000	0.000
160	  R	  0.8	  0.1	6.926	0.000	0.000
161	  A	  0.9	  0.0	6.798	0.000	0.000
162	  K	  5.4	  0.0	6.664	0.000	0.000
163	  V	  5.8	  0.0	2.580	0.000	0.000
164	  A	  5.5	  0.2	2.387	0.000	0.000
165	  P	  0.5	  0.2	0.000	0.000	0.000
166	  H	  0.2	  0.2	1.715	0.000	0.000
167	  A	  0.2	  0.3	2.971	0.000	0.000
168	  E	  0.2	  0.1	5.566	0.000	0.000
169	  E	  0.3	  0.1	7.892	0.000	0.000
170	  M	  0.7	  0.1	7.892	0.000	0.000
171	  R	  1.2	  0.1	7.892	0.000	0.000
172	  Q	  1.2	  0.1	7.892	0.000	0.000
173	  R	  1.2	  0.1	7.765	0.000	0.000
174	  L	  1.0	  0.1	7.217	0.000	0.000
175	  S	  0.9	  0.1	7.336	0.000	0.000
176	  Q	  0.8	  0.1	5.683	0.000	0.000
177	  K	  1.2	  0.1	3.202	0.000	0.000
178	  L	  1.0	  0.1	1.761	0.000	0.000
179	  Q	  0.8	  0.1	1.761	0.000	0.000
180	  E	  0.4	  0.1	1.441	0.000	0.000
181	  L	  0.4	  0.1	1.441	0.000	0.000
182	  R	  0.4	  0.3	1.307	0.000	0.000
183	  E	  0.1	  0.4	0.801	0.000	0.000
184	  Q	  0.0	  0.4	0.667	0.000	0.000
185	  G	  0.0	  0.3	0.327	0.000	0.000
186	  A	  0.0	  0.3	0.000	0.000	0.000
187	  P	  0.0	  0.2	0.000	0.000	0.000
188	  R	  0.7	  0.2	0.000	0.000	0.000
189	  L	  0.7	  0.3	0.000	0.000	0.000
190	  R	  0.9	  0.1	0.000	0.000	0.000
191	  E	  1.8	  0.1	0.000	0.000	0.000
192	  F	  4.6	  0.1	0.336	0.000	0.000
193	  Q	  4.6	  0.0	0.336	0.000	0.000
194	  A	  3.1	  0.0	0.336	0.000	0.000
195	  E	  0.5	  0.0	0.336	0.000	0.000
196	  A	  0.3	  0.1	0.336	0.000	0.000
197	  Q	  0.4	  0.1	0.336	0.000	0.000
198	  K	  0.5	  0.1	0.163	0.000	0.000
199	  H	  3.9	  0.1	0.000	0.000	0.000
200	  F	  9.6	  0.1	0.000	0.000	0.000
201	  T	  9.9	  0.0	0.485	0.000	0.000
202	  A	  6.7	  0.0	0.485	0.000	0.000
203	  L	  0.9	  0.1	0.485	0.000	0.000
204	  R	  0.4	  0.1	0.485	0.000	0.000
205	  E	  0.1	  0.1	0.485	0.000	0.000
206	  K	  0.4	  0.1	0.485	0.000	0.000
207	  I	  0.4	  0.2	0.189	0.000	0.000
208	  G	  0.3	  0.2	0.189	0.000	0.000
209	  P	  0.0	  0.2	0.000	0.000	0.000
210	  M	  0.3	  0.2	0.000	0.000	0.000
211	  V	  1.6	  0.0	0.165	0.000	0.000
212	  E	  1.7	  0.0	0.325	0.000	0.000
213	  K	  3.4	  0.0	0.325	0.000	0.000
214	  V	  2.6	  0.0	0.325	0.000	0.000
215	  R	  2.5	  0.1	0.325	0.000	0.000
216	  E	  0.6	  0.1	0.325	0.000	0.000
217	  Q	  0.2	  0.1	0.325	0.000	0.000
218	  L	  0.2	  0.3	0.000	0.000	0.000
219	  P	  0.1	  0.2	0.000	0.000	0.000
220	  T	  1.1	  0.2	0.000	0.000	0.000
221	  S	  5.4	  0.2	0.000	0.000	0.000
222	  V	  5.6	  0.5	0.000	0.000	0.000
223	  E	  4.6	  0.4	0.000	0.000	0.000
224	  G	  0.3	  0.4	0.000	0.000	0.000
225	  F	  0.5	  0.5	0.000	0.000	0.000
226	  K	  1.2	  0.1	0.000	0.000	0.000
227	  T	  6.9	  0.1	0.000	0.000	0.000
228	  Y	  8.6	  0.1	0.000	0.000	0.000
229	  V	  8.2	  0.1	0.000	0.000	0.000
230	  E	  2.6	  0.1	0.000	0.000	0.000
231	  G	  0.3	  0.1	0.276	0.229	0.229
232	  L	  0.7	  0.1	0.276	2.778	2.778
233	  I	  0.9	  0.0	0.276	2.778	2.778
234	  A	  1.0	  0.0	0.276	2.778	2.778
235	  N	  1.8	  0.0	0.859	2.778	2.778
236	  V	  2.5	  0.0	0.859	2.778	2.778
237	  Q	  2.4	  0.0	0.859	0.000	0.000
238	  K	  1.0	  0.0	0.583	0.000	0.000
239	  A	  0.3	  0.0	0.583	0.000	0.000
240	  M	  0.3	  0.2	0.583	0.000	0.000
241	  E	  0.2	  0.2	0.583	0.000	0.000
242	  D	  0.1	  0.2	6.590	0.000	0.000
243	  E	 13.9	  0.2	6.709	0.000	0.000
244	  V	 14.5	  0.1	6.591	0.000	0.000
245	  K	 14.5	  0.7	6.591	0.000	0.000
246	  K	  0.7	  0.7	6.475	0.000	0.000
247	  G	  0.0	  0.8	6.303	0.000	0.000
248	  Q	  0.4	  0.7	3.424	0.000	0.000
249	  Q	  0.7	  0.1	0.638	0.000	0.000
250	  Q	  0.8	  0.1	0.000	0.000	0.000
251	  Q	  0.5	  0.1	0.000	0.000	0.000
252	  A	  0.1	  0.1	0.000	0.000	0.000
253	  A	  0.1	  0.0	0.000	0.000	0.000
