res	aa	Beta	Turn	Helix	Aggregation	Conc-Stab_Aggregation
01	  D	  0.0	  0.0	0.000	0.000	0.000
02	  A	  0.0	  0.4	0.000	0.000	0.000
03	  P	  0.0	  0.4	0.000	0.000	0.000
04	  S	  0.2	  0.5	0.000	0.000	0.000
05	  Q	  0.3	  0.5	0.000	0.000	0.000
06	  L	  0.5	  0.1	0.000	0.000	0.000
07	  A	  1.4	  0.0	0.000	0.000	0.000
08	  H	  7.9	  0.0	0.000	0.000	0.000
09	  I	  9.2	  0.0	0.000	0.000	0.000
10	  R	  8.3	  0.0	0.000	0.000	0.000
11	  A	  1.6	  0.0	0.000	0.000	0.000
12	  A	  0.1	  0.3	0.000	0.000	0.000
13	  A	  0.2	  0.3	0.000	0.000	0.000
14	  D	  2.7	  0.3	0.000	0.000	0.000
15	  V	  6.8	  0.3	0.000	0.000	0.000
16	  Y	  7.3	  0.0	0.000	0.000	0.000
17	  M	  5.2	  0.0	0.000	0.000	0.000
18	  T	  1.6	  0.0	0.136	0.000	0.000
19	  Q	  1.2	  0.0	0.136	0.000	0.000
20	  A	  0.8	  0.1	0.136	0.000	0.000
21	  K	  0.4	  0.2	0.136	0.000	0.000
22	  E	  0.2	  0.2	0.136	0.000	0.000
23	  S	  0.5	  0.2	1.066	0.000	0.000
24	  A	  1.0	  0.1	0.930	0.000	0.000
25	  I	  2.4	  0.0	0.930	0.000	0.000
26	  R	  2.3	  0.0	0.930	0.000	0.000
27	  A	  1.9	  0.0	0.930	0.000	0.000
28	  L	  0.5	  0.0	0.930	0.000	0.000
29	  D	  0.4	  0.1	0.358	0.000	0.000
30	  Q	  1.0	  0.1	0.175	0.000	0.000
31	  L	  0.9	  0.3	0.000	0.000	0.000
32	  D	  1.0	  0.2	0.000	0.000	0.000
33	  D	  0.2	  0.1	0.000	0.000	0.000
34	  T	  0.1	  0.3	0.000	0.000	0.000
35	  P	  0.1	  0.1	0.000	0.000	0.000
36	  Y	  1.3	  0.2	0.000	0.000	0.000
37	  Q	  1.4	  0.3	0.000	0.000	0.000
38	  E	  2.8	  0.1	0.314	0.000	0.000
39	  L	  2.0	  0.1	0.314	0.000	0.000
40	  K	  2.0	  0.1	0.492	0.000	0.000
41	  A	  1.1	  0.1	0.492	0.000	0.000
42	  S	  0.8	  0.1	0.807	0.000	0.000
43	  L	  0.7	  0.0	0.807	0.000	0.000
44	  A	  0.3	  0.1	0.807	0.000	0.000
45	  Q	  0.5	  0.1	0.807	0.000	0.000
46	  R	  0.9	  0.1	0.315	0.000	0.000
47	  L	  0.9	  0.3	0.315	0.000	0.000
48	  E	  0.5	  0.2	0.315	0.000	0.000
49	  D	  0.4	  0.2	0.315	0.000	0.000
50	  I	  0.6	  0.2	0.000	0.000	0.000
51	  H	  0.7	  0.1	0.000	0.000	0.000
52	  N	  0.5	  0.1	0.000	0.000	0.000
53	  N	  2.5	  0.1	0.000	0.000	0.000
54	  I	  3.8	  0.1	0.000	0.000	0.000
55	  K	  3.8	  0.0	0.000	0.000	0.000
56	  Q	  2.9	  0.0	0.000	0.000	0.000
57	  M	  2.0	  0.0	0.000	0.000	0.000
58	  Q	  2.0	  0.0	0.000	0.000	0.000
59	  A	  0.9	  0.0	0.000	0.000	0.000
60	  Q	  1.5	  0.0	0.000	0.000	0.000
61	  V	  1.6	  0.0	0.000	0.000	0.000
62	  S	  1.5	  0.0	0.000	0.000	0.000
63	  P	  0.4	  0.0	0.000	0.000	0.000
64	  M	  0.3	  0.0	0.000	0.000	0.000
65	  T	  0.8	  0.1	0.000	0.000	0.000
66	  D	  1.4	  0.1	0.000	0.000	0.000
67	  T	  6.3	  0.1	0.000	3.123	3.123
68	  V	  8.5	  0.0	0.000	7.525	7.525
69	  V	  9.5	  0.0	0.000	7.525	7.525
70	  T	  5.4	  0.0	0.000	7.525	7.525
71	  T	 14.8	  0.0	0.000	7.525	7.525
72	  I	 13.2	  0.1	0.000	6.973	6.973
73	  S	 12.2	  0.1	3.477	0.760	0.760
74	  D	  0.1	  0.4	4.509	0.000	0.000
75	  A	  0.2	  0.4	4.509	0.000	0.000
76	  T	  0.6	  0.3	5.911	0.000	0.000
77	  A	  0.6	  0.3	5.911	0.000	0.000
78	  E	  0.8	  0.0	5.911	0.000	0.000
79	  L	  0.8	  0.1	5.010	0.000	0.000
80	  R	  0.9	  0.1	4.545	0.000	0.000
81	  A	  1.1	  0.0	3.415	0.000	0.000
82	  S	  1.0	  0.0	2.170	0.000	0.000
83	  I	  1.8	  0.0	0.361	0.000	0.000
84	  A	  1.3	  0.2	0.361	0.000	0.000
85	  A	  1.1	  0.2	0.248	0.000	0.000
86	  D	  1.9	  0.2	5.042	0.000	0.000
87	  I	  2.9	  0.3	5.795	0.000	0.000
88	  E	  2.8	  0.0	6.476	0.000	0.000
89	  A	  1.3	  0.0	6.476	0.000	0.000
90	  L	  0.8	  0.0	6.476	0.000	0.000
91	  R	  0.8	  0.0	6.476	0.000	0.000
92	  A	  0.6	  0.0	5.761	0.000	0.000
93	  E	  0.6	  0.0	4.416	0.000	0.000
94	  L	  0.6	  0.0	2.239	0.000	0.000
95	  E	  0.5	  0.0	4.084	0.000	0.000
96	  P	  0.1	  0.1	2.555	0.000	0.000
97	  Q	  0.1	  0.1	2.555	0.000	0.000
98	  R	  0.2	  0.1	2.555	0.000	0.000
99	  A	  0.5	  0.1	2.555	0.000	0.000
100	  K	  1.2	  0.1	2.737	0.000	0.000
101	  L	  1.1	  0.1	2.010	0.000	0.000
102	  R	  1.1	  0.1	1.659	0.000	0.000
103	  E	  0.8	  0.0	1.365	0.000	0.000
104	  V	  4.3	  0.0	1.117	0.000	0.000
105	  I	  4.8	  0.0	1.117	0.000	0.000
106	  E	  4.9	  0.1	1.117	0.000	0.000
107	  K	  1.5	  0.1	1.117	0.000	0.000
108	  H	  1.3	  0.1	0.241	0.000	0.000
109	  L	  0.7	  0.2	0.000	0.000	0.000
110	  E	  0.6	  0.1	0.000	0.000	0.000
111	  E	  0.9	  0.1	0.000	0.000	0.000
112	  Y	  1.5	  0.2	0.000	0.000	0.000
113	  R	  1.8	  0.1	0.000	0.000	0.000
114	  T	  2.1	  0.1	0.000	0.000	0.000
115	  H	  2.9	  0.1	0.000	0.000	0.000
116	  L	  2.6	  0.0	0.000	0.000	0.000
117	  E	  1.5	  0.0	0.454	0.000	0.000
118	  P	  0.1	  0.0	0.454	0.000	0.000
119	  Y	  1.7	  0.0	0.588	0.000	0.000
120	  V	  2.2	  0.0	0.886	0.000	0.000
121	  R	  2.4	  0.0	2.362	0.000	0.000
122	  E	  2.2	  0.0	3.854	0.000	0.000
123	  Y	  4.3	  0.1	3.977	0.000	0.000
124	  Q	  4.3	  0.0	3.977	0.000	0.000
125	  A	  2.9	  0.1	3.820	0.000	0.000
126	  K	  0.5	  0.2	3.820	0.000	0.000
127	  Q	  0.3	  0.2	3.947	0.000	0.000
128	  N	  0.2	  0.2	7.788	0.000	0.000
129	  A	  0.2	  0.1	8.033	0.000	0.000
130	  E	  0.3	  0.0	10.838	0.000	0.000
131	  M	  0.5	  0.0	12.213	0.000	0.000
132	  E	  0.4	  0.0	13.737	0.000	0.000
133	  A	  0.5	  0.0	13.737	0.000	0.000
134	  L	  0.7	  0.0	13.737	0.000	0.000
135	  R	  0.8	  0.0	13.395	0.000	0.000
136	  A	  0.8	  0.0	12.105	0.000	0.000
137	  K	  4.4	  0.0	9.823	0.000	0.000
138	  M	  4.5	  0.0	3.506	0.000	0.000
139	  E	  4.2	  0.0	1.206	0.000	0.000
140	  P	  0.1	  0.0	0.189	0.000	0.000
141	  V	  1.7	  0.0	1.194	0.000	0.000
142	  M	  1.7	  0.1	2.436	0.000	0.000
143	  E	  1.7	  0.1	2.708	0.000	0.000
144	  E	  0.3	  0.1	3.078	0.000	0.000
145	  L	  0.6	  0.1	3.078	0.000	0.000
146	  R	  0.9	  0.1	3.078	0.000	0.000
147	  Q	  1.3	  0.1	3.078	0.000	0.000
148	  K	  3.3	  0.1	1.969	0.000	0.000
149	  V	  4.1	  0.0	1.000	0.000	0.000
150	  A	  3.6	  0.0	1.000	0.000	0.000
151	  T	  2.0	  0.0	0.489	0.000	0.000
152	  N	  2.2	  0.4	0.489	0.000	0.000
153	  V	  2.3	  0.4	0.000	0.000	0.000
154	  D	  1.5	  0.6	3.137	0.000	0.000
155	  E	  0.3	  0.6	3.381	0.000	0.000
156	  T	  0.4	  0.3	4.138	0.000	0.000
157	  R	  0.4	  0.3	4.138	0.000	0.000
158	  A	  0.5	  0.0	4.138	0.000	0.000
159	  A	  0.9	  0.0	4.138	0.000	0.000
160	  L	  0.9	  0.0	3.798	0.000	0.000
161	  M	  0.8	  0.0	2.855	0.000	0.000
162	  P	  0.1	  0.0	0.000	0.000	0.000
163	  I	  2.8	  0.0	0.000	0.000	0.000
164	  V	  4.2	  0.0	0.179	0.000	0.000
165	  E	  4.3	  0.0	0.672	0.000	0.000
166	  S	  5.0	  0.0	8.095	0.000	0.000
167	  V	  4.7	  0.1	8.095	0.000	0.000
168	  R	  4.7	  0.0	8.095	0.000	0.000
169	  A	  1.6	  0.0	8.095	0.000	0.000
170	  K	  0.9	  0.0	8.821	0.000	0.000
171	  L	  1.0	  0.0	8.801	0.000	0.000
172	  V	  2.4	  0.1	8.361	0.000	0.000
173	  E	  1.8	  0.0	9.525	0.000	0.000
174	  R	  2.0	  0.0	9.404	0.000	0.000
175	  L	  0.6	  0.1	9.228	0.000	0.000
176	  E	  0.6	  0.0	9.692	0.000	0.000
177	  A	  0.5	  0.0	9.333	0.000	0.000
178	  L	  0.6	  0.0	9.138	0.000	0.000
179	  K	  0.7	  0.0	8.606	0.000	0.000
180	  A	  0.6	  0.0	6.240	0.000	0.000
181	  M	  0.3	  0.0	5.069	0.000	0.000
182	  A	  0.3	  0.0	1.131	0.000	0.000
183	  T	  0.2	  0.0	0.254	0.000	0.000
184	  P	  0.1	  0.0	0.000	0.000	0.000
185	  Y	  2.3	  0.0	0.000	0.000	0.000
186	  V	  2.9	  0.1	0.170	0.000	0.000
187	  E	  2.9	  0.1	0.385	0.000	0.000
188	  E	  4.0	  0.1	0.759	0.000	0.000
189	  Y	  4.2	  0.1	1.064	0.000	0.000
190	  K	  4.2	  0.1	1.570	0.000	0.000
191	  E	  0.9	  0.1	1.570	0.000	0.000
192	  Q	  1.0	  0.1	1.570	0.000	0.000
193	  L	  1.2	  0.1	1.570	0.000	0.000
194	  R	  1.4	  0.1	1.570	0.000	0.000
195	  Q	  1.0	  0.1	1.570	0.000	0.000
196	  A	  1.3	  0.1	0.446	0.000	0.000
197	  Y	  3.5	  0.1	0.446	0.000	0.000
198	  S	  3.1	  0.1	0.000	0.000	0.000
199	  Q	  2.8	  0.3	0.000	0.000	0.000
200	  A	  0.4	  0.5	0.000	0.000	0.000
201	  Q	  0.3	  0.4	0.000	0.000	0.000
202	  G	  0.1	  0.4	0.000	0.000	0.000
203	  V	  1.2	  0.2	0.000	0.000	0.000
204	  N	  1.2	  0.0	0.000	0.000	0.000
205	  A	  1.1	  0.1	0.000	0.000	0.000
206	  E	  0.1	  0.1	0.000	0.000	0.000
207	  Q	  2.2	  0.1	0.000	0.000	0.000
208	  I	  4.9	  0.1	0.000	0.000	0.000
209	  T	  5.5	  0.1	0.141	0.000	0.000
210	  S	  5.4	  0.1	0.885	0.000	0.000
211	  L	  2.7	  0.1	0.885	0.000	0.000
212	  R	  2.1	  0.1	0.885	0.000	0.000
213	  E	  0.1	  0.1	0.885	0.000	0.000
214	  K	  3.6	  0.1	0.885	0.000	0.000
215	  L	  3.7	  0.1	0.744	0.000	0.000
216	  T	  3.7	  0.4	0.351	0.000	0.000
217	  P	  0.2	  0.4	0.000	0.000	0.000
218	  L	  0.0	  0.4	0.000	0.000	0.000
219	  G	  0.0	  0.5	1.935	0.000	0.000
220	  E	  0.0	  0.1	2.115	0.000	0.000
221	  E	 14.5	  0.1	2.431	0.000	0.000
222	  V	 16.0	  0.1	2.431	0.000	0.000
223	  K	 16.2	  0.1	2.431	0.000	0.000
224	  E	  2.1	  0.1	2.431	0.000	0.000
225	  K	  0.9	  0.1	2.431	0.000	0.000
226	  L	  1.0	  0.1	2.025	1.223	1.223
227	  H	  1.3	  0.0	1.787	1.223	1.223
228	  A	  0.9	  0.0	0.834	32.125	32.125
229	  M	  0.9	  0.0	0.686	68.248	68.248
230	  A	  1.7	  0.0	0.214	68.299	68.299
231	  V	  9.1	  0.0	0.096	68.360	68.360
232	  I	 10.0	  0.0	0.096	68.360	68.360
233	  I	  9.0	  0.1	0.096	67.848	67.848
234	  K	  1.8	  0.1	0.096	0.112	0.112
235	  D	  1.8	  0.1	0.000	0.112	0.112
236	  T	 32.1	  0.1	0.000	0.112	0.112
237	  F	 33.6	  0.1	0.000	0.112	0.112
238	  S	 33.0	  0.0	0.000	0.000	0.000
239	  K	  3.5	  0.0	0.000	0.000	0.000
240	  N	  0.7	  0.0	0.000	0.000	0.000
