res	aa	Beta	Turn	Helix	Aggregation	Conc-Stab_Aggregation
01	  D	  0.0	  0.0	0.000	0.000	0.000
02	  E	  0.0	  0.0	0.000	0.000	0.000
03	  P	  0.0	  0.0	0.000	0.000	0.000
04	  Q	  0.3	  0.0	0.000	0.000	0.000
05	  Q	  0.3	  0.0	0.000	0.000	0.000
06	  T	  0.3	  0.0	0.440	0.000	0.000
07	  P	  0.0	  0.0	0.440	0.000	0.000
08	  V	  1.8	  0.0	0.440	0.000	0.000
09	  E	  2.0	  0.0	0.440	0.000	0.000
10	  R	  2.7	  0.0	0.440	0.436	0.436
11	  W	  2.2	  0.0	0.440	0.436	0.436
12	  V	  3.8	  0.0	0.153	0.436	0.436
13	  E	  3.1	  0.0	0.153	0.436	0.436
14	  A	  2.5	  0.0	0.153	5.673	5.673
15	  V	  2.9	  0.0	0.153	10.867	10.867
16	  Y	  3.9	  0.0	0.153	10.867	10.867
17	  A	  3.6	  0.0	0.000	10.867	10.867
18	  Y	  2.1	  0.0	0.000	10.867	10.867
19	  L	  1.2	  0.1	0.000	10.004	10.004
20	  E	  1.0	  0.1	0.000	0.000	0.000
21	  T	  3.3	  0.1	0.000	0.000	0.000
22	  T	  3.8	  0.2	0.000	0.000	0.000
23	  K	  3.7	  0.4	0.000	0.000	0.000
24	  A	  0.7	  0.6	0.000	0.000	0.000
25	  G	  0.1	  0.9	0.000	0.000	0.000
26	  A	  0.0	  0.9	0.000	0.000	0.000
27	  N	  0.0	  0.6	0.368	0.000	0.000
28	  E	  0.0	  0.4	0.368	0.000	0.000
29	  A	  0.3	  0.0	0.368	0.000	0.000
30	  L	  0.5	  0.1	0.368	0.000	0.000
31	  S	  0.9	  0.0	1.210	0.000	0.000
32	  Q	  1.7	  0.0	1.210	0.000	0.000
33	  I	  2.2	  0.1	0.842	0.000	0.000
34	  D	  1.9	  1.3	5.649	0.000	0.000
35	  A	  0.9	  1.4	5.649	0.000	0.000
36	  S	  0.4	  1.4	5.649	0.000	0.000
37	  T	  0.5	  1.6	4.807	0.000	0.000
38	  L	  0.3	  0.3	4.807	0.000	0.000
39	  G	  0.2	  0.3	4.807	0.000	0.000
40	  Q	  0.4	  0.3	3.187	0.000	0.000
41	  K	  1.1	  0.3	0.554	0.000	0.000
42	  L	  2.2	  0.3	0.000	0.000	0.000
43	  D	  1.9	  0.2	0.146	0.000	0.000
44	  L	  2.4	  0.2	0.146	0.000	0.000
45	  H	  2.2	  0.0	0.146	0.000	0.000
46	  L	  2.4	  0.2	0.146	0.000	0.000
47	  R	  1.2	  0.2	0.146	0.000	0.000
48	  D	  0.3	  0.3	0.146	0.000	0.000
49	  S	  0.8	  0.3	0.000	0.000	0.000
50	  L	  0.8	  0.2	0.000	0.000	0.000
51	  Q	  1.0	  0.2	0.000	0.000	0.000
52	  T	  3.5	  0.1	0.142	0.000	0.000
53	  L	  3.6	  0.1	0.142	0.000	0.000
54	  T	  3.4	  0.3	0.142	0.000	0.000
55	  G	  0.2	  0.2	0.142	0.000	0.000
56	  A	  0.3	  0.2	0.142	0.000	0.000
57	  L	  0.6	  0.2	0.142	0.000	0.000
58	  S	  1.1	  0.0	0.142	0.000	0.000
59	  K	  2.9	  0.0	0.142	0.000	0.000
60	  V	  4.0	  0.0	0.000	0.000	0.000
61	  H	  3.7	  0.2	0.000	0.000	0.000
62	  E	  1.7	  0.2	0.000	0.000	0.000
63	  E	  2.9	  0.2	0.000	0.000	0.000
64	  F	  3.2	  0.2	0.000	0.000	0.000
65	  S	  3.2	  0.3	0.749	0.000	0.000
66	  P	  0.4	  0.3	0.749	0.000	0.000
67	  Q	  1.9	  0.3	0.749	0.000	0.000
68	  V	  3.8	  0.3	0.749	0.000	0.000
69	  E	  3.9	  0.0	0.975	0.000	0.000
70	  A	  2.3	  0.0	0.975	0.000	0.000
71	  F	  1.7	  0.1	0.975	0.000	0.000
72	  K	  1.7	  0.0	0.674	0.000	0.000
73	  A	  1.7	  0.1	0.451	0.000	0.000
74	  Q	  1.2	  0.1	0.451	0.000	0.000
75	  L	  1.3	  0.0	0.000	0.000	0.000
76	  H	  1.4	  0.2	0.000	0.000	0.000
77	  T	  0.9	  0.2	0.000	0.000	0.000
78	  D	  0.9	  0.2	0.179	0.000	0.000
79	  L	  0.5	  0.4	0.179	0.000	0.000
80	  E	  0.4	  0.2	0.179	0.000	0.000
81	  N	  1.6	  0.2	0.325	0.000	0.000
82	  V	  3.1	  0.2	0.325	0.000	0.000
83	  Q	  3.5	  0.1	0.325	0.000	0.000
84	  Q	  2.4	  0.1	0.146	0.000	0.000
85	  Q	  1.9	  0.1	0.146	0.000	0.000
86	  M	  2.2	  0.0	0.146	0.000	0.000
87	  T	  2.3	  0.3	0.146	0.000	0.000
88	  K	  1.2	  0.3	0.146	0.000	0.000
89	  D	  0.7	  1.5	0.558	0.000	0.000
90	  L	  0.4	  1.5	0.412	0.000	0.000
91	  D	  0.4	  1.2	0.774	0.000	0.000
92	  Q	  1.3	  1.2	0.774	0.000	0.000
93	  M	  1.4	  0.1	0.774	0.000	0.000
94	  K	  2.1	  0.1	0.774	0.000	0.000
95	  T	  2.0	  0.1	0.570	0.000	0.000
96	  K	  7.4	  0.1	0.570	0.000	0.000
97	  I	  7.1	  0.0	0.000	0.000	0.000
98	  K	  6.2	  0.0	0.000	0.000	0.000
99	  P	  0.5	  0.0	0.000	0.000	0.000
100	  F	  1.5	  0.1	0.000	0.000	0.000
101	  V	  1.9	  0.3	0.000	0.000	0.000
102	  D	  2.0	  0.3	0.137	0.000	0.000
103	  D	  1.1	  0.7	0.787	0.000	0.000
104	  F	  2.3	  0.6	0.787	0.000	0.000
105	  N	  2.4	  0.4	0.787	0.000	0.000
106	  Q	  2.6	  0.4	0.787	0.000	0.000
107	  K	  2.0	  0.1	0.787	0.000	0.000
108	  F	  3.8	  0.1	0.787	0.000	0.000
109	  Q	  3.2	  0.2	0.503	0.000	0.000
110	  Q	  2.3	  0.2	0.000	0.000	0.000
111	  D	  0.5	  0.2	0.583	0.000	0.000
112	  M	  1.6	  0.1	0.583	0.000	0.000
113	  V	  3.5	  0.0	0.583	0.000	0.000
114	  A	  3.8	  0.0	0.583	0.000	0.000
115	  F	  3.6	  0.2	0.583	0.000	0.000
116	  R	  1.5	  0.2	0.583	0.000	0.000
117	  N	  1.0	  0.2	0.191	0.000	0.000
118	  R	  1.1	  0.2	0.000	0.000	0.000
119	  L	  1.1	  0.1	0.000	0.000	0.000
120	  E	  1.1	  0.1	0.000	0.000	0.000
121	  P	  0.1	  0.0	0.000	0.000	0.000
122	  V	  3.0	  0.0	0.000	0.000	0.000
123	  M	  3.0	  0.0	0.143	0.000	0.000
124	  Q	  3.4	  0.0	0.143	0.000	0.000
125	  E	  2.3	  0.0	0.371	0.000	0.000
126	  V	  4.9	  0.1	0.371	0.000	0.000
127	  R	  5.4	  0.0	0.550	0.000	0.000
128	  Q	  3.7	  0.0	0.550	0.000	0.000
129	  M	  1.1	  0.0	0.550	0.000	0.000
130	  A	  0.4	  0.1	0.550	0.000	0.000
131	  R	  1.8	  0.2	0.550	0.000	0.000
132	  Q	  2.0	  0.2	0.550	0.000	0.000
133	  N	  2.4	  0.2	1.757	0.000	0.000
134	  M	  1.1	  0.2	1.927	0.000	0.000
135	  E	  0.9	  0.0	2.119	0.000	0.000
136	  A	  0.4	  0.0	2.119	0.000	0.000
137	  A	  0.3	  0.1	2.119	0.000	0.000
138	  Q	  0.5	  0.1	2.119	0.000	0.000
139	  Q	  1.1	  0.1	1.506	0.000	0.000
140	  K	  4.5	  0.1	0.750	0.000	0.000
141	  V	  4.6	  0.0	0.138	0.000	0.000
142	  Q	  3.9	  0.0	0.138	0.000	0.000
143	  P	  0.4	  0.0	0.000	0.000	0.000
144	  L	  0.1	  0.0	0.000	0.000	0.000
145	  L	  0.1	  0.1	0.729	0.000	0.000
146	  E	  0.1	  0.1	1.094	0.000	0.000
147	  E	  0.1	  0.1	1.499	0.000	0.000
148	  A	  0.1	  0.3	1.499	0.000	0.000
149	  R	  0.1	  0.3	1.499	0.000	0.000
150	  D	  0.2	  0.2	1.499	0.000	0.000
151	  K	  1.1	  0.2	1.344	0.000	0.000
152	  F	  1.6	  0.1	1.172	0.000	0.000
153	  R	  1.8	  0.1	0.000	0.000	0.000
154	  T	  2.6	  0.1	1.186	0.000	0.000
155	  H	  3.4	  0.1	1.558	0.000	0.000
156	  V	  3.3	  0.0	2.539	0.000	0.000
157	  D	  1.6	  0.1	13.242	0.000	0.000
158	  E	  0.4	  0.1	13.391	0.000	0.000
159	  L	  0.5	  0.2	13.391	0.000	0.000
160	  R	  1.1	  0.3	13.391	0.000	0.000
161	  K	  0.9	  0.2	13.391	0.000	0.000
162	  N	  0.7	  0.2	12.906	0.000	0.000
163	  L	  0.2	  0.2	5.089	0.000	0.000
164	  A	  0.1	  0.4	3.338	0.000	0.000
165	  P	  0.0	  0.4	0.000	0.000	0.000
166	  Y	  0.1	  0.6	0.000	0.000	0.000
167	  G	  0.1	  0.7	2.816	0.000	0.000
168	  E	  0.1	  0.3	3.226	0.000	0.000
169	  E	  1.1	  0.3	3.457	0.000	0.000
170	  I	  3.5	  0.1	3.457	0.000	0.000
171	  R	  3.8	  0.1	3.457	0.000	0.000
172	  Q	  3.4	  0.1	3.457	0.000	0.000
173	  K	  1.8	  0.1	2.640	0.000	0.000
174	  F	  2.1	  0.1	1.195	0.000	0.000
175	  S	  1.5	  0.1	0.911	0.000	0.000
176	  E	  0.8	  0.1	1.881	0.000	0.000
177	  K	  0.8	  0.1	3.058	0.000	0.000
178	  M	  0.8	  0.1	3.369	0.000	0.000
179	  Q	  0.9	  0.1	3.369	0.000	0.000
180	  E	  0.4	  0.1	3.516	0.000	0.000
181	  L	  0.6	  0.2	3.516	0.000	0.000
182	  R	  0.5	  0.3	3.516	0.000	0.000
183	  D	  0.2	  0.8	3.516	0.000	0.000
184	  K	  0.0	  0.8	2.809	0.000	0.000
185	  G	  0.0	  0.7	2.355	0.000	0.000
186	  F	  0.0	  1.0	1.216	0.000	0.000
187	  P	  0.0	  0.5	0.000	0.000	0.000
188	  E	  0.7	  0.5	0.000	0.000	0.000
189	  L	  1.0	  0.5	0.000	0.000	0.000
190	  T	  3.7	  0.1	0.000	0.000	0.000
191	  Q	  7.2	  0.0	0.000	0.000	0.000
192	  Y	  7.3	  0.1	0.000	0.000	0.000
193	  Q	  5.0	  0.1	0.000	0.000	0.000
194	  T	  1.7	  0.1	0.000	0.000	0.000
195	  Q	  2.0	  0.1	0.000	0.000	0.000
196	  V	  3.3	  0.0	0.000	0.000	0.000
197	  Q	  2.7	  0.1	0.000	0.000	0.000
198	  Q	  2.3	  0.1	0.000	0.000	0.000
199	  H	  1.5	  0.1	0.000	0.000	0.000
200	  L	  2.0	  0.1	0.000	0.000	0.000
201	  S	  1.7	  0.0	0.376	0.000	0.000
202	  A	  1.2	  0.0	0.376	0.000	0.000
203	  L	  0.5	  0.1	0.376	0.000	0.000
204	  R	  0.4	  0.1	0.376	0.000	0.000
205	  E	  0.2	  0.1	0.376	0.000	0.000
206	  K	  1.2	  0.1	0.376	0.000	0.000
207	  L	  1.3	  0.1	0.000	0.000	0.000
208	  V	  1.3	  0.2	0.000	0.000	0.000
209	  P	  0.2	  0.2	0.168	0.000	0.000
210	  L	  0.1	  0.3	0.168	0.000	0.000
211	  G	  0.0	  0.4	0.168	0.000	0.000
212	  E	  0.1	  0.2	0.168	0.000	0.000
213	  K	  0.7	  0.2	0.168	0.000	0.000
214	  L	  1.1	  0.1	0.168	0.000	0.000
215	  Q	  1.3	  0.0	0.168	0.000	0.000
216	  A	  0.8	  0.0	0.000	0.000	0.000
217	  E	  1.6	  0.0	0.000	0.000	0.000
218	  L	  1.5	  0.0	0.000	0.000	0.000
219	  T	  1.4	  0.2	0.000	0.000	0.000
220	  P	  0.2	  0.2	0.000	0.000	0.000
221	  L	  0.2	  0.2	0.000	0.000	0.000
222	  F	  0.7	  0.3	0.000	0.000	0.000
223	  E	  0.8	  0.1	0.000	0.000	0.000
224	  T	  2.1	  0.1	1.497	0.000	0.000
225	  A	  1.6	  0.2	1.497	0.000	0.000
226	  K	  1.9	  0.1	1.497	0.000	0.000
227	  T	  0.9	  0.1	1.497	0.000	0.000
228	  R	  1.3	  0.1	1.497	0.000	0.000
229	  L	  1.3	  0.2	1.497	0.000	0.000
230	  Q	  1.0	  0.2	0.929	0.000	0.000
231	  N	  0.5	  0.2	0.422	0.000	0.000
232	  L	  0.5	  0.2	0.140	0.000	0.000
233	  M	  0.3	  0.2	0.140	0.000	0.000
234	  G	  0.3	  0.2	0.480	0.000	0.000
235	  D	  0.9	  0.2	1.497	0.000	0.000
236	  V	  2.0	  0.3	1.497	0.000	0.000
237	  Q	  2.3	  0.1	1.497	0.000	0.000
238	  R	  2.0	  0.1	1.497	0.000	0.000
239	  S	  2.1	  0.1	1.497	0.000	0.000
240	  L	  1.8	  0.2	1.298	0.000	0.000
241	  E	  1.4	  0.2	1.298	0.000	0.000
242	  Q	  1.5	  0.1	1.147	0.000	0.000
243	  Y	  2.5	  0.1	0.322	0.000	0.000
244	  M	  2.6	  0.0	0.000	0.000	0.000
245	  Q	  1.6	  0.1	0.000	0.000	0.000
246	  Q	  0.9	  0.1	0.000	0.000	0.000
247	  Q	  1.1	  0.1	0.000	0.000	0.000
248	  Q	  1.1	  0.1	0.000	0.000	0.000
249	  Q	  1.1	  0.1	0.000	0.000	0.000
250	  Q	  1.1	  0.1	0.000	0.000	0.000
251	  Q	  1.1	  0.2	0.000	0.000	0.000
252	  Q	  0.8	  0.4	0.000	0.000	0.000
253	  Q	  0.4	  0.3	0.000	0.000	0.000
254	  G	  0.0	  0.3	0.000	0.000	0.000
255	  A	  0.0	  0.2	0.000	0.000	0.000
