res	aa	Beta	Turn	Helix	Aggregation	Conc-Stab_Aggregation
01	  D	  0.0	  0.0	0.000	0.000	0.000
02	  E	  0.0	  0.0	0.000	0.000	0.000
03	  P	  0.0	  0.2	0.000	0.000	0.000
04	  P	  0.0	  0.2	0.000	0.000	0.000
05	  Q	  0.0	  0.2	0.000	0.000	0.000
06	  T	  0.0	  0.4	0.170	0.000	0.000
07	  P	  0.0	  0.2	0.170	0.000	0.000
08	  W	  0.2	  0.2	0.170	0.000	0.000
09	  D	  0.3	  0.2	0.170	0.000	0.000
10	  R	  1.9	  0.1	0.170	0.000	0.000
11	  V	  3.3	  0.2	0.170	0.411	0.411
12	  K	  3.3	  0.1	0.170	0.499	0.499
13	  D	  1.7	  0.1	3.008	0.499	0.499
14	  L	  0.1	  0.1	3.008	40.713	40.713
15	  A	  0.7	  0.0	3.008	41.906	41.906
16	  T	  6.3	  0.0	3.008	42.107	42.107
17	  V	 11.7	  0.0	3.008	42.453	42.453
18	  Y	 12.4	  0.1	3.008	42.453	42.453
19	  V	 14.9	  0.1	1.400	39.353	39.353
20	  D	  9.3	  0.1	1.400	2.615	2.615
21	  V	  9.1	  0.1	1.143	2.615	2.615
22	  L	  1.4	  0.2	1.143	2.615	2.615
23	  K	  1.3	  0.4	0.829	2.615	2.615
24	  D	  0.2	  1.2	0.317	0.000	0.000
25	  S	  0.2	  1.6	0.000	0.000	0.000
26	  G	  0.1	  1.7	0.000	0.000	0.000
27	  R	  0.4	  1.5	0.000	0.000	0.000
28	  D	  0.7	  0.7	0.000	0.000	0.000
29	  Y	  2.4	  0.3	0.000	0.000	0.000
30	  V	  4.1	  0.1	0.000	0.000	0.000
31	  S	  4.2	  0.1	0.000	0.000	0.000
32	  Q	  9.6	  0.1	0.000	0.000	0.000
33	  F	  8.0	  0.6	0.000	0.000	0.000
34	  E	  7.5	  0.9	0.000	0.000	0.000
35	  G	  0.5	  0.9	0.281	0.000	0.000
36	  S	  0.3	  1.2	0.978	0.000	0.000
37	  A	  0.3	  0.8	0.978	0.000	0.000
38	  L	  0.2	  0.5	0.978	0.000	0.000
39	  G	  0.1	  0.5	0.978	0.000	0.000
40	  K	  0.2	  0.3	0.978	0.000	0.000
41	  Q	  1.1	  0.2	0.697	0.000	0.000
42	  L	  2.8	  0.1	0.453	0.000	0.000
43	  N	  3.0	  0.0	1.274	0.000	0.000
44	  L	  3.6	  0.0	1.119	0.000	0.000
45	  K	  2.2	  0.0	0.980	0.000	0.000
46	  L	  2.2	  0.0	0.822	0.000	0.000
47	  L	  0.8	  0.3	0.822	0.000	0.000
48	  D	  0.6	  0.3	0.822	0.000	0.000
49	  N	  0.8	  0.9	0.358	0.000	0.000
50	  W	  1.3	  1.1	0.000	0.000	0.000
51	  D	  1.2	  0.8	0.000	0.000	0.000
52	  S	  2.1	  0.8	0.000	0.000	0.000
53	  M	  2.0	  0.2	0.000	0.000	0.000
54	  T	  2.6	  0.1	0.000	0.000	0.000
55	  S	  1.8	  0.1	0.000	0.000	0.000
56	  T	 31.6	  0.1	0.000	0.000	0.000
57	  F	 32.7	  0.1	0.000	0.000	0.000
58	  S	 32.3	  0.1	0.448	0.000	0.000
59	  K	  3.5	  0.1	0.448	0.000	0.000
60	  L	  0.7	  0.1	0.448	0.000	0.000
61	  R	  0.6	  0.1	0.448	0.000	0.000
62	  E	  0.1	  0.1	0.448	0.000	0.000
63	  Q	  0.1	  0.1	0.448	0.000	0.000
64	  L	  0.1	  0.1	0.183	0.000	0.000
65	  G	  0.1	  0.1	0.183	0.000	0.000
66	  P	  0.0	  0.0	0.000	0.000	0.000
67	  V	  4.1	  0.0	0.000	0.000	0.000
68	  T	  4.6	  0.1	0.000	0.000	0.000
69	  Q	  5.0	  0.1	0.000	0.000	0.000
70	  E	  1.4	  0.1	0.000	0.000	0.000
71	  F	  2.1	  0.1	0.000	0.000	0.000
72	  W	  2.0	  0.4	0.000	0.000	0.000
73	  D	  1.5	  0.5	0.168	0.000	0.000
74	  N	  0.8	  0.5	0.168	0.000	0.000
75	  L	  0.7	  0.4	0.168	0.000	0.000
76	  E	  0.8	  0.1	0.168	0.000	0.000
77	  K	  0.5	  0.1	0.168	0.000	0.000
78	  E	  0.4	  0.2	0.168	0.000	0.000
79	  T	  0.3	  0.3	1.890	0.000	0.000
80	  E	  0.0	  0.4	1.890	0.000	0.000
81	  G	  0.0	  0.3	1.890	0.000	0.000
82	  L	  0.4	  0.3	1.890	0.000	0.000
83	  R	  0.7	  0.1	1.890	0.000	0.000
84	  Q	  0.7	  0.1	1.890	0.000	0.000
85	  E	  0.8	  0.1	1.890	0.000	0.000
86	  M	  0.9	  0.1	0.988	0.000	0.000
87	  S	  1.4	  1.3	1.214	0.000	0.000
88	  K	  0.9	  1.4	0.931	0.000	0.000
89	  D	  0.8	  1.4	6.793	0.000	0.000
90	  L	  0.3	  1.3	7.292	0.000	0.000
91	  E	  0.3	  0.1	8.563	0.000	0.000
92	  E	 13.0	  0.0	8.790	0.000	0.000
93	  V	 14.9	  0.0	8.664	0.000	0.000
94	  K	 15.1	  0.0	8.664	0.000	0.000
95	  A	  2.7	  0.0	7.628	0.000	0.000
96	  K	  3.3	  0.0	7.266	0.000	0.000
97	  V	  3.3	  0.0	3.133	0.000	0.000
98	  Q	  3.1	  0.0	2.979	0.000	0.000
99	  P	  0.4	  0.0	0.000	0.000	0.000
100	  Y	  0.9	  0.1	0.000	0.000	0.000
101	  L	  0.9	  0.4	0.000	0.000	0.000
102	  D	  1.0	  0.4	4.793	0.000	0.000
103	  D	  0.7	  0.4	16.314	0.000	0.000
104	  F	  2.4	  0.4	16.314	0.000	0.000
105	  Q	  2.5	  0.0	16.314	0.000	0.000
106	  K	  2.0	  0.0	16.314	0.000	0.000
107	  K	  0.8	  0.0	16.314	0.000	0.000
108	  W	  0.8	  0.3	15.693	0.000	0.000
109	  Q	  0.7	  0.3	14.329	0.000	0.000
110	  G	  0.1	  0.3	6.490	0.000	0.000
111	  R	  0.4	  0.3	2.664	0.000	0.000
112	  V	  0.8	  0.0	0.000	0.000	0.000
113	  G	  0.8	  0.0	0.000	0.000	0.000
114	  M	  0.4	  0.4	0.000	0.000	0.000
115	  E	  0.1	  0.8	0.000	0.000	0.000
116	  G	  0.0	  1.1	0.000	0.000	0.000
117	  A	  0.0	  1.3	0.000	0.000	0.000
118	  G	  0.0	  1.0	0.000	0.000	0.000
119	  G	  0.0	  2.1	0.000	0.000	0.000
120	  G	  0.0	  2.1	0.000	0.000	0.000
121	  D	  0.0	  2.2	0.000	0.000	0.000
122	  G	  0.0	  2.5	0.000	0.000	0.000
123	  E	  0.0	  2.1	0.000	0.000	0.000
124	  G	  0.0	  1.8	0.000	0.000	0.000
125	  G	  0.0	  1.7	0.000	0.000	0.000
126	  Q	  0.7	  1.3	0.000	0.000	0.000
127	  R	  3.6	  0.1	0.000	0.007	0.007
128	  V	  7.2	  0.0	0.000	83.942	83.942
129	  Y	  7.3	  0.0	0.000	91.364	91.364
130	  L	  4.7	  0.0	0.000	91.801	91.801
131	  A	  1.3	  0.0	0.000	91.868	91.868
132	  C	  4.9	  0.0	0.000	91.947	91.947
133	  W	  4.8	  0.0	0.000	91.858	91.858
134	  A	  5.3	  0.0	0.000	90.179	90.179
135	  T	  6.0	  0.0	0.000	88.683	88.683
136	  W	  6.3	  0.1	0.000	83.844	83.844
137	  D	  5.9	  0.2	0.168	0.007	0.007
138	  S	  8.5	  0.2	0.168	0.145	0.145
139	  C	 10.1	  0.2	0.168	1.863	1.863
140	  T	 11.0	  0.1	0.168	15.698	15.698
141	  L	  4.2	  0.0	0.168	39.374	39.374
142	  V	  4.1	  0.0	0.168	44.168	44.168
143	  S	  6.1	  0.9	0.314	44.584	44.584
144	  A	  5.8	  0.9	0.147	48.051	48.051
145	  S	  4.0	  0.9	1.139	52.144	52.144
146	  L	  1.0	  0.9	1.139	85.101	85.101
147	  A	  1.4	  0.0	1.139	90.296	90.296
148	  V	  7.9	  0.0	1.139	95.171	95.171
149	  L	  8.5	  0.0	1.139	95.428	95.428
150	  V	  9.3	  0.0	1.139	94.506	94.506
151	  A	  3.1	  0.0	1.139	77.751	77.751
152	  C	  4.5	  0.0	0.579	62.545	62.545
153	  F	  2.9	  0.0	0.360	60.491	60.491
154	  M	  2.6	  0.0	0.000	0.000	0.000
