res	aa	Beta	Turn	Helix	Aggregation	Conc-Stab_Aggregation
01	  E	  0.0	  0.0	0.000	0.000	0.000
02	  E	  0.0	  0.0	0.000	0.000	0.000
03	  P	  0.0	  0.0	0.000	0.000	0.000
04	  Q	  0.0	  0.0	0.000	0.000	0.000
05	  T	  0.0	  0.2	0.630	0.000	0.000
06	  P	  0.0	  0.2	0.630	0.000	0.000
07	  W	  0.2	  0.3	0.630	0.000	0.000
08	  D	  0.2	  0.3	1.096	0.000	0.000
09	  R	  0.6	  0.1	1.096	0.000	0.000
10	  M	  0.6	  0.3	1.096	0.071	0.071
11	  K	  0.6	  0.2	0.806	0.269	0.269
12	  D	  0.5	  0.2	4.426	0.269	0.269
13	  L	  0.6	  0.2	4.426	80.035	80.035
14	  F	 10.8	  0.0	4.262	82.276	82.276
15	  T	 16.0	  0.0	3.804	82.276	82.276
16	  V	 18.9	  0.0	3.804	82.276	82.276
17	  Y	  9.8	  0.1	3.804	82.276	82.276
18	  L	  4.4	  0.1	3.359	69.209	69.209
19	  D	  1.1	  0.1	3.345	0.653	0.653
20	  A	  1.0	  0.1	2.789	0.653	0.653
21	  V	  2.4	  0.1	2.326	0.653	0.653
22	  K	  2.4	  0.2	2.326	0.653	0.653
23	  D	  1.7	  1.5	0.637	0.000	0.000
24	  S	  0.5	  1.6	0.411	0.000	0.000
25	  S	  0.6	  1.6	0.000	0.000	0.000
26	  R	  0.7	  1.5	0.000	0.000	0.000
27	  E	  0.5	  0.1	0.000	0.000	0.000
28	  Y	  2.0	  0.1	0.000	0.000	0.000
29	  V	  3.6	  0.1	0.000	0.000	0.000
30	  S	  4.0	  0.1	0.000	0.000	0.000
31	  Q	  9.1	  0.1	0.000	0.000	0.000
32	  F	 11.3	  0.1	0.000	0.000	0.000
33	  E	 12.2	  0.0	0.000	0.000	0.000
34	  F	  9.5	  0.1	0.000	0.000	0.000
35	  S	  5.5	  0.3	1.029	0.000	0.000
36	  A	  4.0	  0.4	1.029	0.000	0.000
37	  L	  0.2	  0.5	1.029	0.000	0.000
38	  G	  0.1	  0.5	1.029	0.000	0.000
39	  K	  0.2	  0.3	1.029	0.000	0.000
40	  Q	  1.1	  0.2	1.029	0.000	0.000
41	  L	  2.8	  0.1	0.668	0.000	0.000
42	  N	  3.0	  0.0	1.488	0.000	0.000
43	  L	  3.6	  0.0	1.259	0.000	0.000
44	  K	  2.2	  0.0	1.053	0.000	0.000
45	  L	  2.2	  0.0	0.820	0.000	0.000
46	  L	  0.8	  0.3	0.820	0.000	0.000
47	  D	  0.6	  0.3	0.820	0.000	0.000
48	  N	  0.8	  0.7	0.514	0.000	0.000
49	  W	  1.1	  0.8	0.158	0.000	0.000
50	  D	  1.0	  0.6	0.158	0.000	0.000
51	  T	  5.9	  0.6	0.158	0.000	0.000
52	  L	  5.8	  0.2	0.158	0.000	0.000
53	  S	  6.7	  0.8	0.158	0.000	0.000
54	  S	  1.5	  0.8	0.000	0.000	0.000
55	  S	  8.8	  0.8	0.000	0.000	0.000
56	  F	 12.2	  0.8	0.000	0.000	0.000
57	  T	 12.8	  0.1	0.000	0.000	0.000
58	  K	  5.9	  0.1	0.000	0.000	0.000
59	  L	  1.6	  0.1	0.000	0.000	0.000
60	  Q	  0.7	  0.1	0.000	0.000	0.000
61	  E	  0.1	  0.1	0.000	0.000	0.000
62	  Q	  0.2	  0.1	0.000	0.000	0.000
63	  I	  0.1	  0.1	0.000	0.000	0.000
64	  G	  0.1	  0.0	0.234	0.000	0.000
65	  P	  0.0	  0.0	0.234	0.000	0.000
66	  V	  4.0	  0.0	0.234	0.000	0.000
67	  T	  5.8	  0.1	0.234	0.000	0.000
68	  Q	  7.1	  0.1	0.234	0.000	0.000
69	  Q	  6.0	  0.1	0.234	0.000	0.000
70	  F	  5.8	  0.1	0.000	0.000	0.000
71	  W	  5.1	  0.5	0.000	0.000	0.000
72	  E	  2.4	  0.5	0.000	0.000	0.000
73	  N	  1.1	  0.5	0.000	0.000	0.000
74	  L	  0.6	  0.6	0.000	0.000	0.000
75	  E	  0.9	  0.2	0.000	0.000	0.000
76	  K	  0.7	  0.2	0.000	0.000	0.000
77	  D	  0.6	  0.2	2.781	0.000	0.000
78	  T	  1.5	  0.2	7.283	0.000	0.000
79	  A	  1.5	  0.1	7.283	0.000	0.000
80	  Q	  2.3	  0.0	7.283	0.000	0.000
81	  L	  1.4	  0.1	7.283	0.000	0.000
82	  R	  2.3	  0.4	7.283	0.000	0.000
83	  Q	  1.6	  0.4	7.058	0.000	0.000
84	  D	  1.5	  1.4	6.177	0.000	0.000
85	  L	  0.4	  1.3	4.621	0.000	0.000
86	  N	  0.3	  1.9	5.232	0.000	0.000
87	  K	  0.2	  1.9	3.859	0.000	0.000
88	  D	  0.3	  0.9	9.985	0.000	0.000
89	  L	  0.3	  0.9	10.222	0.000	0.000
90	  E	  0.2	  0.1	10.606	0.000	0.000
91	  E	  6.1	  0.0	10.777	0.000	0.000
92	  I	  7.3	  0.1	10.637	0.000	0.000
93	  K	  7.5	  0.0	10.637	0.000	0.000
94	  Q	  2.0	  0.0	9.084	0.000	0.000
95	  K	  3.7	  0.0	6.716	0.000	0.000
96	  V	  3.8	  0.0	2.975	0.000	0.000
97	  Q	  3.3	  0.0	2.801	0.000	0.000
98	  P	  0.4	  0.0	0.000	0.000	0.000
99	  Y	  0.9	  0.1	0.000	0.000	0.000
100	  L	  0.9	  0.4	0.000	0.000	0.000
101	  D	  1.0	  0.4	4.222	0.000	0.000
102	  D	  0.7	  0.4	14.432	0.000	0.000
103	  F	  2.4	  0.4	14.432	0.000	0.000
104	  Q	  2.5	  0.0	14.432	0.000	0.000
105	  K	  2.0	  0.0	14.432	0.000	0.000
106	  K	  0.8	  0.0	14.432	0.000	0.000
107	  W	  1.1	  0.0	13.813	0.000	0.000
108	  Q	  1.1	  0.1	12.686	0.000	0.000
109	  E	  0.6	  0.1	9.286	0.000	0.000
110	  E	 12.9	  0.1	7.475	0.000	0.000
111	  V	 14.2	  0.1	4.789	0.000	0.000
112	  K	 14.3	  0.1	4.640	0.000	0.000
113	  E	  1.8	  0.1	1.828	0.000	0.000
114	  Y	  0.3	  0.1	1.308	0.000	0.000
115	  G	  0.2	  0.1	0.171	0.000	0.000
116	  Q	  0.8	  0.1	0.171	0.000	0.000
117	  K	  1.2	  0.1	0.000	0.000	0.000
118	  V	  1.2	  0.1	0.000	0.000	0.000
119	  G	  0.5	  0.3	0.000	0.000	0.000
120	  P	  0.0	  0.3	0.000	0.000	0.000
121	  L	  0.0	  0.3	0.000	0.000	0.000
122	  S	  0.1	  0.3	1.017	0.000	0.000
123	  E	  0.1	  0.2	1.017	0.000	0.000
124	  E	  0.9	  0.2	1.017	0.000	0.000
125	  F	  1.7	  0.3	1.017	0.000	0.000
126	  R	  1.7	  0.3	1.357	0.000	0.000
127	  D	  0.9	  0.4	1.551	0.000	0.000
128	  S	  0.9	  0.4	2.079	0.000	0.000
129	  A	  1.1	  0.2	1.935	0.000	0.000
130	  R	  1.4	  0.2	1.935	0.000	0.000
131	  Q	  0.9	  0.1	1.736	0.000	0.000
132	  K	  1.3	  0.1	1.286	0.000	0.000
133	  L	  1.0	  0.1	0.766	0.000	0.000
134	  Q	  0.8	  0.1	0.535	0.000	0.000
135	  E	  1.5	  0.1	0.228	0.000	0.000
136	  L	  1.6	  0.1	0.000	0.000	0.000
137	  H	  1.6	  0.2	0.000	0.000	0.000
138	  E	  0.3	  0.1	0.000	0.000	0.000
139	  Q	  1.2	  0.1	0.000	0.000	0.000
140	  V	  1.4	  0.1	0.000	0.000	0.000
141	  S	  1.4	  0.0	0.501	0.000	0.000
142	  P	  0.4	  0.0	0.501	0.000	0.000
143	  V	  4.4	  0.0	0.661	0.000	0.000
144	  V	  5.1	  0.0	1.607	0.000	0.000
145	  Q	  5.2	  0.1	1.607	0.000	0.000
146	  E	  1.1	  0.1	1.607	0.000	0.000
147	  L	  0.6	  0.2	1.607	0.000	0.000
148	  R	  0.5	  0.2	1.607	0.000	0.000
149	  D	  0.2	  0.2	2.273	0.000	0.000
150	  R	  0.2	  0.2	1.954	0.000	0.000
151	  A	  0.2	  0.3	1.814	0.000	0.000
152	  R	  0.2	  0.3	1.484	0.000	0.000
153	  D	  0.1	  0.2	2.265	0.000	0.000
154	  R	  2.3	  0.2	2.135	0.000	0.000
155	  V	  4.1	  0.0	1.942	0.000	0.000
156	  E	  4.1	  0.0	1.942	0.000	0.000
157	  A	  2.2	  0.0	1.942	0.000	0.000
158	  L	  0.5	  0.1	1.942	0.000	0.000
159	  R	  0.8	  0.1	1.372	0.000	0.000
160	  T	  1.6	  0.1	0.662	0.000	0.000
161	  Q	  1.7	  0.1	0.662	0.000	0.000
162	  L	  1.5	  0.1	0.334	0.000	0.000
163	  A	  0.4	  0.2	0.185	0.000	0.000
164	  P	  0.1	  0.1	0.000	0.000	0.000
165	  Y	  0.7	  0.2	0.000	0.000	0.000
166	  S	  0.8	  0.3	2.062	0.000	0.000
167	  E	  0.8	  0.2	2.224	0.000	0.000
168	  E	  0.5	  0.2	2.886	0.000	0.000
169	  L	  0.7	  0.2	2.886	0.000	0.000
170	  S	  1.5	  0.1	4.738	0.000	0.000
171	  Q	  1.3	  0.1	4.738	0.000	0.000
172	  R	  1.6	  0.1	4.420	0.000	0.000
173	  L	  1.3	  0.1	4.246	0.000	0.000
174	  L	  1.1	  0.1	4.095	0.000	0.000
175	  S	  0.7	  0.1	4.352	0.000	0.000
176	  R	  0.7	  0.1	2.751	0.000	0.000
177	  L	  1.3	  0.1	1.682	0.000	0.000
178	  S	  1.3	  0.1	1.682	0.000	0.000
179	  A	  1.1	  0.0	1.123	0.000	0.000
180	  L	  0.6	  0.7	1.123	0.000	0.000
181	  K	  0.4	  0.8	0.807	0.000	0.000
182	  D	  0.2	  1.5	0.000	0.000	0.000
183	  G	  0.0	  1.5	0.000	0.000	0.000
184	  D	  1.3	  0.9	0.000	0.000	0.000
185	  Y	  1.7	  0.7	0.000	0.000	0.000
186	  S	  1.7	  0.2	0.000	0.000	0.000
187	  P	  0.5	  0.2	0.000	0.000	0.000
188	  Y	  1.6	  0.4	0.000	0.000	0.000
189	  Q	  1.6	  0.4	0.000	0.000	0.000
190	  D	  1.6	  0.2	0.139	0.000	0.000
191	  R	  0.4	  0.2	0.139	0.000	0.000
192	  A	  0.7	  0.1	0.139	0.000	0.000
193	  V	  3.8	  0.1	0.139	0.000	0.000
194	  E	  3.6	  0.0	0.139	0.000	0.000
195	  H	  3.9	  0.0	0.139	0.000	0.000
196	  L	  1.6	  0.1	0.000	0.227	0.227
197	  T	  2.5	  0.0	0.000	0.227	0.227
198	  A	  1.9	  0.2	0.000	0.227	0.227
199	  F	  1.1	  2.0	0.000	0.227	0.227
200	  G	  0.2	  2.0	0.000	0.227	0.227
201	  D	  0.1	  2.1	0.000	0.000	0.000
202	  K	  0.6	  1.9	0.000	0.000	0.000
203	  A	  0.7	  0.1	0.000	0.000	0.000
204	  K	  0.7	  0.1	0.000	0.000	0.000
205	  P	  0.0	  0.0	0.000	0.000	0.000
206	  V	  1.6	  0.0	0.000	0.000	0.000
207	  L	  1.7	  0.6	0.000	0.000	0.000
208	  E	  1.7	  0.6	0.000	0.000	0.000
209	  D	  1.4	  0.6	0.000	0.000	0.000
210	  F	  3.8	  0.8	0.000	0.000	0.000
211	  R	  3.8	  0.3	0.000	0.000	0.000
212	  Q	  2.5	  0.3	0.000	0.000	0.000
213	  G	  0.1	  0.3	0.000	0.000	0.000
214	  L	  0.1	  0.1	0.000	0.000	0.000
215	  L	  0.1	  0.0	0.000	0.000	0.000
216	  P	  0.1	  0.0	0.000	0.000	0.000
217	  V	  1.6	  0.0	0.000	0.000	0.000
218	  L	  1.7	  0.2	0.000	0.000	0.000
219	  E	  1.7	  0.2	0.000	0.000	0.000
220	  N	  0.4	  0.2	0.158	0.000	0.000
221	  L	  2.2	  0.2	0.158	0.000	0.000
222	  K	  4.1	  0.0	0.158	0.000	0.000
223	  V	  7.4	  0.0	0.158	3.496	3.496
224	  N	  5.5	  0.0	2.051	3.740	3.740
225	  L	  3.9	  0.0	2.051	4.879	4.879
226	  L	  1.0	  0.0	2.051	4.879	4.879
227	  T	  1.8	  0.0	3.057	4.879	4.879
228	  A	  1.8	  0.0	3.176	4.741	4.741
229	  V	  1.3	  0.0	3.920	4.147	4.147
230	  D	  0.4	  0.1	16.757	0.000	0.000
231	  E	  0.2	  0.1	17.234	0.000	0.000
232	  A	  0.1	  0.1	17.234	0.000	0.000
233	  A	  0.2	  0.1	17.234	0.000	0.000
234	  K	  0.2	  0.1	17.234	0.000	0.000
235	  K	  1.1	  0.1	16.547	0.000	0.000
236	  L	  1.2	  0.1	9.639	0.000	0.000
237	  K	  1.5	  0.1	4.674	0.000	0.000
238	  T	  0.5	  0.0	0.476	0.000	0.000
239	  Q	  0.4	  0.0	0.237	0.000	0.000
