res	aa	Beta	Turn	Helix	Aggregation	Conc-Stab_Aggregation
01	  D	  0.0	  0.0	0.000	0.000	0.000
02	  E	  0.0	  0.0	0.000	0.000	0.000
03	  P	  0.0	  0.0	0.000	0.000	0.000
04	  Q	  0.0	  0.0	0.000	0.000	0.000
05	  S	  0.0	  0.3	0.172	0.000	0.000
06	  P	  0.0	  0.3	0.172	0.000	0.000
07	  W	  0.2	  0.3	0.172	0.000	0.000
08	  D	  0.3	  0.3	0.172	0.000	0.000
09	  R	  1.9	  0.1	0.172	0.000	0.000
10	  V	  3.3	  0.2	0.172	0.434	0.434
11	  K	  3.3	  0.1	0.172	0.526	0.526
12	  D	  1.7	  0.1	2.773	0.526	0.526
13	  L	  0.1	  0.1	2.773	40.795	40.795
14	  A	  0.8	  0.0	2.773	42.047	42.047
15	  T	  6.8	  0.0	2.773	42.047	42.047
16	  V	 12.7	  0.0	2.773	42.047	42.047
17	  Y	 13.3	  0.0	2.773	42.047	42.047
18	  V	  8.2	  0.1	1.041	38.785	38.785
19	  D	  2.1	  0.1	1.625	0.114	0.114
20	  A	  1.2	  0.1	1.349	0.114	0.114
21	  V	  1.1	  0.0	1.349	0.114	0.114
22	  R	  1.2	  0.7	1.349	0.114	0.114
23	  E	  0.6	  4.5	1.031	0.000	0.000
24	  N	  0.1	  4.6	0.907	0.000	0.000
25	  G	  0.0	  4.6	0.120	0.000	0.000
26	  R	  0.2	  3.9	0.000	0.000	0.000
27	  E	  0.3	  0.2	0.000	0.000	0.000
28	  Y	  1.9	  0.1	0.000	0.000	0.000
29	  V	  3.6	  0.1	0.000	0.000	0.000
30	  S	  4.0	  0.1	0.984	0.000	0.000
31	  Q	  9.3	  0.1	0.984	0.000	0.000
32	  F	  9.8	  0.1	1.171	0.000	0.000
33	  E	  9.4	  0.0	1.882	0.000	0.000
34	  A	  2.8	  0.0	2.065	0.000	0.000
35	  S	  0.5	  0.0	4.082	0.000	0.000
36	  A	  0.4	  0.0	3.837	0.000	0.000
37	  L	  0.3	  0.0	3.837	0.000	0.000
38	  A	  0.3	  0.1	3.706	0.000	0.000
39	  K	  0.3	  0.1	3.706	0.000	0.000
40	  H	  1.2	  0.3	2.310	0.000	0.000
41	  L	  2.6	  0.3	1.171	0.000	0.000
42	  N	  2.9	  0.2	2.881	0.000	0.000
43	  L	  3.5	  0.2	2.520	0.000	0.000
44	  K	  2.1	  0.0	2.208	0.000	0.000
45	  L	  1.9	  0.0	1.853	0.000	0.000
46	  L	  0.5	  0.5	1.853	0.000	0.000
47	  E	  0.2	  0.4	1.853	0.000	0.000
48	  N	  0.7	  1.0	1.010	0.000	0.000
49	  W	  1.2	  1.1	0.136	0.000	0.000
50	  D	  1.3	  0.7	0.000	0.000	0.000
51	  S	 11.3	  0.8	0.000	0.000	0.000
52	  V	 12.1	  0.3	0.000	0.159	0.159
53	  S	 12.2	  0.2	0.000	0.159	0.159
54	  S	  2.2	  0.2	0.406	0.159	0.159
55	  T	  4.7	  0.1	0.893	0.159	0.159
56	  V	  5.1	  0.1	0.893	0.159	0.159
57	  A	  5.0	  0.0	0.893	0.000	0.000
58	  K	  1.9	  0.0	0.893	0.000	0.000
59	  L	  1.1	  0.1	0.893	0.000	0.000
60	  R	  0.9	  0.6	0.763	0.000	0.000
61	  E	  0.1	  0.6	0.635	0.000	0.000
62	  D	  0.1	  0.6	0.378	0.000	0.000
63	  L	  0.0	  0.7	0.378	0.000	0.000
64	  G	  0.0	  0.1	0.541	0.000	0.000
65	  P	  0.0	  0.1	0.163	0.000	0.000
66	  M	  0.5	  0.1	0.163	0.000	0.000
67	  T	  1.1	  0.3	0.163	0.000	0.000
68	  Q	  1.7	  0.3	0.163	0.000	0.000
69	  D	  2.2	  0.3	0.163	0.000	0.000
70	  F	  2.8	  0.3	0.000	0.000	0.000
71	  W	  2.5	  0.4	0.000	0.000	0.000
72	  D	  1.5	  0.5	0.325	0.000	0.000
73	  N	  0.5	  1.5	0.325	0.000	0.000
74	  L	  0.4	  1.4	0.325	0.000	0.000
75	  D	  0.4	  1.2	1.216	0.000	0.000
76	  K	  0.4	  1.2	1.216	0.000	0.000
77	  Q	  0.4	  0.2	1.216	0.000	0.000
78	  T	  0.4	  0.4	1.489	0.000	0.000
79	  E	  0.1	  0.3	1.489	0.000	0.000
80	  G	  0.0	  0.3	1.489	0.000	0.000
81	  L	  0.4	  0.3	1.009	0.000	0.000
82	  R	  0.7	  0.1	0.774	0.000	0.000
83	  Q	  0.7	  0.1	0.598	0.000	0.000
84	  E	  1.4	  0.1	0.598	0.000	0.000
85	  M	  1.3	  0.0	0.306	0.000	0.000
86	  N	  1.2	  0.8	1.399	0.000	0.000
87	  K	  0.2	  0.8	1.430	0.000	0.000
88	  D	  0.3	  0.8	10.721	0.000	0.000
89	  L	  0.3	  0.9	11.603	0.000	0.000
90	  E	  0.2	  0.0	12.925	0.000	0.000
91	  E	 12.5	  0.0	13.104	0.000	0.000
92	  V	 13.0	  0.1	12.969	0.000	0.000
93	  K	 13.1	  0.0	12.969	0.000	0.000
94	  K	  0.9	  0.0	11.747	0.000	0.000
95	  K	  2.8	  0.0	10.203	0.000	0.000
96	  V	  3.1	  0.0	3.940	0.000	0.000
97	  Q	  2.9	  0.0	3.718	0.000	0.000
98	  P	  0.4	  0.0	0.000	0.000	0.000
99	  Y	  0.5	  0.0	0.474	0.000	0.000
100	  L	  0.5	  0.1	1.087	0.000	0.000
101	  D	  0.6	  0.1	34.330	0.000	0.000
102	  E	  0.9	  0.1	39.886	0.000	0.000
103	  F	  1.9	  0.1	40.133	0.000	0.000
104	  Q	  2.0	  0.0	40.285	0.000	0.000
105	  K	  1.2	  0.0	40.430	0.000	0.000
106	  K	  0.5	  0.0	40.600	0.000	0.000
107	  W	  0.7	  0.0	40.761	0.000	0.000
108	  Q	  0.7	  0.1	40.609	0.000	0.000
109	  E	  0.4	  0.1	39.699	0.000	0.000
110	  D	  0.2	  0.1	44.656	0.000	0.000
111	  L	  0.2	  0.2	44.442	0.000	0.000
112	  E	  0.3	  0.1	44.183	0.000	0.000
113	  R	  0.8	  0.1	43.739	0.000	0.000
114	  Y	  1.8	  0.1	41.962	0.000	0.000
115	  R	  1.9	  0.0	32.842	0.000	0.000
116	  Q	  1.6	  0.0	26.938	0.000	0.000
117	  K	 10.6	  0.0	12.060	0.000	0.000
118	  V	 11.0	  0.0	3.115	0.000	0.000
119	  E	 10.6	  0.2	2.697	0.000	0.000
120	  P	  0.5	  0.3	0.000	0.000	0.000
121	  L	  0.0	  0.4	0.000	0.000	0.000
122	  G	  0.0	  0.4	0.868	0.000	0.000
123	  R	  0.1	  0.3	0.868	0.000	0.000
124	  E	  0.4	  0.2	0.868	0.000	0.000
125	  L	  0.4	  0.2	0.868	0.000	0.000
126	  R	  0.3	  0.5	0.868	0.000	0.000
127	  E	  0.1	  0.8	0.868	0.000	0.000
128	  G	  0.0	  0.8	0.690	0.000	0.000
129	  A	  0.2	  0.7	0.302	0.000	0.000
130	  H	  0.6	  0.4	0.145	0.000	0.000
131	  Q	  1.0	  0.1	0.145	0.000	0.000
132	  K	  1.5	  0.1	0.145	0.000	0.000
133	  L	  1.1	  0.1	0.145	0.000	0.000
134	  Q	  0.8	  0.1	0.145	0.000	0.000
135	  E	  0.6	  0.1	0.145	0.000	0.000
136	  L	  0.6	  0.1	0.145	0.000	0.000
137	  Q	  0.6	  0.1	0.145	0.000	0.000
138	  E	  0.3	  0.1	0.000	0.000	0.000
139	  K	  1.2	  0.1	0.000	0.000	0.000
140	  L	  1.2	  0.1	0.000	0.000	0.000
141	  S	  1.1	  0.7	0.000	0.000	0.000
142	  P	  0.1	  0.6	0.000	0.000	0.000
143	  L	  0.0	  0.7	0.000	0.000	0.000
144	  G	  0.0	  0.8	1.632	0.000	0.000
145	  E	  0.0	  0.2	1.632	0.000	0.000
146	  Q	  1.0	  0.2	1.632	0.000	0.000
147	  L	  1.2	  0.3	1.632	0.000	0.000
148	  R	  1.2	  0.2	1.632	0.000	0.000
149	  D	  0.2	  0.3	1.632	0.000	0.000
150	  R	  0.2	  0.3	1.077	0.000	0.000
151	  A	  0.2	  0.1	0.723	0.000	0.000
152	  R	  0.6	  0.1	0.490	0.000	0.000
153	  T	  2.3	  0.1	0.177	0.000	0.000
154	  H	  3.8	  0.1	0.318	0.000	0.000
155	  V	  4.0	  0.0	0.736	0.000	0.000
156	  D	  2.2	  0.1	5.017	0.000	0.000
157	  A	  0.9	  0.1	5.017	0.000	0.000
158	  L	  0.8	  0.2	5.017	0.000	0.000
159	  R	  0.9	  0.2	5.017	0.000	0.000
160	  A	  0.9	  0.0	5.017	0.000	0.000
161	  Q	  0.8	  0.0	5.017	0.000	0.000
162	  L	  0.7	  0.0	1.754	0.000	0.000
163	  A	  0.4	  0.1	1.244	0.000	0.000
164	  P	  0.0	  0.1	0.000	0.000	0.000
165	  Y	  0.4	  0.1	0.347	0.000	0.000
166	  S	  0.5	  1.3	21.020	0.000	0.000
167	  E	  0.5	  1.2	23.581	0.000	0.000
168	  D	  0.3	  1.2	40.644	0.000	0.000
169	  L	  0.5	  1.2	40.738	0.000	0.000
170	  R	  0.8	  0.1	40.738	0.000	0.000
171	  Q	  0.7	  0.1	40.738	0.000	0.000
172	  R	  0.6	  0.1	39.838	0.000	0.000
173	  L	  0.3	  0.0	39.470	0.000	0.000
174	  A	  0.2	  0.0	38.575	0.000	0.000
175	  A	  0.3	  0.0	36.507	0.000	0.000
176	  R	  0.5	  0.0	32.096	0.000	0.000
177	  L	  0.6	  0.0	26.012	0.000	0.000
178	  E	  0.4	  0.0	24.082	0.000	0.000
179	  A	  0.3	  0.0	20.844	0.000	0.000
180	  L	  0.2	  0.1	18.633	0.000	0.000
181	  K	  0.2	  0.3	15.379	0.000	0.000
182	  E	  0.1	  0.5	6.252	0.000	0.000
183	  G	  0.0	  0.5	1.974	0.000	0.000
184	  T	  0.6	  0.5	0.000	0.000	0.000
185	  D	  0.6	  0.5	0.329	0.000	0.000
186	  S	  0.7	  0.3	1.396	0.000	0.000
187	  L	  0.2	  0.3	1.396	0.000	0.000
188	  A	  0.3	  0.3	1.396	0.000	0.000
189	  E	  4.1	  0.2	1.396	0.000	0.000
190	  Y	  6.0	  0.2	1.396	0.000	0.000
191	  H	  6.1	  0.2	1.067	0.000	0.000
192	  A	  2.3	  0.2	0.830	0.000	0.000
193	  K	  0.5	  0.2	0.830	0.000	0.000
194	  A	  0.5	  0.2	0.575	0.000	0.000
195	  S	  0.7	  0.2	0.423	0.000	0.000
196	  Q	  0.9	  0.1	0.182	0.000	0.000
197	  Q	  1.6	  0.1	0.000	0.000	0.000
198	  L	  1.3	  0.1	0.000	0.000	0.000
199	  S	  0.9	  0.1	0.368	0.000	0.000
200	  E	  0.5	  0.1	0.368	0.000	0.000
201	  L	  0.5	  0.2	0.368	0.000	0.000
202	  S	  0.5	  0.2	0.368	0.000	0.000
203	  E	  0.2	  0.2	0.368	0.000	0.000
204	  K	  0.8	  0.2	0.368	0.000	0.000
205	  A	  0.8	  0.1	0.187	0.000	0.000
206	  K	  0.7	  0.0	0.187	0.000	0.000
207	  P	  0.0	  0.0	0.000	0.000	0.000
208	  A	  0.1	  0.0	0.000	0.000	0.000
209	  L	  0.2	  0.3	0.000	0.000	0.000
210	  E	  0.2	  0.3	0.000	0.000	0.000
211	  D	  0.5	  0.3	0.000	0.000	0.000
212	  L	  0.8	  0.4	0.000	0.000	0.000
213	  R	  0.8	  0.3	0.000	0.000	0.000
214	  Q	  0.4	  0.3	0.000	0.000	0.000
215	  G	  0.1	  0.3	0.000	0.000	0.000
216	  L	  0.1	  0.1	0.000	0.000	0.000
217	  L	  0.1	  0.0	0.000	0.000	0.000
218	  P	  0.1	  0.0	0.000	0.000	0.000
219	  V	  1.6	  0.0	0.000	0.000	0.000
220	  L	  1.7	  0.1	0.216	0.000	0.000
221	  E	  1.8	  0.1	0.216	0.000	0.000
222	  S	  2.4	  0.1	0.216	0.000	0.000
223	  L	  4.6	  0.1	0.216	0.000	0.000
224	  R	  5.0	  0.0	0.216	0.000	0.000
225	  V	  3.1	  0.0	0.216	1.820	1.820
226	  G	  0.6	  0.0	0.216	1.919	1.919
227	  F	  1.3	  0.0	0.000	2.108	2.108
228	  L	  1.6	  0.0	0.000	2.108	2.108
229	  S	  1.7	  0.0	0.000	2.108	2.108
230	  A	  0.7	  0.0	0.000	1.936	1.936
231	  L	  0.2	  0.0	0.000	1.404	1.404
232	  D	  0.1	  0.1	36.875	0.000	0.000
233	  E	  0.2	  0.1	37.065	0.000	0.000
234	  A	  0.4	  0.1	37.065	0.000	0.000
235	  T	  1.1	  0.1	37.065	0.000	0.000
236	  K	  1.0	  0.1	37.065	0.000	0.000
237	  K	  1.7	  0.1	37.065	0.000	0.000
238	  L	  1.0	  0.1	21.360	0.000	0.000
239	  N	  1.0	  0.0	16.119	0.000	0.000
240	  P	  0.1	  0.0	0.000	0.000	0.000
241	  Q	  0.0	  0.0	0.000	0.000	0.000
