res	aa	Beta	Turn	Helix	Aggregation	Conc-Stab_Aggregation
01	  D	  0.0	  0.0	0.000	0.000	0.000
02	  D	  0.0	  0.5	0.000	0.000	0.000
03	  P	  0.0	  0.6	0.000	0.000	0.000
04	  Q	  0.2	  0.6	0.000	0.000	0.000
05	  Q	  0.3	  0.6	0.000	0.000	0.000
06	  T	  0.8	  0.1	0.000	0.000	0.000
07	  R	  1.1	  0.1	0.000	0.000	0.000
08	  L	  1.4	  0.1	0.000	0.000	0.000
09	  E	  0.9	  0.1	0.000	0.000	0.000
10	  H	  1.2	  0.1	0.000	0.000	0.000
11	  L	  0.8	  0.1	0.000	0.000	0.000
12	  Q	  0.9	  0.1	0.000	0.000	0.000
13	  E	  0.2	  0.1	0.000	0.000	0.000
14	  L	  0.1	  0.2	0.000	0.000	0.000
15	  G	  0.0	  0.1	0.000	0.000	0.000
16	  Q	  1.3	  0.0	0.000	0.000	0.000
17	  V	  5.2	  0.0	0.000	0.000	0.000
18	  Y	  6.0	  0.0	0.000	0.000	0.000
19	  L	  4.9	  0.1	0.000	0.000	0.000
20	  E	  1.0	  0.1	0.000	0.000	0.000
21	  S	  0.5	  0.1	0.550	0.000	0.000
22	  A	  0.4	  0.2	0.550	0.000	0.000
23	  K	  0.8	  0.1	0.550	0.000	0.000
24	  T	  1.5	  0.1	0.550	0.000	0.000
25	  A	  2.0	  0.1	0.550	0.000	0.000
26	  V	  3.1	  0.0	0.550	0.000	0.000
27	  Q	  2.2	  0.0	0.550	0.000	0.000
28	  Q	  1.9	  0.0	0.157	0.000	0.000
29	  A	  1.2	  0.0	0.000	1.026	1.026
30	  V	  5.3	  0.0	0.000	1.026	1.026
31	  V	  8.5	  0.0	0.000	1.026	1.026
32	  Q	  9.5	  0.0	0.000	1.026	1.026
33	  F	  6.3	  0.1	0.000	1.026	1.026
34	  D	  2.8	  1.4	0.260	0.000	0.000
35	  S	  1.1	  1.5	0.394	0.000	0.000
36	  S	  0.5	  1.5	1.274	0.000	0.000
37	  A	  0.8	  1.4	1.274	0.000	0.000
38	  V	  2.4	  0.0	1.274	0.000	0.000
39	  A	  2.1	  0.0	1.274	0.000	0.000
40	  Q	  1.8	  0.1	1.274	0.000	0.000
41	  E	  0.5	  0.1	1.000	0.000	0.000
42	  L	  1.4	  0.1	0.827	0.000	0.000
43	  Q	  1.9	  0.0	0.827	0.000	0.000
44	  V	  5.3	  0.0	0.629	0.000	0.000
45	  N	  4.4	  0.3	0.938	0.000	0.000
46	  L	  3.8	  0.3	0.592	0.000	0.000
47	  G	  0.0	  0.4	0.592	0.000	0.000
48	  Q	  0.4	  0.4	0.439	0.000	0.000
49	  K	  2.1	  0.1	0.309	0.476	0.476
50	  L	  2.3	  0.1	0.309	0.629	0.629
51	  E	  2.0	  0.0	0.309	0.629	0.629
52	  A	  0.4	  0.0	0.169	38.431	38.431
53	  L	  3.8	  0.0	0.169	68.943	68.943
54	  T	  8.8	  0.0	0.886	69.014	69.014
55	  I	 16.5	  0.0	0.886	69.137	69.137
56	  V	 14.7	  0.0	1.309	69.137	69.137
57	  L	  9.8	  0.0	1.421	57.025	57.025
58	  R	  2.1	  0.0	1.421	0.625	0.625
59	  E	  6.4	  0.0	1.421	0.473	0.473
60	  I	  7.1	  0.0	1.034	0.473	0.473
61	  K	  7.1	  0.1	1.034	0.000	0.000
62	  E	  0.9	  0.1	0.572	0.000	0.000
63	  Q	  3.4	  0.1	0.572	0.000	0.000
64	  I	  4.3	  0.0	0.000	0.000	0.000
65	  T	  4.3	  0.2	0.000	0.000	0.000
66	  P	  0.9	  0.2	0.000	0.000	0.000
67	  E	  0.4	  0.2	0.000	0.000	0.000
68	  L	  0.4	  0.3	0.000	0.000	0.000
69	  Q	  0.7	  0.1	0.000	0.000	0.000
70	  E	  2.2	  0.0	0.000	0.000	0.000
71	  V	 10.6	  0.0	0.000	0.000	0.000
72	  R	 13.4	  0.0	0.000	0.000	0.000
73	  I	 14.4	  0.0	0.000	0.000	0.000
74	  E	  6.3	  0.0	0.000	0.000	0.000
75	  L	  3.0	  0.1	0.000	0.000	0.000
76	  E	  0.3	  0.1	0.000	0.000	0.000
77	  T	  0.9	  0.1	1.180	0.000	0.000
78	  A	  1.2	  0.1	1.180	0.000	0.000
79	  W	  2.4	  0.1	1.180	0.000	0.000
80	  Q	  2.0	  0.1	1.180	0.000	0.000
81	  K	  2.7	  0.1	1.180	0.000	0.000
82	  L	  1.6	  0.2	1.180	0.000	0.000
83	  K	  1.4	  0.1	0.919	0.000	0.000
84	  E	  0.3	  0.1	0.712	0.000	0.000
85	  E	  5.8	  0.1	0.440	0.000	0.000
86	  V	  7.5	  0.1	0.172	0.000	0.000
87	  T	  7.7	  0.2	0.172	0.000	0.000
88	  R	  2.4	  0.2	0.172	0.000	0.000
89	  D	  1.3	  0.2	0.722	0.000	0.000
90	  V	  2.2	  0.3	0.550	0.000	0.000
91	  Q	  2.1	  0.2	0.550	0.000	0.000
92	  D	  1.4	  0.4	1.032	0.000	0.000
93	  L	  0.2	  0.5	1.032	0.000	0.000
94	  G	  0.0	  0.4	1.032	0.000	0.000
95	  A	  0.4	  0.4	0.852	0.000	0.000
96	  Q	  2.2	  0.1	0.650	0.000	0.000
97	  I	  2.3	  0.0	0.482	0.000	0.000
98	  Q	  2.0	  0.0	0.636	0.000	0.000
99	  P	  0.1	  0.0	0.334	0.000	0.000
100	  L	  0.2	  0.0	0.334	0.000	0.000
101	  L	  0.4	  0.0	0.540	0.000	0.000
102	  R	  0.8	  0.1	0.540	0.000	0.000
103	  R	  1.4	  0.1	0.540	0.000	0.000
104	  L	  1.2	  0.1	0.385	0.000	0.000
105	  R	  0.8	  0.3	0.385	0.000	0.000
106	  E	  0.2	  0.2	0.385	0.000	0.000
107	  N	  1.6	  0.2	0.385	0.000	0.000
108	  V	  3.1	  0.2	0.000	0.000	0.000
109	  Q	  3.3	  0.2	0.000	0.000	0.000
110	  Q	  1.8	  0.2	0.000	0.000	0.000
111	  D	  0.2	  0.2	0.981	0.000	0.000
112	  A	  0.1	  0.2	0.981	0.557	0.557
113	  A	  0.2	  0.0	0.981	0.557	0.557
114	  A	  0.5	  0.0	0.981	0.557	0.557
115	  Y	  2.9	  0.0	0.981	0.557	0.557
116	  F	  4.8	  0.1	0.981	0.557	0.557
117	  Q	  4.8	  0.1	0.352	0.000	0.000
118	  Q	  3.1	  0.1	0.140	0.000	0.000
119	  L	  1.4	  0.2	0.000	0.000	0.000
120	  S	  1.2	  0.1	0.000	0.000	0.000
121	  S	 11.3	  0.2	0.000	0.000	0.000
122	  V	 11.9	  0.2	0.000	0.000	0.000
123	  S	 12.2	  0.2	0.127	0.000	0.000
124	  K	  1.9	  0.2	0.127	0.000	0.000
125	  E	  4.5	  0.1	0.127	0.000	0.000
126	  I	  5.8	  0.1	0.127	0.000	0.000
127	  N	  5.4	  0.1	1.864	0.000	0.000
128	  Q	  1.9	  0.1	1.864	0.000	0.000
129	  A	  0.2	  0.1	1.736	0.000	0.000
130	  A	  0.2	  0.1	1.736	0.000	0.000
131	  Q	  0.2	  0.1	1.736	0.000	0.000
132	  E	  0.2	  0.1	1.736	0.000	0.000
133	  R	  1.5	  0.1	1.423	0.000	0.000
134	  L	  1.6	  0.1	0.885	0.000	0.000
135	  R	  1.6	  0.0	0.508	0.000	0.000
136	  P	  0.2	  0.0	0.000	0.000	0.000
137	  V	  0.8	  0.0	0.000	0.000	0.000
138	  A	  0.8	  0.4	0.000	0.000	0.000
139	  E	  0.8	  0.4	0.000	0.000	0.000
140	  G	  0.1	  0.4	0.000	0.000	0.000
141	  F	  0.9	  0.6	0.000	0.000	0.000
142	  R	  0.9	  0.3	0.000	0.000	0.000
143	  D	  0.9	  0.3	0.000	0.000	0.000
144	  K	  2.0	  0.3	0.000	0.000	0.000
145	  V	  2.8	  0.1	0.000	0.000	0.000
146	  R	  3.1	  0.0	0.000	0.000	0.000
147	  T	  3.1	  0.0	0.150	0.000	0.000
148	  H	  3.9	  0.0	0.150	0.000	0.000
149	  V	  3.7	  0.1	0.150	0.000	0.000
150	  D	  1.8	  0.0	0.612	0.000	0.000
151	  E	  1.0	  0.0	0.612	0.000	0.000
152	  F	  2.4	  0.1	0.612	0.000	0.000
153	  R	  2.9	  0.5	0.462	0.000	0.000
154	  K	  2.2	  0.6	0.462	0.000	0.000
155	  D	  0.6	  0.6	0.462	0.000	0.000
156	  A	  0.1	  0.5	0.165	0.000	0.000
157	  A	  0.0	  0.2	0.165	0.000	0.000
158	  P	  0.0	  0.2	0.164	0.000	0.000
159	  Y	  0.7	  0.2	0.164	0.000	0.000
160	  A	  0.7	  0.2	0.164	0.000	0.000
161	  K	  0.8	  0.1	0.164	0.000	0.000
162	  K	  1.9	  0.1	0.964	0.000	0.000
163	  L	  1.9	  0.1	0.964	0.000	0.000
164	  E	  1.9	  0.1	0.964	0.000	0.000
165	  Q	  0.4	  0.1	0.964	0.000	0.000
166	  L	  0.5	  0.1	0.964	0.000	0.000
167	  I	  0.6	  0.0	0.964	0.000	0.000
168	  Q	  0.4	  0.1	0.964	0.000	0.000
169	  E	  0.4	  0.1	0.751	0.000	0.000
170	  K	  4.8	  0.1	0.751	0.000	0.000
171	  V	  6.4	  0.1	0.161	0.000	0.000
172	  K	  6.5	  0.0	0.161	0.000	0.000
173	  T	  3.1	  0.0	0.000	0.000	0.000
174	  L	  1.5	  0.1	0.000	0.000	0.000
175	  E	  1.3	  0.1	0.000	0.000	0.000
176	  Q	  0.2	  0.1	0.000	0.000	0.000
177	  S	  0.5	  0.1	0.303	0.000	0.000
178	  A	  0.5	  0.1	0.303	0.000	0.000
179	  Q	  0.7	  0.0	0.303	0.000	0.000
180	  A	  0.5	  0.0	0.303	0.000	0.000
181	  E	  3.2	  0.0	0.303	0.000	0.000
182	  F	  4.2	  0.0	0.303	0.000	0.000
183	  T	  4.2	  0.1	0.000	0.000	0.000
184	  E	  1.8	  0.1	0.000	0.000	0.000
185	  L	  0.6	  0.1	0.000	0.000	0.000
186	  Q	  0.6	  0.1	0.000	0.000	0.000
187	  T	  0.3	  0.1	0.000	0.000	0.000
188	  E	  0.6	  0.1	0.000	0.000	0.000
189	  L	  0.7	  0.1	0.000	0.000	0.000
190	  Q	  0.9	  0.1	0.000	0.000	0.000
191	  Q	  0.9	  0.1	0.000	0.000	0.000
192	  Q	  1.6	  0.1	0.000	0.000	0.000
193	  L	  1.3	  0.1	0.000	0.000	0.000
194	  S	  1.0	  0.1	0.470	0.000	0.000
195	  E	  2.1	  0.0	0.470	0.000	0.000
196	  V	  2.6	  0.1	0.470	0.000	0.000
197	  R	  2.5	  0.1	0.470	0.000	0.000
198	  E	  0.8	  0.1	0.470	0.000	0.000
199	  K	  0.5	  0.1	0.470	0.000	0.000
200	  Y	  0.5	  0.5	0.256	0.000	0.000
201	  G	  0.3	  0.6	0.000	0.000	0.000
202	  P	  0.0	  0.6	0.000	0.000	0.000
203	  L	  0.1	  0.6	0.000	0.000	0.000
204	  W	  0.4	  0.3	0.149	0.000	0.000
205	  E	  0.5	  0.1	0.149	0.000	0.000
206	  T	  1.4	  0.1	0.149	0.000	0.000
207	  A	  1.1	  0.1	0.149	0.000	0.000
208	  R	  1.0	  0.1	0.149	0.000	0.000
209	  E	  0.1	  0.1	0.149	0.000	0.000
210	  E	  0.1	  0.1	0.149	0.000	0.000
211	  L	  0.3	  0.1	0.000	0.323	0.323
212	  L	  3.1	  0.0	0.000	0.323	0.323
213	  T	  4.0	  0.0	0.273	0.323	0.323
214	  M	  3.9	  0.0	0.273	0.323	0.323
215	  L	  1.2	  0.2	0.273	0.323	0.323
216	  E	  0.2	  0.2	0.273	0.000	0.000
217	  N	  2.8	  0.2	0.273	0.000	0.000
218	  V	  6.0	  0.2	0.273	0.000	0.000
219	  K	  6.1	  0.1	0.273	0.000	0.000
220	  S	  3.8	  0.1	0.000	2.291	2.291
221	  L	  1.3	  0.1	0.000	9.736	9.736
222	  F	  3.9	  0.0	0.000	9.736	9.736
223	  V	  4.8	  0.0	0.000	9.736	9.736
224	  A	  4.3	  0.0	0.000	9.736	9.736
225	  T	  2.3	  0.2	0.000	8.290	8.290
226	  Q	  1.3	  0.2	0.000	0.521	0.521
227	  N	  1.5	  0.2	0.000	0.272	0.272
228	  L	  0.8	  0.2	0.000	0.272	0.272
229	  E	  0.6	  0.1	0.000	0.000	0.000
230	  Q	  0.2	  0.1	0.000	0.000	0.000
231	  E	  0.2	  0.1	0.000	0.000	0.000
232	  T	  2.2	  0.1	0.000	0.000	0.000
233	  Q	  2.5	  0.1	0.000	0.000	0.000
234	  Q	  2.5	  0.2	0.000	0.000	0.000
235	  Q	  0.8	  0.1	0.000	0.000	0.000
236	  S	  0.4	  0.1	0.000	0.000	0.000
237	  S	  0.2	  0.1	0.000	0.000	0.000
