res	aa	Beta	Turn	Helix	Aggregation	Conc-Stab_Aggregation
01	  D	  0.0	  0.0	0.000	0.000	0.000
02	  D	  0.0	  0.5	0.000	0.000	0.000
03	  P	  0.0	  0.6	0.000	0.000	0.000
04	  Q	  0.2	  0.6	0.000	0.000	0.000
05	  Q	  0.3	  0.6	0.000	0.000	0.000
06	  T	  0.8	  0.1	0.904	0.000	0.000
07	  R	  1.1	  0.1	0.904	0.000	0.000
08	  L	  1.0	  0.1	0.904	0.000	0.000
09	  E	  0.6	  0.1	0.904	0.000	0.000
10	  R	  0.7	  0.1	0.904	0.000	0.000
11	  L	  0.6	  0.1	0.904	0.000	0.000
12	  Q	  0.6	  0.1	0.625	0.000	0.000
13	  E	  0.3	  0.1	0.235	0.000	0.000
14	  A	  0.4	  0.1	0.000	0.000	0.000
15	  S	  0.6	  0.1	0.000	0.000	0.000
16	  Q	  1.7	  0.1	0.000	0.000	0.000
17	  V	  5.4	  0.1	0.000	0.000	0.000
18	  Y	  6.0	  0.0	0.000	0.000	0.000
19	  L	  4.9	  0.1	0.000	0.000	0.000
20	  E	  1.0	  0.1	0.000	0.000	0.000
21	  S	  0.5	  0.1	0.283	0.000	0.000
22	  A	  0.4	  0.2	0.283	0.000	0.000
23	  K	  0.5	  0.1	0.283	0.000	0.000
24	  E	  0.2	  0.1	0.283	0.000	0.000
25	  A	  0.8	  0.1	0.283	0.000	0.000
26	  V	  2.3	  0.0	0.283	0.000	0.000
27	  Q	  2.3	  0.0	0.283	0.000	0.000
28	  Q	  1.8	  0.0	0.000	0.000	0.000
29	  A	  0.5	  0.0	0.000	0.000	0.000
30	  I	  1.4	  0.0	0.000	0.000	0.000
31	  A	  1.7	  0.0	0.000	0.000	0.000
32	  Q	  3.3	  0.0	0.000	0.000	0.000
33	  F	  3.4	  0.0	0.000	0.000	0.000
34	  D	  3.1	  1.1	0.688	0.000	0.000
35	  Q	  1.3	  1.2	0.688	0.000	0.000
36	  S	  0.5	  1.2	1.273	0.000	0.000
37	  A	  0.8	  1.1	1.273	0.000	0.000
38	  V	  2.4	  0.0	1.273	0.000	0.000
39	  A	  2.2	  0.0	1.273	0.000	0.000
40	  Q	  1.8	  0.1	1.273	0.000	0.000
41	  E	  0.5	  0.1	1.068	0.000	0.000
42	  L	  1.3	  0.1	0.743	0.000	0.000
43	  Q	  1.8	  0.0	0.743	0.000	0.000
44	  V	  8.7	  0.0	0.389	0.000	0.000
45	  N	  7.9	  0.3	0.565	0.000	0.000
46	  I	  7.4	  0.4	0.176	0.022	0.022
47	  G	  0.1	  0.4	0.176	0.022	0.022
48	  Q	  0.4	  0.5	0.176	0.046	0.046
49	  K	  2.2	  0.1	0.319	0.708	0.708
50	  L	  2.4	  0.1	0.319	0.920	0.920
51	  E	  2.1	  0.0	0.319	0.962	0.962
52	  A	  0.3	  0.0	0.319	44.233	44.233
53	  L	  0.5	  0.0	0.319	86.662	86.662
54	  A	  1.1	  0.0	0.319	86.762	86.762
55	  I	 10.1	  0.0	0.319	86.880	86.880
56	  V	 12.4	  0.0	0.467	86.880	86.880
57	  V	 12.1	  0.0	0.588	79.336	79.336
58	  R	  3.5	  0.0	0.588	0.950	0.950
59	  E	  6.9	  0.0	0.269	0.696	0.696
60	  I	  7.3	  0.0	0.269	0.605	0.605
61	  K	  7.2	  0.1	0.269	0.000	0.000
62	  E	  0.9	  0.1	0.269	0.000	0.000
63	  Q	  1.4	  0.1	0.269	0.000	0.000
64	  V	  2.0	  0.0	0.000	0.000	0.000
65	  T	  1.9	  0.2	0.166	0.000	0.000
66	  P	  0.7	  0.3	0.166	0.000	0.000
67	  E	  0.4	  0.3	0.166	0.000	0.000
68	  L	  0.4	  0.3	0.166	0.000	0.000
69	  Q	  0.6	  0.1	0.166	0.000	0.000
70	  E	  0.5	  0.1	0.166	0.000	0.000
71	  L	  0.6	  0.1	0.166	0.000	0.000
72	  R	  0.6	  0.1	0.166	0.000	0.000
73	  T	  0.4	  0.1	0.000	0.000	0.000
74	  E	  0.6	  0.1	0.000	0.000	0.000
75	  L	  0.6	  0.1	0.000	0.000	0.000
76	  Q	  0.6	  0.1	0.000	0.000	0.000
77	  T	  1.0	  0.1	0.000	0.000	0.000
78	  A	  1.2	  0.1	0.000	0.000	0.000
79	  W	  1.5	  0.1	0.000	0.000	0.000
80	  Q	  0.9	  0.1	0.000	0.000	0.000
81	  T	  3.9	  0.1	0.512	0.000	0.000
82	  L	  3.7	  0.2	0.512	0.000	0.000
83	  K	  3.7	  0.1	0.512	0.000	0.000
84	  E	  0.3	  0.1	0.512	0.000	0.000
85	  E	  0.9	  0.1	0.512	0.000	0.000
86	  L	  1.2	  0.1	0.512	0.000	0.000
87	  T	  1.7	  0.3	0.512	0.000	0.000
88	  K	  1.3	  0.3	0.512	0.000	0.000
89	  D	  1.2	  0.3	0.178	0.000	0.000
90	  V	  2.3	  0.2	0.000	0.000	0.000
91	  H	  3.4	  0.0	0.000	0.000	0.000
92	  E	  3.1	  0.0	0.000	0.000	0.000
93	  V	  1.7	  0.1	0.000	0.000	0.000
94	  G	  0.3	  0.1	0.000	0.000	0.000
95	  A	  0.5	  0.1	0.000	0.000	0.000
96	  Q	  2.2	  0.1	0.000	0.000	0.000
97	  I	  2.3	  0.0	0.000	0.000	0.000
98	  Q	  2.0	  0.0	0.000	0.000	0.000
99	  P	  0.1	  0.0	0.000	0.000	0.000
100	  L	  0.3	  0.0	0.000	0.000	0.000
101	  V	  1.1	  0.0	0.195	0.000	0.000
102	  R	  1.5	  0.1	0.195	0.000	0.000
103	  K	  2.1	  0.1	0.195	0.000	0.000
104	  L	  1.3	  0.1	0.195	0.000	0.000
105	  R	  1.0	  0.3	0.195	0.000	0.000
106	  E	  0.2	  0.2	0.195	0.000	0.000
107	  N	  1.6	  0.2	0.195	0.000	0.000
108	  V	  3.1	  0.2	0.000	0.000	0.000
109	  Q	  3.2	  0.2	0.000	0.000	0.000
110	  Q	  1.8	  0.2	0.000	0.000	0.000
111	  D	  0.2	  2.1	0.171	0.000	0.000
112	  A	  0.2	  2.1	0.171	0.000	0.000
113	  S	  0.5	  1.9	0.171	0.000	0.000
114	  A	  0.8	  1.9	0.171	0.000	0.000
115	  Y	  3.0	  0.0	0.171	0.000	0.000
116	  F	  4.7	  0.1	0.171	0.000	0.000
117	  Q	  4.7	  0.1	0.000	0.000	0.000
118	  Q	  3.1	  0.1	0.000	0.000	0.000
119	  L	  1.3	  0.1	0.000	0.000	0.000
120	  R	  1.7	  0.0	0.000	0.000	0.000
121	  T	 14.5	  0.0	0.000	0.000	0.000
122	  I	 15.5	  0.1	0.000	0.000	0.000
123	  S	 15.4	  0.9	0.000	0.000	0.000
124	  Q	  2.1	  0.9	0.000	0.000	0.000
125	  D	  1.7	  1.3	0.000	0.000	0.000
126	  I	  2.9	  1.3	0.000	0.000	0.000
127	  N	  2.9	  0.4	0.379	0.000	0.000
128	  Q	  2.3	  0.4	0.379	0.000	0.000
129	  V	  2.1	  0.0	0.379	0.000	0.000
130	  A	  1.9	  0.0	0.379	0.000	0.000
131	  Q	  1.8	  0.1	0.379	0.000	0.000
132	  E	  0.2	  0.1	0.379	0.000	0.000
133	  K	  1.9	  0.1	0.213	0.000	0.000
134	  L	  1.9	  0.1	0.000	0.000	0.000
135	  R	  1.9	  0.0	0.000	0.000	0.000
136	  P	  0.2	  0.0	0.000	0.000	0.000
137	  I	  0.4	  0.0	0.000	0.000	0.000
138	  A	  0.4	  0.3	0.000	0.000	0.000
139	  E	  0.5	  0.3	0.000	0.000	0.000
140	  D	  1.4	  0.3	0.785	0.000	0.000
141	  F	  2.2	  0.6	0.785	0.000	0.000
142	  R	  2.1	  0.2	0.785	0.000	0.000
143	  D	  0.9	  0.2	0.785	0.000	0.000
144	  K	  2.0	  0.2	0.785	0.000	0.000
145	  V	  4.3	  0.1	0.785	0.000	0.000
146	  R	  4.7	  0.1	0.785	0.000	0.000
147	  S	  3.2	  0.1	0.886	0.000	0.000
148	  H	  2.4	  0.1	0.637	0.000	0.000
149	  V	  2.1	  0.1	0.469	0.000	0.000
150	  D	  1.7	  0.0	0.935	0.000	0.000
151	  E	  1.0	  0.0	0.935	0.000	0.000
152	  F	  2.4	  0.1	0.935	0.000	0.000
153	  R	  2.9	  0.5	0.745	0.000	0.000
154	  K	  2.2	  0.6	0.606	0.000	0.000
155	  D	  0.6	  0.6	0.466	0.000	0.000
156	  A	  0.1	  0.5	0.166	0.000	0.000
157	  A	  0.0	  0.2	0.166	0.000	0.000
158	  P	  0.0	  0.2	0.173	0.000	0.000
159	  Y	  0.7	  0.2	0.173	0.000	0.000
160	  A	  0.7	  0.2	0.173	0.000	0.000
161	  K	  0.8	  0.1	0.173	0.000	0.000
162	  K	  1.9	  0.1	1.126	0.000	0.000
163	  L	  1.9	  0.1	1.126	0.000	0.000
164	  E	  1.9	  0.1	1.126	0.000	0.000
165	  Q	  0.4	  0.1	1.126	0.000	0.000
166	  L	  0.5	  0.1	1.126	0.000	0.000
167	  I	  0.6	  0.0	1.305	0.000	0.000
168	  Q	  0.4	  0.1	1.305	0.000	0.000
169	  E	  0.4	  0.1	1.083	0.000	0.000
170	  K	  0.6	  0.1	1.083	0.000	0.000
171	  A	  0.5	  0.1	0.459	0.000	0.000
172	  K	  0.7	  0.1	0.459	0.000	0.000
173	  T	  1.6	  0.1	0.000	0.000	0.000
174	  L	  1.5	  0.1	0.000	0.000	0.000
175	  E	  1.4	  0.1	0.000	0.000	0.000
176	  Q	  0.2	  0.1	0.000	0.000	0.000
177	  S	  0.5	  0.1	0.317	0.000	0.000
178	  A	  0.9	  0.1	0.317	0.000	0.000
179	  V	  1.7	  0.0	0.317	0.000	0.000
180	  T	  1.5	  0.0	0.317	0.000	0.000
181	  E	  1.7	  0.0	0.317	0.000	0.000
182	  L	  1.2	  0.1	0.317	0.000	0.000
183	  T	  1.3	  0.1	0.000	0.000	0.000
184	  N	  0.9	  0.1	1.045	0.000	0.000
185	  L	  0.6	  0.1	1.045	0.000	0.000
186	  Q	  0.5	  0.1	1.045	0.000	0.000
187	  T	  0.3	  0.1	1.045	0.000	0.000
188	  E	  0.6	  0.1	1.045	0.000	0.000
189	  L	  0.6	  0.1	1.045	0.000	0.000
190	  Q	  0.5	  0.1	0.861	0.000	0.000
191	  E	  0.2	  0.1	0.480	0.000	0.000
192	  Q	  0.9	  0.1	0.215	0.000	0.000
193	  V	  1.7	  0.1	0.000	0.000	0.000
194	  T	  2.1	  0.0	0.630	0.000	0.000
195	  E	  3.2	  0.0	0.830	0.000	0.000
196	  V	  2.9	  0.0	0.830	0.000	0.000
197	  R	  2.5	  0.1	0.830	0.000	0.000
198	  E	  0.6	  0.1	0.830	0.000	0.000
199	  K	  0.3	  0.1	0.830	0.000	0.000
200	  L	  0.2	  0.1	0.647	0.000	0.000
201	  G	  0.2	  0.1	0.647	0.000	0.000
202	  P	  0.0	  0.0	0.000	0.000	0.000
203	  I	  0.6	  0.0	0.000	0.000	0.000
204	  W	  0.9	  0.1	1.761	0.000	0.000
205	  E	  1.0	  0.1	2.351	0.000	0.000
206	  T	  1.2	  0.1	5.165	0.000	0.000
207	  A	  0.9	  0.1	7.566	0.000	0.000
208	  R	  0.9	  0.1	11.200	0.000	0.000
209	  E	  0.0	  0.1	11.465	0.000	0.000
210	  E	  0.1	  0.1	11.821	0.000	0.000
211	  L	  0.5	  0.1	11.821	0.214	0.214
212	  L	  2.1	  0.0	11.821	0.214	0.214
213	  N	  2.0	  0.0	11.821	0.214	0.214
214	  L	  1.7	  0.0	10.775	0.214	0.214
215	  L	  0.5	  0.1	9.976	0.214	0.214
216	  Q	  0.5	  0.1	9.129	0.000	0.000
217	  S	  0.6	  0.1	2.132	0.000	0.000
218	  A	  0.5	  0.2	0.295	0.000	0.000
219	  K	  0.6	  0.2	0.295	0.000	0.000
220	  S	  0.7	  0.1	0.000	1.830	1.830
221	  L	  1.4	  0.1	0.000	9.888	9.888
222	  F	  2.1	  0.0	0.000	10.184	10.184
223	  V	  5.2	  0.0	0.000	10.184	10.184
224	  T	  4.5	  0.3	0.000	10.184	10.184
225	  A	  3.5	  0.6	0.000	9.190	9.190
226	  G	  0.1	  0.7	0.000	1.503	1.503
227	  G	  0.0	  0.7	0.000	0.593	0.593
228	  A	  0.1	  0.5	0.000	0.271	0.271
229	  E	  0.1	  0.2	0.000	0.000	0.000
230	  Q	  0.5	  0.1	0.000	0.000	0.000
231	  Q	  0.8	  0.2	0.000	0.000	0.000
232	  Q	  1.1	  0.1	0.000	0.000	0.000
233	  Q	  1.1	  0.1	0.000	0.000	0.000
234	  Q	  1.0	  0.1	0.000	0.000	0.000
235	  Q	  0.6	  0.1	0.000	0.000	0.000
236	  S	  0.3	  0.0	0.000	0.000	0.000
