res	aa	Beta	Turn	Helix	Aggregation	Conc-Stab_Aggregation
01	  A	  0.0	  0.4	0.000	0.000	0.000
02	  P	  0.0	  0.4	0.000	0.000	0.000
03	  S	  0.2	  0.5	0.000	0.000	0.000
04	  Q	  1.0	  0.5	0.000	0.000	0.000
05	  L	  1.2	  0.2	0.000	0.000	0.000
06	  D	  1.3	  0.1	0.000	0.000	0.000
07	  Q	  1.8	  0.0	0.000	0.000	0.000
08	  I	  3.2	  0.1	0.000	0.000	0.000
09	  R	  3.1	  0.1	0.000	0.000	0.000
10	  S	  2.1	  0.1	0.503	0.000	0.000
11	  A	  0.8	  0.1	0.503	0.000	0.000
12	  V	  9.7	  0.0	0.503	0.000	0.000
13	  D	 11.8	  0.0	0.503	0.000	0.000
14	  V	 15.0	  0.0	0.503	0.788	0.788
15	  Y	  6.9	  0.0	0.503	0.788	0.788
16	  L	  4.3	  0.0	0.138	0.788	0.788
17	  T	  1.3	  0.0	0.138	0.788	0.788
18	  Q	  1.1	  0.0	0.138	0.788	0.788
19	  A	  0.8	  0.8	0.000	0.204	0.204
20	  K	  0.3	  1.1	0.000	0.000	0.000
21	  D	  0.1	  1.1	0.000	0.000	0.000
22	  G	  0.0	  1.1	0.330	0.000	0.000
23	  A	  0.6	  0.3	0.330	0.000	0.000
24	  I	  2.3	  0.0	0.330	0.000	0.000
25	  K	  2.4	  0.0	0.330	0.000	0.000
26	  A	  2.0	  0.0	0.330	0.000	0.000
27	  L	  0.5	  0.0	0.330	0.000	0.000
28	  D	  0.4	  0.1	0.000	0.000	0.000
29	  Q	  1.0	  0.1	0.000	0.000	0.000
30	  L	  0.9	  0.3	0.000	0.000	0.000
31	  D	  1.0	  0.2	0.000	0.000	0.000
32	  D	  0.2	  0.1	0.000	0.000	0.000
33	  T	  0.1	  0.3	0.000	0.000	0.000
34	  P	  0.1	  0.1	0.000	0.000	0.000
35	  Y	  1.3	  0.2	0.000	0.000	0.000
36	  Q	  1.4	  0.3	0.000	0.000	0.000
37	  E	  2.8	  0.1	0.000	0.000	0.000
38	  L	  1.7	  0.2	0.000	0.000	0.000
39	  K	  2.7	  0.1	0.000	0.000	0.000
40	  T	  2.2	  0.1	0.000	0.000	0.000
41	  T	  2.5	  0.1	0.144	0.000	0.000
42	  L	  1.5	  0.0	0.144	0.000	0.000
43	  A	  0.7	  0.1	0.144	0.000	0.000
44	  Q	  0.5	  0.1	0.144	0.000	0.000
45	  R	  0.9	  0.1	0.144	0.000	0.000
46	  L	  0.8	  0.2	0.144	0.000	0.000
47	  E	  0.5	  0.3	0.144	0.000	0.000
48	  G	  0.1	  0.2	0.145	0.000	0.000
49	  L	  0.3	  0.3	0.145	0.000	0.000
50	  H	  1.3	  0.1	0.145	0.000	0.000
51	  T	  2.2	  0.0	0.145	0.000	0.000
52	  Q	  3.8	  0.0	0.145	0.000	0.000
53	  I	  4.5	  0.1	0.145	0.000	0.000
54	  K	  3.9	  0.0	0.145	0.000	0.000
55	  T	  4.5	  0.0	0.000	0.000	0.000
56	  L	  3.1	  0.1	0.000	0.000	0.000
57	  Q	  3.0	  0.0	0.000	0.000	0.000
58	  A	  1.0	  0.0	0.000	0.000	0.000
59	  S	 18.7	  0.0	0.000	0.000	0.000
60	  V	 18.8	  0.0	0.000	0.000	0.000
61	  S	 18.4	  0.0	0.000	0.000	0.000
62	  P	  0.4	  0.0	0.000	0.000	0.000
63	  V	  1.4	  0.0	0.000	0.000	0.000
64	  T	  2.1	  0.1	0.000	0.000	0.000
65	  D	  2.2	  0.1	0.000	0.000	0.000
66	  S	  1.7	  0.1	0.000	0.569	0.569
67	  V	  3.5	  0.1	0.000	5.792	5.792
68	  F	  4.8	  0.0	0.000	5.792	5.792
69	  T	  6.1	  0.0	0.000	5.792	5.792
70	  T	 20.8	  0.0	0.000	5.792	5.792
71	  V	 19.7	  0.1	0.000	5.792	5.792
72	  S	 17.7	  0.1	1.978	0.569	0.569
73	  E	  0.7	  0.1	1.978	0.000	0.000
74	  A	  0.4	  0.1	1.978	0.000	0.000
75	  T	  0.6	  0.4	2.517	0.000	0.000
76	  A	  0.5	  0.4	2.517	0.000	0.000
77	  D	  0.7	  0.4	2.517	0.000	0.000
78	  L	  0.7	  0.5	1.723	0.000	0.000
79	  R	  0.7	  0.2	1.551	0.000	0.000
80	  N	  0.7	  0.2	1.148	0.000	0.000
81	  S	  1.1	  0.2	0.332	0.000	0.000
82	  I	  5.3	  0.0	0.000	0.000	0.000
83	  V	  6.6	  0.0	0.000	0.000	0.000
84	  T	  6.2	  0.0	2.390	0.000	0.000
85	  D	  3.5	  0.0	4.091	0.000	0.000
86	  I	  2.8	  0.0	4.415	0.000	0.000
87	  E	  2.6	  0.0	4.895	0.000	0.000
88	  A	  1.2	  0.0	4.895	0.000	0.000
89	  L	  4.5	  0.0	4.895	0.000	0.000
90	  R	  7.6	  0.0	4.320	0.000	0.000
91	  I	 10.1	  0.0	3.289	0.000	0.000
92	  E	  6.4	  0.0	3.289	0.000	0.000
93	  L	  3.3	  0.0	2.203	0.000	0.000
94	  E	  0.6	  0.0	3.007	0.000	0.000
95	  P	  0.1	  0.1	1.108	0.000	0.000
96	  K	  0.3	  0.1	1.108	0.000	0.000
97	  R	  0.4	  0.1	1.108	0.000	0.000
98	  A	  0.8	  0.1	1.108	0.000	0.000
99	  H	  1.4	  0.0	1.973	0.000	0.000
100	  L	  1.2	  0.0	1.446	0.000	0.000
101	  R	  1.2	  0.0	1.275	0.000	0.000
102	  E	  0.8	  0.0	1.145	0.000	0.000
103	  V	  4.3	  0.0	1.145	0.000	0.000
104	  I	  5.8	  0.0	1.418	0.000	0.000
105	  E	  6.5	  0.1	1.812	0.000	0.000
106	  R	  3.6	  0.1	1.812	0.000	0.000
107	  H	  2.3	  0.1	1.498	0.000	0.000
108	  M	  1.0	  0.2	0.952	0.000	0.000
109	  A	  0.5	  0.2	0.952	0.000	0.000
110	  E	  0.9	  0.2	0.952	0.000	0.000
111	  Y	  3.0	  0.2	0.952	0.000	0.000
112	  R	  3.3	  0.1	0.414	0.000	0.000
113	  S	  2.7	  0.2	0.000	0.000	0.000
114	  Q	  4.2	  0.2	0.000	0.000	0.000
115	  L	  3.9	  0.1	0.000	0.000	0.000
116	  E	  3.7	  0.0	0.000	0.000	0.000
117	  P	  0.1	  0.0	0.000	0.000	0.000
118	  I	  4.9	  0.0	0.000	0.000	0.000
119	  V	  5.4	  0.0	0.000	0.000	0.000
120	  R	  5.6	  0.0	0.000	0.000	0.000
121	  E	  4.5	  0.0	0.000	0.000	0.000
122	  Y	  4.8	  0.1	0.000	0.000	0.000
123	  H	  5.6	  0.0	0.000	0.000	0.000
124	  T	  2.6	  0.1	0.000	0.000	0.000
125	  K	  2.3	  0.1	0.000	0.000	0.000
126	  H	  2.2	  0.1	0.000	0.000	0.000
127	  T	  1.9	  0.1	0.318	0.000	0.000
128	  A	  1.4	  0.0	0.318	0.000	0.000
129	  E	  0.7	  0.0	0.490	0.000	0.000
130	  M	  0.3	  0.1	0.490	0.000	0.000
131	  E	  0.2	  0.1	0.490	0.000	0.000
132	  E	  1.4	  0.1	0.632	0.000	0.000
133	  L	  1.6	  0.1	0.632	0.000	0.000
134	  K	  2.4	  0.1	0.632	0.000	0.000
135	  T	  2.0	  0.1	0.142	0.000	0.000
136	  K	  5.9	  0.1	0.142	0.000	0.000
137	  L	  5.2	  0.0	0.142	0.000	0.000
138	  E	  4.3	  0.0	0.142	0.000	0.000
139	  P	  0.1	  0.0	0.000	0.000	0.000
140	  V	  2.1	  0.0	0.000	0.000	0.000
141	  M	  2.2	  0.0	0.000	0.000	0.000
142	  T	  2.3	  0.1	0.731	0.000	0.000
143	  E	  0.5	  0.1	0.731	0.000	0.000
144	  L	  0.4	  0.1	0.731	0.000	0.000
145	  R	  0.4	  0.1	0.731	0.000	0.000
146	  E	  0.2	  0.1	0.731	0.000	0.000
147	  K	  1.7	  0.1	0.731	0.000	0.000
148	  I	  2.8	  0.1	0.384	0.000	0.000
149	  R	  3.3	  0.1	0.384	0.000	0.000
150	  T	  2.6	  0.1	0.134	0.000	0.000
151	  N	  5.9	  0.1	0.134	0.000	0.000
152	  V	  5.9	  0.1	0.000	0.000	0.000
153	  E	  5.2	  0.1	0.181	0.000	0.000
154	  E	  1.2	  0.1	0.181	0.000	0.000
155	  T	  1.1	  0.1	0.349	0.000	0.000
156	  K	  1.3	  0.1	0.349	0.000	0.000
157	  A	  0.9	  0.0	0.349	0.000	0.000
158	  A	  0.7	  0.0	0.349	0.000	0.000
159	  L	  0.7	  0.0	0.349	0.000	0.000
160	  T	  0.5	  0.0	0.169	0.000	0.000
161	  P	  0.2	  0.0	0.000	0.000	0.000
162	  I	  1.0	  0.0	0.000	0.000	0.000
163	  V	  2.2	  0.1	0.000	0.000	0.000
164	  D	  2.4	  0.1	1.180	0.000	0.000
165	  S	  4.0	  0.1	2.200	0.000	0.000
166	  I	  4.3	  0.0	2.200	0.000	0.000
167	  R	  4.3	  0.0	2.200	0.000	0.000
168	  A	  2.0	  0.0	2.200	0.000	0.000
169	  R	  1.5	  0.0	2.200	0.000	0.000
170	  V	  2.5	  0.0	1.248	0.000	0.000
171	  A	  2.7	  0.0	1.106	0.000	0.000
172	  T	  3.6	  0.0	0.391	0.000	0.000
173	  H	  4.6	  0.0	0.570	0.000	0.000
174	  V	  5.4	  0.0	1.063	0.000	0.000
175	  E	  3.6	  0.0	2.064	0.000	0.000
176	  Q	  1.5	  0.0	2.224	0.000	0.000
177	  A	  0.3	  0.1	2.224	0.000	0.000
178	  R	  0.4	  0.0	2.224	0.000	0.000
179	  A	  0.5	  0.0	2.224	0.000	0.000
180	  R	  0.8	  0.0	2.083	0.000	0.000
181	  L	  0.7	  0.0	1.017	0.000	0.000
182	  A	  0.4	  0.0	0.380	0.000	0.000
183	  P	  0.1	  0.0	0.000	0.000	0.000
184	  Y	  2.3	  0.0	0.000	0.000	0.000
185	  V	  2.9	  0.1	0.173	0.000	0.000
186	  E	  2.9	  0.1	0.393	0.000	0.000
187	  E	  4.1	  0.1	0.633	0.000	0.000
188	  Y	  4.2	  0.1	0.809	0.000	0.000
189	  K	  4.2	  0.1	1.147	0.000	0.000
190	  E	  0.9	  0.1	1.147	0.000	0.000
191	  Q	  1.0	  0.1	1.147	0.000	0.000
192	  L	  1.2	  0.1	1.147	0.000	0.000
193	  R	  1.5	  0.1	1.147	0.000	0.000
194	  Q	  1.1	  0.1	1.147	0.000	0.000
195	  A	  1.0	  0.1	0.000	0.000	0.000
196	  Y	  1.9	  0.1	0.000	0.000	0.000
197	  D	  1.4	  0.1	0.000	0.000	0.000
198	  Q	  1.4	  0.1	0.000	0.000	0.000
199	  A	  0.3	  0.2	0.000	0.000	0.000
200	  Q	  0.9	  0.2	0.000	0.000	0.000
201	  N	  3.4	  0.1	0.000	0.000	0.000
202	  V	  5.7	  0.1	0.000	0.000	0.000
203	  K	  5.5	  0.0	0.172	0.000	0.000
204	  A	  2.7	  0.3	0.172	0.000	0.000
205	  E	  0.4	  0.3	0.172	0.000	0.000
206	  D	  0.2	  0.3	3.121	0.000	0.000
207	  L	  1.1	  0.3	3.121	0.000	0.000
208	  T	  1.6	  0.0	3.738	0.000	0.000
209	  A	  1.6	  0.0	3.738	0.000	0.000
210	  L	  0.8	  0.1	3.738	0.000	0.000
211	  K	  0.6	  0.1	3.738	0.000	0.000
212	  E	  0.4	  0.1	3.028	0.000	0.000
213	  K	  2.2	  0.1	2.592	0.000	0.000
214	  I	  2.1	  0.0	1.691	0.000	0.000
215	  H	  2.1	  0.2	1.691	0.000	0.000
216	  P	  0.2	  0.2	0.000	0.000	0.000
217	  L	  0.1	  0.2	0.000	0.000	0.000
218	  T	  0.1	  0.4	1.402	0.000	0.000
219	  E	  0.1	  0.2	1.402	0.000	0.000
220	  D	  1.1	  0.2	16.709	0.000	0.000
221	  I	  2.5	  0.2	16.709	0.000	0.000
222	  K	  3.2	  0.0	16.709	0.000	0.000
223	  T	  3.0	  0.1	16.709	0.000	0.000
224	  K	  2.0	  0.1	16.709	0.000	0.000
225	  L	  1.5	  0.1	16.426	2.580	2.580
226	  Q	  0.8	  0.1	13.899	3.082	3.082
227	  Q	  1.5	  0.0	8.550	5.949	5.949
228	  I	  2.1	  0.0	3.736	73.488	73.488
229	  F	  2.9	  0.0	3.736	74.220	74.220
230	  A	  2.4	  0.0	1.399	74.220	74.220
231	  I	  4.5	  0.0	0.747	74.220	74.220
232	  V	  3.9	  0.0	0.747	73.727	73.727
233	  S	  3.2	  0.1	0.747	8.855	8.855
234	  E	  0.7	  0.1	0.206	0.192	0.192
235	  T	 14.6	  0.1	0.000	0.192	0.192
236	  F	 15.5	  0.1	0.000	0.192	0.192
237	  K	 15.3	  0.0	0.000	0.192	0.192
238	  S	  1.3	  0.0	0.000	0.000	0.000
