res	aa	Beta	Turn	Helix	Aggregation	Conc-Stab_Aggregation
01	  A	  0.0	  0.2	0.000	0.000	0.000
02	  P	  0.0	  0.2	0.000	0.000	0.000
03	  T	  2.7	  0.2	0.144	0.000	0.000
04	  Q	  9.8	  0.2	0.144	0.000	0.000
05	  Y	 10.9	  0.1	0.144	0.000	0.000
06	  E	  8.5	  0.1	0.144	0.000	0.000
07	  Q	  2.4	  0.1	0.144	0.000	0.000
08	  I	  2.8	  0.1	0.144	0.000	0.000
09	  R	  3.0	  0.1	0.144	0.000	0.000
10	  S	  2.1	  0.1	0.144	2.047	2.047
11	  A	  1.3	  0.1	0.000	18.124	18.124
12	  V	  4.0	  0.0	0.000	57.788	57.788
13	  V	 12.9	  0.0	0.000	58.317	58.317
14	  T	 15.5	  0.0	0.000	58.317	58.317
15	  Y	 13.0	  0.0	0.000	58.235	58.235
16	  L	  3.8	  0.0	0.000	55.647	55.647
17	  G	  0.4	  0.0	0.000	8.847	8.847
18	  Q	  1.1	  0.0	0.000	4.374	4.374
19	  V	  2.9	  0.0	0.000	4.374	4.374
20	  K	  3.1	  0.1	0.000	0.000	0.000
21	  E	  2.1	  0.1	0.000	0.000	0.000
22	  T	  1.6	  0.1	1.427	0.000	0.000
23	  A	  1.4	  0.1	1.427	0.000	0.000
24	  Q	  1.5	  0.1	1.427	0.000	0.000
25	  K	  0.5	  0.1	1.427	0.000	0.000
26	  A	  0.6	  0.1	1.427	0.000	0.000
27	  I	  1.0	  0.0	1.427	0.000	0.000
28	  D	  0.8	  0.1	1.427	0.000	0.000
29	  R	  2.7	  0.4	0.806	0.000	0.000
30	  L	  2.3	  0.5	0.560	0.000	0.000
31	  D	  2.3	  0.5	1.622	0.000	0.000
32	  D	  0.1	  0.4	3.831	0.000	0.000
33	  A	  0.1	  0.2	3.831	0.000	0.000
34	  E	  3.0	  0.0	3.831	0.000	0.000
35	  Y	  3.6	  0.1	3.831	0.000	0.000
36	  K	  4.0	  0.1	3.831	0.000	0.000
37	  E	 14.7	  0.1	3.464	0.000	0.000
38	  V	 15.3	  0.2	2.864	0.000	0.000
39	  K	 14.8	  0.1	2.864	0.000	0.000
40	  D	  1.5	  0.2	3.316	0.000	0.000
41	  R	  0.6	  0.2	3.185	0.000	0.000
42	  L	  3.0	  0.1	2.727	0.852	0.852
43	  T	  8.7	  0.1	2.175	0.852	0.852
44	  L	  9.8	  0.0	2.175	0.852	0.852
45	  S	  9.2	  0.0	1.887	0.852	0.852
46	  L	  3.8	  0.0	0.382	0.852	0.852
47	  T	  2.7	  0.0	0.199	0.314	0.314
48	  R	  4.3	  0.0	0.199	0.000	0.000
49	  I	  4.7	  0.1	0.000	0.000	0.000
50	  E	  4.1	  0.1	0.000	0.000	0.000
51	  T	  4.3	  0.1	0.000	0.000	0.000
52	  F	  4.5	  0.1	0.000	0.000	0.000
53	  L	  4.4	  0.1	0.000	0.000	0.000
54	  E	  1.0	  0.1	0.000	0.000	0.000
55	  S	  3.5	  1.0	0.000	0.000	0.000
56	  A	  3.4	  1.0	0.000	0.000	0.000
57	  S	  3.5	  1.8	0.000	0.000	0.000
58	  E	  0.3	  1.8	0.000	0.000	0.000
59	  S	  1.5	  0.9	0.000	0.000	0.000
60	  L	  1.4	  0.9	0.000	0.000	0.000
61	  K	  1.3	  0.0	0.000	0.000	0.000
62	  P	  0.1	  0.0	0.000	0.000	0.000
63	  V	  0.6	  0.0	0.000	0.000	0.000
64	  R	  0.6	  0.1	0.000	0.000	0.000
65	  E	  0.9	  0.1	0.000	0.000	0.000
66	  T	  1.5	  0.1	0.000	0.000	0.000
67	  F	  1.5	  0.2	0.000	0.000	0.000
68	  G	  1.2	  0.4	0.478	0.000	0.000
69	  P	  0.0	  0.4	0.478	0.000	0.000
70	  Q	  0.6	  0.4	0.478	0.000	0.000
71	  L	  0.7	  0.3	0.478	0.189	0.189
72	  L	  2.6	  0.0	0.478	0.189	0.189
73	  E	  4.0	  0.0	0.478	0.189	0.189
74	  V	  6.2	  0.0	0.324	6.465	6.465
75	  F	  4.7	  0.6	0.324	6.465	6.465
76	  A	  2.7	  0.6	0.138	6.465	6.465
77	  G	  0.6	  0.6	0.138	6.465	6.465
78	  V	  0.6	  0.6	0.000	6.465	6.465
79	  R	  0.6	  0.1	0.000	0.189	0.189
80	  E	  0.6	  0.1	0.000	0.000	0.000
81	  K	  7.7	  0.1	0.000	0.000	0.000
82	  V	  8.8	  0.1	0.000	0.000	0.000
83	  E	  8.9	  0.2	0.000	0.000	0.000
84	  K	  1.7	  0.2	0.000	0.000	0.000
85	  D	  2.9	  0.2	1.683	0.000	0.000
86	  V	  3.3	  0.1	1.683	0.000	0.000
87	  E	  3.1	  0.1	1.683	0.000	0.000
88	  E	  0.9	  0.1	1.683	0.000	0.000
89	  L	  0.5	  0.1	1.683	0.000	0.000
90	  R	  0.6	  0.1	1.683	0.000	0.000
91	  T	  0.4	  0.1	1.071	0.000	0.000
92	  E	  0.4	  0.1	1.071	0.000	0.000
93	  L	  0.4	  0.1	0.782	0.000	0.000
94	  A	  0.3	  0.2	0.497	0.000	0.000
95	  P	  0.0	  0.2	0.000	0.000	0.000
96	  K	  0.4	  0.3	0.000	0.000	0.000
97	  R	  0.4	  0.3	0.000	0.000	0.000
98	  E	  0.4	  0.1	0.000	0.000	0.000
99	  A	  0.3	  0.1	0.000	0.183	0.183
100	  L	  0.3	  0.1	0.000	0.712	0.712
101	  R	  0.5	  0.0	0.000	0.712	0.712
102	  E	  0.9	  0.0	0.000	0.712	0.712
103	  V	 13.1	  0.0	0.000	0.712	0.712
104	  V	 15.5	  0.0	0.000	0.712	0.712
105	  V	 16.7	  0.0	0.000	0.712	0.712
106	  K	  5.3	  0.0	0.000	0.000	0.000
107	  H	  7.3	  0.0	0.000	0.000	0.000
108	  I	  5.7	  0.1	0.000	0.000	0.000
109	  D	  5.1	  0.2	1.063	0.000	0.000
110	  E	  0.9	  0.2	1.300	0.000	0.000
111	  Y	  1.4	  0.2	1.300	0.000	0.000
112	  R	  1.4	  0.2	1.300	0.000	0.000
113	  E	  0.7	  0.1	1.300	0.000	0.000
114	  K	  4.3	  0.1	1.300	0.000	0.000
115	  L	  4.4	  0.1	1.037	0.000	0.000
116	  E	  4.3	  0.0	0.946	0.000	0.000
117	  P	  0.1	  0.0	0.156	0.000	0.000
118	  L	  0.3	  0.0	0.156	0.000	0.000
119	  L	  0.3	  0.1	0.156	0.000	0.000
120	  K	  0.5	  0.1	0.156	0.000	0.000
121	  E	  3.0	  0.1	0.156	0.000	0.000
122	  Y	  4.3	  0.1	0.000	0.000	0.000
123	  T	  4.4	  0.1	1.356	0.000	0.000
124	  E	  2.0	  0.2	1.356	0.000	0.000
125	  K	  0.7	  0.2	1.356	0.000	0.000
126	  N	  0.4	  0.3	1.641	0.000	0.000
127	  R	  0.1	  0.3	1.641	0.000	0.000
128	  E	  0.1	  0.1	1.641	0.000	0.000
129	  Q	  1.8	  0.1	1.073	0.000	0.000
130	  M	  2.8	  0.1	0.430	0.000	0.000
131	  E	  3.4	  0.0	0.285	0.000	0.000
132	  Y	  3.6	  0.0	0.285	0.000	0.000
133	  F	  3.9	  0.2	0.285	0.000	0.000
134	  R	  3.4	  0.3	0.132	0.000	0.000
135	  G	  1.4	  0.3	0.132	0.000	0.000
136	  K	  8.8	  0.3	0.000	0.000	0.000
137	  F	  9.4	  0.0	0.000	0.000	0.000
138	  E	  9.4	  0.0	0.288	0.000	0.000
139	  P	  0.7	  0.0	0.423	0.000	0.000
140	  V	  1.2	  0.0	0.801	0.000	0.000
141	  L	  1.3	  0.0	1.150	0.000	0.000
142	  K	  1.4	  0.1	1.150	0.000	0.000
143	  E	  0.5	  0.1	1.680	0.000	0.000
144	  L	  0.4	  0.1	1.680	0.000	0.000
145	  R	  0.4	  0.1	1.680	0.000	0.000
146	  E	  0.2	  0.1	1.680	0.000	0.000
147	  L	  0.5	  0.1	1.680	0.000	0.000
148	  I	  2.1	  0.1	1.680	0.000	0.000
149	  K	  2.3	  0.1	1.680	0.000	0.000
150	  T	  2.6	  0.1	0.000	0.000	0.000
151	  N	  5.4	  0.1	0.000	0.000	0.000
152	  V	  5.8	  0.1	0.000	0.000	0.000
153	  E	  5.1	  0.1	0.000	0.000	0.000
154	  E	  1.2	  0.1	0.000	0.000	0.000
155	  T	  4.0	  0.2	0.000	0.000	0.000
156	  K	  4.6	  0.2	0.000	0.000	0.000
157	  S	  4.2	  0.2	0.000	0.000	0.000
158	  K	  4.2	  0.2	0.000	0.000	0.000
159	  L	  3.6	  0.1	0.000	0.000	0.000
160	  T	  3.5	  0.0	0.402	0.000	0.000
161	  P	  0.1	  0.0	0.525	0.000	0.000
162	  I	  2.7	  0.0	0.525	2.760	2.760
163	  V	 20.7	  0.0	0.804	3.032	3.032
164	  E	 21.1	  0.0	0.804	3.032	3.032
165	  V	 24.3	  0.0	0.804	3.032	3.032
166	  L	  6.7	  0.0	0.804	3.032	3.032
167	  V	  6.7	  0.1	0.804	3.032	3.032
168	  K	  1.2	  0.8	0.804	3.032	3.032
169	  K	  0.6	  0.9	0.228	0.000	0.000
170	  G	  0.0	  1.0	0.142	0.000	0.000
171	  R	  0.1	  0.9	0.142	0.000	0.000
172	  E	  0.1	  0.2	0.142	0.000	0.000
173	  R	  0.5	  0.1	0.292	0.000	0.000
174	  L	  0.4	  0.1	0.292	0.000	0.000
175	  E	  0.4	  0.1	0.292	0.000	0.000
176	  E	 14.8	  0.0	0.292	0.000	0.000
177	  V	 16.9	  0.1	0.292	0.000	0.000
178	  K	 17.0	  0.0	0.292	0.000	0.000
179	  Q	  2.7	  0.0	0.000	0.000	0.000
180	  A	  0.6	  0.0	0.000	0.000	0.000
181	  L	  0.5	  0.0	0.000	0.000	0.000
182	  D	  0.4	  0.2	0.520	0.000	0.000
183	  P	  0.1	  0.2	0.520	0.000	0.000
184	  Y	  0.6	  0.2	0.520	0.000	0.000
185	  I	  0.7	  0.2	0.520	0.000	0.000
186	  Q	  1.1	  0.1	0.520	0.000	0.000
187	  E	  1.4	  0.1	0.520	0.000	0.000
188	  Y	  1.9	  0.1	0.520	0.000	0.000
189	  R	  1.5	  0.1	0.332	0.000	0.000
190	  E	  0.8	  0.1	0.000	0.000	0.000
191	  Q	  0.1	  0.5	0.000	0.000	0.000
192	  A	  0.1	  1.2	0.000	0.000	0.000
193	  G	  0.1	  1.3	0.000	0.000	0.000
194	  S	  0.2	  1.2	0.154	0.000	0.000
195	  T	  3.4	  0.9	0.154	0.156	0.156
196	  L	  3.9	  0.1	0.154	0.156	0.156
197	  T	  4.3	  0.1	0.154	0.156	0.156
198	  S	  3.3	  0.1	0.393	0.156	0.156
199	  L	  2.7	  0.1	0.393	0.156	0.156
200	  R	  2.2	  0.1	0.239	0.000	0.000
201	  E	  0.2	  0.1	0.239	0.000	0.000
202	  Q	  2.0	  0.1	0.239	0.000	0.000
203	  Y	  3.0	  0.3	0.239	0.000	0.000
204	  D	  2.9	  0.9	1.060	0.000	0.000
205	  S	  1.1	  1.1	1.461	0.000	0.000
206	  G	  0.1	  1.1	1.880	0.000	0.000
207	  E	  1.4	  0.9	1.880	0.000	0.000
208	  L	  1.6	  0.3	1.880	0.000	0.000
209	  H	  1.8	  0.2	1.880	0.000	0.000
210	  K	  0.7	  0.1	1.880	0.000	0.000
211	  K	  1.3	  0.1	1.242	0.000	0.000
212	  I	  2.5	  0.1	0.253	1.964	1.964
213	  S	  2.3	  0.1	0.253	1.964	1.964
214	  G	  1.5	  0.1	0.172	1.964	1.964
215	  L	  0.1	  0.1	0.172	1.964	1.964
216	  I	  0.3	  0.0	0.172	1.964	1.964
217	  E	  0.3	  0.0	0.172	0.000	0.000
218	  E	 26.2	  0.0	0.172	0.000	0.000
219	  V	 26.6	  0.0	0.172	0.000	0.000
220	  K	 26.6	  0.1	0.172	0.000	0.000
221	  P	  0.6	  0.1	0.000	0.000	0.000
222	  Q	  1.2	  0.1	0.000	0.000	0.000
223	  L	  1.4	  0.2	0.000	0.000	0.000
224	  E	  1.4	  0.1	0.000	0.000	0.000
225	  K	  1.8	  0.0	0.000	0.000	0.000
226	  I	  2.0	  0.0	0.000	0.000	0.000
227	  A	  2.0	  0.1	0.000	0.000	0.000
228	  E	  0.5	  0.1	0.000	0.000	0.000
229	  S	  1.6	  0.1	0.466	0.000	0.000
230	  V	  2.4	  0.1	0.466	0.000	0.000
231	  Q	  2.4	  0.0	0.466	0.000	0.000
232	  K	  1.0	  0.0	0.466	0.000	0.000
233	  A	  0.5	  0.0	0.466	0.000	0.000
234	  F	  1.3	  0.0	0.466	0.000	0.000
235	  K	  1.2	  0.0	0.000	0.000	0.000
236	  E	  0.8	  0.0	0.000	0.000	0.000
