res	aa	Beta	Turn	Helix	Aggregation	Conc-Stab_Aggregation
01	  M	  1.8	  0.0	0.000	0.000	0.000
02	  V	  1.8	  0.0	0.000	0.000	0.000
03	  Y	  1.8	  0.0	0.000	0.000	0.000
04	  L	  0.0	  0.0	0.000	0.000	0.000
05	  D	  0.0	  0.0	0.000	0.000	0.000
06	  Q	  0.0	  0.0	 -nan	0.000	0.000
07	  V	  0.0	  0.0	 -nan	0.000	0.000
08	  K	  0.0	  0.0	 -nan	0.000	0.000
09	  D	  0.0	  0.0	 -nan	0.000	0.000
10	  H	  0.0	  0.0	 -nan	0.000	0.000
11	  A	  0.0	  0.0	 -nan	0.000	0.000
12	  S	  0.0	  0.0	 -nan	0.000	0.000
13	  K	  0.0	  0.0	 -nan	0.000	0.000
14	  A	  0.0	  0.0	 -nan	0.000	0.000
15	  L	  0.0	  0.0	 -nan	0.000	0.000
16	  E	  0.0	  0.0	 -nan	0.000	0.000
17	  H	  0.0	  0.0	 -nan	0.000	0.000
18	  L	  0.0	  0.0	 -nan	0.000	0.000
19	  G	  0.0	  0.0	 -nan	0.000	0.000
20	  G	  0.0	  0.0	 -nan	0.000	0.000
21	  S	  0.0	  0.0	 -nan	0.000	0.000
22	  E	  0.0	  0.0	 -nan	0.000	0.000
23	  Y	  0.0	  0.0	 -nan	0.000	0.000
24	  D	  0.0	  0.0	 -nan	0.000	0.000
25	  Q	  0.0	  0.0	 -nan	0.000	0.000
26	  Y	  0.0	  0.0	 -nan	0.000	0.000
27	  K	  0.0	  0.0	 -nan	0.000	0.000
28	  Q	  0.0	  0.0	 -nan	0.000	0.000
29	  K	  0.0	  0.0	 -nan	0.000	0.000
30	  L	  0.0	  0.0	 -nan	0.000	0.000
31	  T	  0.0	  0.0	0.000	0.000	0.000
32	  E	  0.0	  0.0	0.000	0.000	0.000
33	  S	  2.5	  0.5	2.161	0.000	0.000
34	  L	  2.7	  0.6	2.161	0.000	0.000
35	  D	  2.8	  0.6	2.161	0.000	0.000
36	  T	  3.2	  0.6	2.161	0.000	0.000
37	  L	  3.2	  0.2	2.161	0.000	0.000
38	  Q	  4.4	  0.1	2.161	0.000	0.000
39	  Q	  2.0	  0.1	1.380	0.000	0.000
40	  Y	  2.4	  0.3	0.891	0.000	0.000
41	  A	  1.4	  0.2	0.423	0.000	0.000
42	  Q	  1.1	  0.2	0.423	0.000	0.000
43	  L	  0.6	  0.2	0.171	0.000	0.000
44	  A	  0.7	  0.1	0.171	0.000	0.000
45	  S	  1.8	  0.1	0.171	0.000	0.000
46	  H	  2.9	  0.1	0.000	0.000	0.000
47	  T	 12.5	  0.1	0.000	0.000	0.000
48	  L	 11.4	  0.0	0.000	0.000	0.000
49	  S	 10.3	  0.2	0.000	0.000	0.000
50	  P	  0.1	  0.2	0.000	0.000	0.000
51	  Y	  1.7	  0.2	0.000	0.000	0.000
52	  T	  3.2	  0.2	0.000	0.000	0.000
53	  T	  4.3	  0.0	0.000	0.000	0.000
54	  H	  3.7	  0.0	0.000	0.000	0.000
55	  L	  2.3	  0.0	0.000	0.000	0.000
56	  I	  1.6	  0.1	0.000	0.000	0.000
57	  E	  0.5	  0.3	0.000	0.000	0.000
58	  G	  0.4	  0.3	0.000	0.000	0.000
59	  T	  1.7	  0.4	0.000	0.000	0.000
60	  K	  1.9	  0.2	0.000	0.000	0.000
61	  Q	  2.4	  0.1	0.000	0.000	0.000
62	  V	  1.2	  0.1	0.000	0.000	0.000
63	  R	  1.1	  0.1	0.000	0.000	0.000
64	  E	  0.7	  0.1	0.000	0.000	0.000
65	  H	  8.9	  0.1	0.000	0.000	0.000
66	  I	 11.9	  0.0	0.000	0.000	0.000
67	  V	 12.2	  0.0	0.000	0.000	0.000
68	  S	  3.8	  0.1	0.604	0.000	0.000
69	  E	  0.6	  0.1	0.720	0.000	0.000
70	  L	  0.3	  0.3	0.905	0.000	0.000
71	  E	  0.2	  0.3	0.905	0.000	0.000
72	  D	  0.5	  0.2	0.905	0.000	0.000
73	  L	  1.8	  0.2	0.905	0.000	0.000
74	  R	  3.1	  0.0	0.905	0.000	0.000
75	  F	  5.9	  0.0	0.749	0.000	0.000
76	  Q	  9.0	  0.0	0.000	0.000	0.000
77	  V	  8.4	  0.0	0.000	0.000	0.000
78	  E	  5.7	  0.0	0.000	0.000	0.000
79	  P	  0.9	  0.0	0.000	0.000	0.000
80	  H	  0.9	  0.0	0.000	0.000	0.000
81	  R	  2.4	  0.0	0.000	0.000	0.000
82	  F	  5.0	  0.1	0.000	0.000	0.000
83	  E	  4.5	  0.0	0.542	0.000	0.000
84	  L	  3.2	  0.1	0.542	0.000	0.000
85	  Q	  0.7	  0.1	0.542	0.000	0.000
86	  Q	  0.4	  0.1	0.542	0.000	0.000
87	  A	  0.4	  0.1	0.542	0.000	0.000
88	  I	  1.0	  0.0	0.542	0.000	0.000
89	  E	  1.5	  0.1	0.542	0.000	0.000
90	  K	  2.0	  0.1	0.542	0.000	0.000
91	  H	  6.8	  0.1	0.346	0.000	0.000
92	  I	  6.4	  0.1	0.145	0.000	0.000
93	  E	  5.7	  0.1	0.438	0.000	0.000
94	  E	  1.1	  0.1	1.112	0.000	0.000
95	  Y	  1.5	  0.1	1.112	0.000	0.000
96	  R	  1.5	  0.1	1.112	0.000	0.000
97	  E	  0.8	  0.2	1.112	0.000	0.000
98	  K	  0.3	  0.2	1.112	0.000	0.000
99	  L	  0.2	  0.1	1.112	0.000	0.000
100	  G	  0.2	  0.1	0.963	0.000	0.000
101	  P	  0.0	  0.0	0.000	0.000	0.000
102	  I	  1.7	  0.0	0.000	0.000	0.000
103	  L	  1.8	  0.1	0.000	0.000	0.000
104	  Q	  2.1	  0.1	0.000	0.000	0.000
105	  E	  0.6	  0.1	0.000	0.000	0.000
106	  Y	  1.1	  0.1	0.000	0.000	0.000
107	  L	  1.3	  0.0	0.000	0.000	0.000
108	  T	  1.3	  0.2	0.000	0.000	0.000
109	  S	  0.7	  0.3	0.000	0.000	0.000
110	  N	  0.3	  0.4	0.758	0.000	0.000
111	  Q	  0.2	  0.5	0.758	0.000	0.000
112	  E	  0.2	  0.3	0.758	0.000	0.000
113	  D	  0.3	  0.3	10.479	0.000	0.000
114	  L	  0.5	  0.2	10.771	0.000	0.000
115	  E	  0.5	  0.0	11.254	0.000	0.000
116	  A	  0.5	  0.0	11.254	0.000	0.000
117	  L	  1.4	  0.0	11.254	0.000	0.000
118	  H	  2.0	  0.0	11.254	0.000	0.000
119	  L	  3.1	  0.0	10.318	0.000	0.000
120	  K	  3.2	  0.0	9.660	0.000	0.000
121	  L	  2.6	  0.0	7.873	0.000	0.000
122	  Q	  1.3	  0.0	6.132	0.000	0.000
123	  P	  0.1	  0.0	0.000	0.000	0.000
124	  V	  3.4	  0.0	0.000	0.000	0.000
125	  F	  4.2	  0.7	0.222	0.000	0.000
126	  E	  4.3	  0.7	0.222	0.000	0.000
127	  D	  1.2	  0.7	1.583	0.000	0.000
128	  L	  0.7	  0.7	1.583	0.000	0.000
129	  R	  1.0	  0.1	1.583	0.000	0.000
130	  Q	  1.3	  0.1	1.583	0.000	0.000
131	  K	  8.4	  0.1	1.361	0.000	0.000
132	  V	  8.8	  0.1	1.361	0.000	0.000
133	  E	  8.7	  0.0	1.361	0.000	0.000
134	  T	  2.2	  0.1	0.758	0.000	0.000
135	  K	  3.0	  0.1	0.758	0.000	0.000
136	  L	  2.5	  0.1	0.000	0.000	0.000
137	  E	  1.6	  0.1	0.000	0.000	0.000
138	  E	  0.6	  0.1	0.000	0.000	0.000
139	  T	  4.3	  0.2	0.000	0.000	0.000
140	  K	  4.8	  0.2	0.000	0.000	0.000
141	  S	  4.5	  0.2	0.000	0.000	0.000
142	  K	  1.9	  0.2	0.000	0.000	0.000
143	  L	  1.3	  0.1	0.000	0.000	0.000
144	  V	  1.2	  0.0	0.000	0.000	0.000
145	  P	  0.2	  0.0	0.395	0.000	0.000
146	  I	  3.1	  0.0	0.590	0.000	0.000
147	  V	  4.8	  0.0	1.941	0.000	0.000
148	  E	  4.9	  0.0	3.288	0.000	0.000
149	  A	  2.4	  0.0	3.288	0.000	0.000
150	  V	  1.9	  0.0	3.288	0.000	0.000
151	  R	  2.0	  0.0	3.288	0.000	0.000
152	  A	  1.7	  0.0	3.288	0.000	0.000
153	  K	  2.4	  0.0	3.288	0.000	0.000
154	  L	  2.8	  0.0	1.692	0.000	0.000
155	  T	  4.1	  0.1	1.923	0.000	0.000
156	  K	  2.2	  0.1	1.923	0.000	0.000
157	  Q	  2.2	  0.1	1.400	0.000	0.000
158	  L	  1.2	  0.1	0.913	0.000	0.000
159	  L	  3.8	  0.0	0.913	0.000	0.000
160	  D	  5.3	  0.0	1.181	0.000	0.000
161	  I	  5.2	  0.1	0.957	0.000	0.000
162	  R	  2.6	  0.1	0.957	0.000	0.000
163	  N	  0.5	  0.1	0.267	0.000	0.000
164	  M	  0.3	  0.1	0.267	0.000	0.000
165	  A	  0.2	  0.0	0.267	0.000	0.000
166	  T	  0.2	  0.2	0.000	0.000	0.000
167	  P	  0.1	  0.2	0.000	0.000	0.000
168	  Y	  0.3	  0.5	0.000	0.000	0.000
169	  A	  0.3	  0.5	0.000	0.000	0.000
170	  D	  0.3	  0.5	0.822	0.000	0.000
171	  E	  3.5	  0.5	0.822	0.000	0.000
172	  Y	  4.3	  0.3	0.822	0.000	0.000
173	  K	  4.4	  0.3	0.822	0.000	0.000
174	  E	  1.1	  0.1	0.822	0.000	0.000
175	  H	  2.1	  0.1	0.822	0.000	0.000
176	  V	  3.2	  0.1	0.648	0.000	0.000
177	  L	  3.5	  0.0	0.648	0.000	0.000
178	  K	  2.0	  0.0	0.489	0.000	0.000
179	  A	  1.0	  0.0	0.268	0.000	0.000
180	  V	  1.6	  0.1	0.000	0.000	0.000
181	  E	  1.3	  0.1	0.000	0.000	0.000
182	  D	  2.5	  0.1	1.424	0.000	0.000
183	  V	  3.3	  0.1	1.424	0.000	0.000
184	  K	  3.6	  0.1	1.424	0.000	0.000
185	  E	  2.2	  0.1	1.424	0.000	0.000
186	  K	  1.3	  0.1	1.424	0.000	0.000
187	  L	  1.0	  0.1	1.424	0.000	0.000
188	  A	  0.9	  0.2	0.986	0.000	0.000
189	  P	  0.1	  0.2	0.000	0.000	0.000
190	  H	  0.8	  0.2	0.000	0.000	0.000
191	  T	  1.2	  0.2	0.000	0.000	0.000
192	  T	  1.3	  0.1	0.000	0.000	0.000
193	  E	  0.9	  0.1	0.000	0.000	0.000
194	  L	  0.5	  0.3	0.000	0.000	0.000
195	  Q	  0.5	  0.4	0.000	0.000	0.000
196	  G	  0.1	  0.3	0.000	0.000	0.000
197	  H	  1.4	  0.3	0.000	0.000	0.000
198	  L	  1.6	  0.1	0.000	0.000	0.000
199	  E	  1.6	  0.0	0.000	0.000	0.000
200	  P	  0.1	  0.0	0.000	0.000	0.000
201	  Y	  0.6	  0.0	0.000	0.000	0.000
202	  L	  0.7	  0.0	0.000	0.000	0.000
203	  E	  0.7	  0.0	0.171	0.000	0.000
204	  T	 16.5	  0.0	1.336	0.000	0.000
205	  V	 18.5	  0.1	1.336	0.000	0.000
206	  K	 18.6	  0.0	1.336	0.000	0.000
207	  A	  2.7	  0.0	1.336	0.000	0.000
208	  R	  1.0	  0.0	1.336	0.000	0.000
209	  L	  1.5	  0.0	1.165	1.745	1.745
210	  T	  1.7	  0.0	0.548	1.745	1.745
211	  S	  1.4	  0.0	0.548	1.745	1.745
212	  I	  1.1	  0.1	0.134	1.745	1.745
213	  Y	  1.7	  0.2	0.134	1.745	1.745
214	  D	  1.5	  0.2	0.000	0.000	0.000
215	  S	  2.2	  0.2	0.000	0.000	0.000
216	  V	  5.6	  0.1	0.000	0.000	0.000
217	  V	  6.7	  0.0	0.000	0.000	0.000
218	  Q	  5.9	  0.0	0.000	0.000	0.000
219	  A	  1.9	  0.0	0.000	0.000	0.000
220	  M	  1.2	  0.0	0.000	0.000	0.000
221	  S	  1.0	  0.0	0.000	0.000	0.000
222	  A	  0.6	  0.0	0.000	0.000	0.000
