res	aa	Beta	Turn	Helix	Aggregation	Conc-Stab_Aggregation
01	  D	  0.0	  0.0	0.000	0.000	0.000
02	  D	  0.0	  0.5	0.000	0.000	0.000
03	  P	  0.0	  0.6	0.000	0.000	0.000
04	  Q	  0.3	  0.6	0.000	0.000	0.000
05	  Q	  0.3	  0.6	0.000	0.000	0.000
06	  T	  0.3	  0.0	2.213	0.000	0.000
07	  P	  0.0	  0.0	2.213	0.000	0.000
08	  L	  0.1	  0.1	2.213	0.000	0.000
09	  E	  0.1	  0.1	2.213	0.000	0.000
10	  R	  0.7	  0.1	2.213	0.000	0.000
11	  L	  0.6	  0.3	2.213	0.000	0.000
12	  Q	  0.6	  0.2	1.632	0.000	0.000
13	  G	  0.1	  0.5	0.821	0.000	0.000
14	  M	  0.1	  0.5	0.411	0.000	0.000
15	  G	  0.1	  0.3	0.000	0.000	0.000
16	  Q	  1.3	  0.3	0.000	0.000	0.000
17	  V	  5.2	  0.0	0.000	0.000	0.000
18	  Y	  5.9	  0.0	0.000	0.000	0.000
19	  L	  4.8	  0.1	0.177	0.000	0.000
20	  E	  1.0	  0.1	0.752	0.000	0.000
21	  S	  0.5	  0.1	1.373	0.000	0.000
22	  A	  0.4	  0.2	1.373	0.000	0.000
23	  K	  0.5	  0.0	1.373	0.000	0.000
24	  A	  0.4	  0.0	1.373	0.000	0.000
25	  A	  1.2	  0.0	1.373	0.000	0.000
26	  V	  3.3	  0.0	1.098	0.000	0.000
27	  K	  3.3	  0.0	1.098	0.000	0.000
28	  Q	  2.8	  0.0	0.156	0.000	0.000
29	  A	  0.8	  0.0	0.000	0.000	0.000
30	  V	  2.0	  0.1	0.000	0.000	0.000
31	  D	  2.3	  0.0	0.000	0.000	0.000
32	  Q	  3.9	  0.0	0.000	0.000	0.000
33	  F	  3.6	  0.1	0.000	0.000	0.000
34	  D	  2.9	  1.6	0.747	0.000	0.000
35	  S	  1.2	  1.6	1.115	0.000	0.000
36	  S	  0.3	  1.6	1.852	0.000	0.000
37	  A	  0.3	  1.5	1.852	0.000	0.000
38	  M	  0.3	  0.0	1.852	0.000	0.000
39	  A	  0.2	  0.0	1.852	0.000	0.000
40	  Q	  0.2	  0.1	1.852	0.000	0.000
41	  E	  1.5	  0.1	1.437	0.000	0.000
42	  L	  2.6	  0.1	0.788	0.000	0.000
43	  H	  3.5	  0.2	0.788	0.000	0.000
44	  L	  6.1	  0.2	0.483	0.000	0.000
45	  N	  4.9	  0.4	1.170	0.000	0.000
46	  I	  4.0	  0.5	0.687	0.000	0.000
47	  G	  0.1	  0.4	0.687	0.000	0.000
48	  E	  0.1	  0.5	0.687	0.000	0.000
49	  K	  1.8	  0.2	0.687	0.000	0.000
50	  L	  1.9	  0.2	0.687	0.000	0.000
51	  E	  1.8	  0.1	0.687	0.000	0.000
52	  T	  3.0	  0.1	0.264	4.448	4.448
53	  L	  3.3	  0.1	0.264	9.617	9.617
54	  T	  5.6	  0.0	0.315	9.617	9.617
55	  T	  6.2	  0.0	0.315	9.617	9.617
56	  V	  7.6	  0.0	0.315	9.617	9.617
57	  L	  5.3	  0.0	0.315	8.187	8.187
58	  R	  2.0	  0.0	0.315	0.000	0.000
59	  E	 14.3	  0.0	0.315	0.000	0.000
60	  V	 15.8	  0.0	0.000	0.000	0.000
61	  K	 15.7	  0.1	0.000	0.000	0.000
62	  E	  1.8	  0.1	0.000	0.000	0.000
63	  Q	  0.6	  0.1	0.000	0.000	0.000
64	  V	  1.0	  0.0	0.000	0.000	0.000
65	  A	  1.0	  0.2	0.000	0.000	0.000
66	  P	  0.5	  0.2	0.000	0.000	0.000
67	  Q	  2.9	  0.2	0.000	0.000	0.000
68	  W	  3.6	  0.3	0.000	0.000	0.000
69	  Q	  3.7	  0.1	0.000	0.000	0.000
70	  E	  1.0	  0.1	0.000	0.000	0.000
71	  I	  5.1	  0.1	0.000	0.000	0.000
72	  I	  5.8	  0.0	0.000	0.000	0.000
73	  T	  5.7	  0.1	0.000	0.000	0.000
74	  E	  1.9	  0.1	0.000	0.000	0.000
75	  L	  1.3	  0.3	0.000	0.000	0.000
76	  N	  1.2	  0.5	0.000	0.000	0.000
77	  N	  0.2	  0.5	0.000	0.000	0.000
78	  G	  0.1	  0.4	0.000	0.000	0.000
79	  W	  1.2	  0.6	0.000	0.000	0.000
80	  Q	  1.4	  0.4	0.000	0.000	0.000
81	  N	  1.7	  0.4	0.000	0.000	0.000
82	  L	  0.7	  0.5	0.000	0.000	0.000
83	  K	  0.6	  0.4	0.000	0.000	0.000
84	  Q	  0.4	  0.4	0.000	0.000	0.000
85	  D	  0.3	  0.4	0.000	0.000	0.000
86	  M	  0.3	  0.3	0.000	0.000	0.000
87	  A	  0.1	  0.2	0.000	0.000	0.000
88	  K	  0.4	  0.2	0.000	0.000	0.000
89	  D	  2.9	  0.2	0.568	0.000	0.000
90	  V	  3.1	  0.3	0.826	0.000	0.000
91	  E	  2.9	  0.2	0.977	0.000	0.000
92	  G	  0.4	  0.2	1.141	0.000	0.000
93	  I	  1.8	  0.2	1.141	0.000	0.000
94	  K	  2.0	  0.1	1.141	0.000	0.000
95	  A	  2.2	  0.0	1.141	0.000	0.000
96	  Q	  2.3	  0.0	1.141	0.000	0.000
97	  I	  2.3	  0.0	0.349	0.000	0.000
98	  Q	  1.9	  0.0	0.349	0.000	0.000
99	  P	  0.1	  0.0	0.000	0.000	0.000
100	  L	  0.1	  0.0	0.000	0.000	0.000
101	  A	  0.2	  0.0	0.000	0.000	0.000
102	  Q	  0.5	  0.1	0.000	0.000	0.000
103	  K	  0.9	  0.1	0.000	0.000	0.000
104	  L	  2.6	  0.1	0.000	0.000	0.000
105	  S	  7.6	  0.2	0.000	0.000	0.000
106	  V	 19.0	  0.2	0.000	0.000	0.000
107	  N	 18.5	  0.2	0.000	0.000	0.000
108	  V	 15.3	  0.2	0.000	0.000	0.000
109	  Q	  3.8	  0.0	0.000	0.000	0.000
110	  H	  3.4	  0.0	0.119	0.000	0.000
111	  E	  2.6	  0.0	0.119	0.000	0.000
112	  I	  2.1	  0.4	0.119	0.622	0.622
113	  A	  1.1	  0.4	0.119	0.622	0.622
114	  N	  0.3	  0.4	0.119	0.622	0.622
115	  Y	  1.3	  0.4	0.119	0.622	0.622
116	  L	  1.5	  0.1	0.000	0.622	0.622
117	  R	  1.8	  0.1	0.000	0.000	0.000
118	  N	  3.0	  0.1	0.000	0.000	0.000
119	  V	  5.6	  0.1	0.000	0.000	0.000
120	  K	  5.8	  0.0	0.000	0.000	0.000
121	  S	 14.1	  0.0	0.000	0.000	0.000
122	  V	 13.0	  0.1	0.000	0.000	0.000
123	  S	 12.8	  0.1	0.000	0.000	0.000
124	  Q	  2.4	  0.1	0.000	0.000	0.000
125	  E	  1.7	  0.1	0.000	0.000	0.000
126	  L	  1.5	  0.1	0.000	0.000	0.000
127	  H	  2.2	  0.1	0.000	0.000	0.000
128	  Q	  1.1	  0.1	0.000	0.000	0.000
129	  L	  1.1	  0.1	0.000	0.000	0.000
130	  A	  0.4	  0.1	0.000	0.000	0.000
131	  H	  0.6	  0.1	0.000	0.000	0.000
132	  E	  0.5	  0.2	0.000	0.000	0.000
133	  K	  1.3	  0.2	0.000	0.000	0.000
134	  L	  1.0	  0.2	0.000	0.000	0.000
135	  A	  1.0	  0.0	0.000	0.000	0.000
136	  P	  0.1	  0.0	0.000	0.000	0.000
137	  V	  0.9	  0.0	0.000	0.000	0.000
138	  A	  0.8	  0.4	0.000	0.000	0.000
139	  E	  0.9	  0.4	0.000	0.000	0.000
140	  G	  0.1	  0.4	0.000	0.000	0.000
141	  F	  0.9	  0.6	0.000	0.000	0.000
142	  R	  0.9	  0.3	0.000	0.000	0.000
143	  D	  0.9	  0.3	0.000	0.000	0.000
144	  K	  2.0	  0.3	0.000	0.000	0.000
145	  V	  2.8	  0.1	0.000	0.000	0.000
146	  R	  3.1	  0.0	0.000	0.000	0.000
147	  T	  3.1	  0.0	0.150	0.000	0.000
148	  H	  3.9	  0.0	0.150	0.000	0.000
149	  V	  3.7	  0.1	0.150	0.000	0.000
150	  D	  1.8	  0.0	0.607	0.000	0.000
151	  E	  1.0	  0.0	0.607	0.000	0.000
152	  F	  2.4	  0.1	0.607	0.000	0.000
153	  R	  2.9	  0.5	0.456	0.000	0.000
154	  K	  2.2	  0.6	0.456	0.000	0.000
155	  D	  0.6	  0.6	0.456	0.000	0.000
156	  A	  0.1	  0.5	0.159	0.000	0.000
157	  A	  0.0	  0.0	0.159	0.000	0.000
158	  P	  0.0	  0.0	0.000	0.000	0.000
159	  Y	  4.7	  0.0	0.000	0.000	0.000
160	  T	  5.5	  0.1	0.823	0.000	0.000
161	  K	  5.6	  0.1	0.823	0.000	0.000
162	  E	  1.1	  0.1	0.823	0.000	0.000
163	  L	  0.3	  0.1	0.823	0.000	0.000
164	  E	  0.3	  0.1	0.823	0.000	0.000
165	  Q	  1.3	  0.1	0.823	0.000	0.000
166	  L	  1.9	  0.1	0.484	0.000	0.000
167	  F	  4.4	  0.0	0.623	0.000	0.000
168	  Y	  5.2	  0.1	0.360	0.000	0.000
169	  E	  4.7	  0.1	0.495	0.000	0.000
170	  K	  3.8	  0.1	0.495	0.000	0.000
171	  V	  6.5	  0.1	0.495	0.000	0.000
172	  Q	  7.0	  0.0	0.495	0.000	0.000
173	  L	  5.6	  0.0	0.495	0.000	0.000
174	  L	  1.0	  0.0	0.495	0.000	0.000
175	  Q	  0.5	  0.2	0.495	0.000	0.000
176	  Q	  0.4	  0.3	0.194	0.000	0.000
177	  S	  0.2	  0.4	0.000	0.000	0.000
178	  G	  0.1	  0.4	0.000	0.000	0.000
179	  L	  0.1	  0.2	0.000	0.000	0.000
180	  S	  0.1	  0.2	9.594	0.000	0.000
181	  E	  0.7	  0.1	9.594	0.000	0.000
182	  L	  1.2	  0.1	9.594	0.000	0.000
183	  T	  2.1	  0.1	9.594	0.000	0.000
184	  K	  2.0	  0.0	9.594	0.000	0.000
185	  L	  1.6	  0.1	9.594	0.000	0.000
186	  Q	  0.8	  0.1	6.161	0.000	0.000
187	  T	  0.3	  0.1	3.023	0.000	0.000
188	  E	  0.6	  0.1	3.023	0.000	0.000
189	  L	  0.6	  0.1	2.601	0.000	0.000
190	  Q	  0.8	  0.1	2.162	0.000	0.000
191	  Q	  1.0	  0.1	1.262	0.000	0.000
192	  H	  2.6	  0.1	0.305	0.000	0.000
193	  V	  3.9	  0.1	0.000	0.000	0.000
194	  S	  3.4	  0.0	0.000	0.000	0.000
195	  S	  3.5	  0.0	0.176	0.000	0.000
196	  V	  3.6	  0.1	0.176	0.000	0.000
197	  H	  3.7	  0.1	0.176	0.000	0.000
198	  E	  2.0	  0.1	0.176	0.000	0.000
199	  K	  2.0	  0.1	0.176	0.000	0.000
200	  Y	  2.1	  0.1	0.176	0.000	0.000
201	  S	  1.9	  0.2	0.192	0.000	0.000
202	  P	  0.5	  0.2	0.192	0.000	0.000
203	  L	  0.2	  0.2	0.192	0.000	0.000
204	  W	  1.5	  0.3	0.192	0.000	0.000
205	  Q	  1.6	  0.1	0.192	0.000	0.000
206	  K	  1.6	  0.1	0.192	0.000	0.000
207	  A	  0.5	  0.1	0.000	0.000	0.000
208	  H	  0.8	  0.2	0.000	0.000	0.000
209	  K	  0.7	  0.2	0.000	0.000	0.000
210	  E	  1.3	  0.2	0.000	0.000	0.000
211	  L	  1.1	  0.2	0.000	0.000	0.000
212	  Q	  1.0	  0.0	0.000	0.000	0.000
213	  P	  0.1	  0.0	0.000	0.000	0.000
214	  L	  0.1	  0.0	0.208	0.000	0.000
215	  L	  0.2	  0.1	2.052	0.000	0.000
216	  E	  0.3	  0.1	2.843	0.000	0.000
217	  R	  0.4	  0.1	2.843	0.000	0.000
218	  A	  0.4	  0.1	3.027	0.000	0.000
219	  R	  0.9	  0.1	3.027	0.000	0.000
220	  S	  1.0	  0.1	5.584	2.264	2.264
221	  L	  1.0	  0.1	5.125	19.132	19.132
222	  L	  0.9	  0.0	4.906	19.132	19.132
223	  A	  1.4	  0.0	4.906	19.132	19.132
224	  I	  3.2	  0.0	4.906	19.132	19.132
225	  I	  6.5	  0.0	4.906	18.929	18.929
226	  K	  5.8	  0.0	4.906	0.000	0.000
227	  A	  3.8	  0.1	1.470	0.000	0.000
228	  P	  0.1	  0.2	0.000	0.000	0.000
229	  E	  0.0	  0.2	0.000	0.000	0.000
230	  Q	  0.1	  0.2	0.000	0.000	0.000
231	  E	  1.1	  0.1	0.000	0.000	0.000
232	  I	  1.8	  0.1	0.000	0.000	0.000
233	  E	  1.8	  0.1	0.000	0.000	0.000
234	  Q	  1.1	  0.1	0.000	0.000	0.000
235	  Q	  0.5	  0.1	0.000	0.000	0.000
236	  S	  0.4	  0.0	0.000	0.000	0.000
237	  P	  0.0	  0.0	0.000	0.000	0.000
