res	aa	Beta	Turn	Helix	Aggregation	Conc-Stab_Aggregation
01	  D	  0.0	  0.0	0.000	0.000	0.000
02	  E	  0.0	  0.0	0.000	0.000	0.000
03	  P	  0.0	  0.1	0.000	0.000	0.000
04	  Q	  0.3	  0.1	0.000	0.000	0.000
05	  S	  0.8	  0.1	0.183	0.000	0.000
06	  Q	  2.1	  0.1	0.183	0.000	0.000
07	  W	  2.0	  0.1	0.183	0.000	0.000
08	  D	  1.6	  0.1	0.388	0.000	0.000
09	  R	  1.9	  0.1	0.388	0.000	0.000
10	  V	  3.3	  0.4	0.388	0.706	0.706
11	  K	  3.4	  0.3	0.388	0.844	0.844
12	  D	  1.8	  0.3	0.862	0.844	0.844
13	  F	  0.5	  0.5	0.862	61.338	61.338
14	  A	  1.1	  0.2	0.657	62.172	62.172
15	  T	  7.2	  0.2	0.657	62.172	62.172
16	  V	 12.9	  0.2	0.657	62.172	62.172
17	  Y	 13.6	  0.0	0.657	62.172	62.172
18	  V	  8.3	  0.1	0.126	57.243	57.243
19	  D	  2.1	  0.1	0.265	0.543	0.543
20	  A	  1.4	  0.1	0.265	0.543	0.543
21	  V	  2.4	  0.1	0.265	0.543	0.543
22	  K	  2.4	  0.3	0.265	0.543	0.543
23	  D	  1.7	  1.1	0.139	0.000	0.000
24	  S	  0.2	  1.5	0.139	0.000	0.000
25	  G	  0.1	  1.7	0.000	0.000	0.000
26	  R	  0.4	  1.5	0.000	0.000	0.000
27	  D	  0.7	  0.7	0.000	0.000	0.000
28	  Y	  2.4	  0.3	0.000	0.000	0.000
29	  V	  4.0	  0.1	0.000	0.000	0.000
30	  S	  4.1	  0.1	0.000	0.000	0.000
31	  Q	  9.7	  0.1	0.000	0.000	0.000
32	  F	  9.1	  0.2	0.000	0.000	0.000
33	  E	  8.6	  0.2	0.000	0.000	0.000
34	  S	  1.8	  0.3	0.000	0.000	0.000
35	  S	  0.6	  0.3	0.000	0.000	0.000
36	  T	  0.7	  0.4	0.448	0.000	0.000
37	  L	  0.3	  0.4	0.448	0.000	0.000
38	  G	  0.2	  0.4	0.622	0.000	0.000
39	  K	  0.2	  0.3	0.622	0.000	0.000
40	  Q	  1.1	  0.2	0.622	0.000	0.000
41	  L	  2.8	  0.1	0.622	0.000	0.000
42	  N	  3.0	  0.4	0.860	0.000	0.000
43	  L	  3.8	  0.4	0.698	0.000	0.000
44	  N	  2.1	  0.4	0.698	0.000	0.000
45	  L	  2.1	  0.4	0.238	0.000	0.000
46	  L	  0.6	  0.3	0.238	0.000	0.000
47	  D	  0.6	  0.3	0.238	0.000	0.000
48	  N	  0.8	  0.8	0.156	0.000	0.000
49	  W	  1.1	  0.9	0.156	0.000	0.000
50	  D	  1.1	  0.7	0.156	0.000	0.000
51	  T	  0.6	  0.9	0.156	0.000	0.000
52	  L	  0.2	  1.1	0.156	0.000	0.000
53	  G	  0.2	  1.1	0.156	0.000	0.000
54	  S	  0.6	  1.0	0.000	0.000	0.000
55	  T	  1.2	  1.0	0.000	0.000	0.000
56	  V	  1.3	  0.5	0.000	0.000	0.000
57	  G	  0.7	  0.4	0.322	0.000	0.000
58	  R	  0.6	  0.4	0.322	0.000	0.000
59	  L	  0.6	  0.3	0.322	0.000	0.000
60	  Q	  0.7	  0.1	0.322	0.000	0.000
61	  E	  0.2	  0.1	0.322	0.000	0.000
62	  Q	  0.2	  0.1	0.322	0.000	0.000
63	  L	  0.1	  0.1	0.142	0.000	0.000
64	  G	  0.1	  0.1	0.142	0.000	0.000
65	  P	  0.0	  0.0	0.000	0.000	0.000
66	  V	  4.1	  0.0	0.000	0.000	0.000
67	  T	  4.6	  0.1	0.189	0.000	0.000
68	  Q	  5.0	  0.1	0.189	0.000	0.000
69	  E	  1.4	  0.1	0.189	0.000	0.000
70	  F	  2.1	  0.1	0.189	0.415	0.415
71	  W	  1.9	  0.6	0.189	0.415	0.415
72	  A	  1.6	  0.7	0.189	0.415	0.415
73	  N	  0.8	  0.7	0.189	0.415	0.415
74	  L	  0.7	  0.7	0.000	0.415	0.415
75	  E	  0.8	  0.1	0.000	0.000	0.000
76	  K	  0.5	  0.2	0.000	0.000	0.000
77	  E	  0.5	  0.2	0.000	0.000	0.000
78	  T	  0.7	  0.1	1.081	0.000	0.000
79	  D	  0.5	  0.1	1.323	0.000	0.000
80	  W	  1.1	  0.0	1.323	0.000	0.000
81	  L	  1.0	  0.1	1.323	0.000	0.000
82	  R	  1.0	  0.1	1.323	0.000	0.000
83	  N	  0.3	  0.1	1.323	0.000	0.000
84	  E	  1.2	  0.1	0.741	0.000	0.000
85	  M	  1.3	  0.0	0.145	0.000	0.000
86	  N	  1.4	  1.1	0.355	0.000	0.000
87	  K	  0.3	  1.1	0.355	0.000	0.000
88	  D	  0.3	  1.1	1.277	0.000	0.000
89	  L	  0.4	  1.2	1.277	0.000	0.000
90	  E	  0.4	  0.2	1.277	0.000	0.000
91	  N	  2.8	  0.2	1.661	0.000	0.000
92	  V	  5.0	  0.2	1.441	0.000	0.000
93	  K	  5.3	  0.1	1.441	0.000	0.000
94	  Q	  3.0	  0.1	0.920	0.000	0.000
95	  K	  2.2	  0.1	0.612	0.000	0.000
96	  M	  1.9	  0.0	0.384	0.000	0.000
97	  Q	  1.6	  0.2	0.200	0.000	0.000
98	  P	  0.1	  0.2	0.000	0.000	0.000
99	  H	  0.8	  0.4	0.000	0.000	0.000
100	  L	  0.8	  0.5	0.000	0.000	0.000
101	  D	  0.9	  0.3	0.310	0.000	0.000
102	  E	  1.6	  0.3	0.574	0.000	0.000
103	  F	  2.9	  0.1	0.574	0.000	0.000
104	  Q	  3.0	  0.0	0.574	0.000	0.000
105	  E	  1.6	  0.0	0.574	0.000	0.000
106	  K	  1.0	  0.0	0.574	0.000	0.000
107	  W	  1.1	  0.0	0.574	0.000	0.000
108	  N	  0.9	  0.1	1.069	0.000	0.000
109	  E	  0.2	  0.1	0.495	0.000	0.000
110	  E	  2.4	  0.1	0.732	0.000	0.000
111	  V	  4.1	  0.1	1.612	0.000	0.000
112	  E	  4.2	  0.0	1.612	0.000	0.000
113	  A	  2.4	  0.0	1.612	0.000	0.000
114	  Y	  2.9	  0.1	1.612	0.000	0.000
115	  R	  3.1	  0.1	1.311	0.000	0.000
116	  Q	  3.0	  0.1	1.311	0.000	0.000
117	  K	  4.8	  0.1	0.373	0.000	0.000
118	  L	  4.6	  0.1	0.146	0.000	0.000
119	  E	  4.2	  0.3	0.146	0.000	0.000
120	  P	  0.1	  0.2	0.000	0.000	0.000
121	  L	  0.0	  0.3	0.000	0.000	0.000
122	  G	  0.0	  0.3	0.193	0.000	0.000
123	  T	  0.1	  0.2	1.746	0.000	0.000
124	  E	  1.5	  0.2	1.746	0.000	0.000
125	  L	  1.7	  0.1	1.746	0.000	0.000
126	  H	  1.9	  0.6	1.746	0.000	0.000
127	  K	  0.6	  0.5	1.746	0.000	0.000
128	  N	  0.4	  0.5	4.910	0.000	0.000
129	  A	  0.2	  0.6	3.592	0.000	0.000
130	  K	  0.2	  0.1	3.548	0.000	0.000
131	  E	  0.6	  0.1	3.306	0.000	0.000
132	  M	  0.7	  0.1	3.306	0.000	0.000
133	  Q	  0.9	  0.1	3.306	0.000	0.000
134	  R	  1.0	  0.1	2.133	0.000	0.000
135	  H	  1.5	  0.1	1.688	0.000	0.000
136	  L	  3.0	  0.0	0.626	0.000	0.000
137	  K	  4.6	  0.0	0.414	0.000	0.000
138	  V	  8.5	  0.0	0.000	0.000	0.000
139	  V	  7.5	  0.0	0.000	0.000	0.000
140	  A	  5.4	  0.1	0.306	0.000	0.000
141	  E	  0.8	  0.1	0.761	0.000	0.000
142	  E	  0.8	  0.1	0.761	0.000	0.000
143	  F	  1.6	  0.3	0.761	0.000	0.000
144	  R	  1.6	  0.2	0.761	0.000	0.000
145	  D	  0.8	  0.2	1.057	0.000	0.000
146	  R	  0.7	  0.2	1.057	0.000	0.000
147	  M	  3.3	  0.0	1.057	0.000	0.000
148	  R	  9.3	  0.0	0.927	0.000	0.000
149	  V	  9.5	  0.0	0.602	0.000	0.000
150	  N	  7.1	  2.6	6.383	0.000	0.000
151	  A	  0.9	  2.6	6.670	0.000	0.000
152	  D	  0.0	  2.7	9.964	0.000	0.000
153	  A	  0.3	  2.7	10.355	0.000	0.000
154	  L	  0.7	  0.2	10.355	0.000	0.000
155	  R	  0.8	  0.1	10.355	0.000	0.000
156	  A	  0.7	  0.0	9.834	0.000	0.000
157	  K	  0.5	  0.0	8.934	0.000	0.000
158	  F	  0.6	  0.1	5.093	0.251	0.251
159	  G	  0.4	  0.1	2.764	0.251	0.251
160	  L	  0.8	  0.1	0.296	0.251	0.251
161	  Y	  0.9	  0.3	0.139	0.251	0.251
162	  S	  0.9	  0.2	5.344	0.251	0.251
163	  D	  0.3	  0.2	10.506	0.000	0.000
164	  Q	  1.0	  0.2	10.648	0.000	0.000
165	  M	  1.0	  0.1	10.648	0.000	0.000
166	  R	  1.1	  0.3	10.863	0.000	0.000
167	  E	  0.2	  0.3	10.863	0.000	0.000
168	  N	  0.1	  0.3	11.979	0.000	0.000
169	  L	  0.1	  0.2	9.429	0.000	0.000
170	  A	  0.2	  0.0	8.746	0.000	0.000
171	  Q	  0.4	  0.0	7.632	0.000	0.000
172	  R	  1.1	  0.0	3.174	0.000	0.000
173	  L	  1.0	  0.1	2.299	0.000	0.000
174	  T	  0.9	  0.0	2.052	0.000	0.000
175	  E	  7.2	  0.0	2.052	0.000	0.000
176	  I	  7.4	  0.1	1.820	0.000	0.000
177	  K	  7.4	  0.1	1.820	0.000	0.000
178	  N	  0.5	  0.1	0.721	0.000	0.000
179	  H	  0.2	  0.6	0.566	0.000	0.000
180	  P	  0.0	  0.5	0.000	0.000	0.000
181	  T	  0.6	  0.5	0.163	0.000	0.000
182	  L	  0.8	  0.5	0.163	0.000	0.000
183	  I	  4.1	  0.0	0.163	0.000	0.000
184	  E	  7.3	  0.0	0.163	0.000	0.000
185	  Y	  7.9	  0.0	0.163	0.000	0.000
186	  H	  6.0	  0.0	0.163	0.000	0.000
187	  T	  2.4	  0.1	0.000	0.000	0.000
188	  K	  1.8	  0.2	0.000	0.000	0.000
189	  A	  0.7	  0.5	0.000	0.000	0.000
190	  S	  0.2	  0.5	0.000	0.000	0.000
191	  D	  0.0	  0.5	0.000	0.000	0.000
192	  H	  0.7	  0.4	0.000	0.000	0.000
193	  L	  0.9	  0.2	0.000	0.000	0.000
194	  K	  1.2	  0.1	0.000	0.000	0.000
195	  T	  0.6	  0.1	0.504	0.000	0.000
196	  L	  0.4	  0.2	0.504	0.000	0.000
197	  G	  0.2	  0.2	0.504	0.000	0.000
198	  E	  0.1	  0.2	0.504	0.000	0.000
199	  K	  0.8	  0.2	0.504	0.000	0.000
200	  A	  0.8	  0.1	0.504	0.000	0.000
201	  K	  0.7	  0.0	0.504	0.000	0.000
202	  P	  0.0	  0.0	0.000	0.000	0.000
203	  A	  0.2	  0.0	0.000	0.000	0.000
204	  L	  0.3	  0.2	0.000	0.000	0.000
205	  D	  0.3	  0.4	0.000	0.000	0.000
206	  D	  0.1	  0.8	0.000	0.000	0.000
207	  L	  0.0	  0.9	0.000	0.000	0.000
208	  G	  0.0	  1.0	0.000	0.000	0.000
209	  Q	  0.0	  0.7	0.000	0.000	0.000
210	  G	  0.0	  0.3	0.000	0.000	0.000
211	  L	  0.1	  0.2	0.000	0.000	0.000
212	  M	  0.2	  0.0	0.000	0.000	0.000
213	  P	  0.1	  0.0	0.194	0.000	0.000
214	  V	  1.6	  0.0	0.368	0.000	0.000
215	  L	  1.8	  0.0	0.839	0.000	0.000
216	  E	  1.9	  0.0	1.642	0.000	0.000
217	  A	  0.6	  0.0	1.642	0.000	0.000
218	  W	  1.1	  0.0	1.642	0.000	0.000
219	  K	  1.3	  0.0	1.448	0.000	0.000
220	  A	  1.4	  0.0	1.448	0.000	0.000
221	  K	  1.4	  0.0	1.448	0.000	0.000
222	  I	  2.8	  0.0	0.436	0.674	0.674
223	  M	  4.6	  0.0	0.436	0.674	0.674
224	  S	  4.3	  0.0	1.151	0.674	0.674
225	  M	  3.2	  0.0	1.151	0.674	0.674
226	  I	  1.1	  0.0	2.302	0.674	0.674
227	  D	  0.7	  0.1	13.241	0.000	0.000
228	  E	  0.6	  0.1	13.999	0.000	0.000
229	  A	  0.5	  0.1	13.999	0.000	0.000
230	  K	  0.6	  0.2	13.999	0.000	0.000
231	  K	  0.2	  0.1	13.786	0.000	0.000
232	  K	  0.9	  0.1	13.341	0.000	0.000
233	  L	  1.4	  0.1	9.463	0.000	0.000
234	  N	  1.3	  0.0	6.977	0.000	0.000
235	  A	  0.5	  0.0	0.385	0.000	0.000
