res	aa	Beta	Turn	Helix	Aggregation	Conc-Stab_Aggregation
01	  E	  0.0	  0.0	0.000	0.000	0.000
02	  E	  0.0	  0.0	0.000	0.000	0.000
03	  P	  0.0	  0.0	0.000	0.000	0.000
04	  Q	  0.0	  0.0	0.000	0.000	0.000
05	  S	  0.0	  6.1	0.184	0.000	0.000
06	  P	  0.0	  6.3	0.184	0.000	0.000
07	  D	  0.0	  6.3	5.025	0.000	0.000
08	  D	  0.1	  6.3	11.084	0.000	0.000
09	  R	  0.6	  0.2	11.084	0.000	0.000
10	  F	  1.3	  0.1	11.084	0.000	0.000
11	  K	  1.4	  0.1	10.900	0.000	0.000
12	  E	  1.0	  0.1	10.900	0.000	0.000
13	  Y	  1.3	  0.2	10.718	0.000	0.000
14	  M	  1.3	  0.2	10.087	0.000	0.000
15	  D	  1.9	  0.2	10.596	0.000	0.000
16	  Q	  1.9	  0.2	10.215	0.000	0.000
17	  Y	  2.4	  0.1	9.964	0.000	0.000
18	  L	  1.9	  0.0	9.160	0.000	0.000
19	  E	  0.9	  0.0	8.090	0.000	0.000
20	  K	  1.7	  0.0	7.564	0.000	0.000
21	  I	  1.9	  0.1	6.480	0.000	0.000
22	  R	  2.0	  0.0	6.480	0.000	0.000
23	  E	  0.6	  0.0	5.335	0.000	0.000
24	  I	  0.3	  0.2	4.186	0.000	0.000
25	  G	  0.2	  0.2	4.882	0.000	0.000
26	  K	  0.5	  0.2	2.481	0.000	0.000
27	  A	  0.5	  0.2	0.697	0.000	0.000
28	  E	  1.1	  0.1	0.697	0.000	0.000
29	  L	  1.3	  0.0	0.697	0.000	0.000
30	  T	  2.2	  0.1	0.697	0.000	0.000
31	  K	  3.2	  0.0	0.697	0.000	0.000
32	  L	  2.9	  0.1	0.381	0.000	0.000
33	  E	  2.1	  0.2	0.192	0.000	0.000
34	  S	  0.6	  0.1	0.939	0.000	0.000
35	  T	  0.5	  0.2	3.122	0.000	0.000
36	  E	  0.3	  0.1	3.122	0.000	0.000
37	  A	  0.9	  0.1	3.122	0.000	0.000
38	  V	  3.0	  0.1	3.122	0.000	0.000
39	  K	  3.1	  0.1	3.122	0.000	0.000
40	  Q	  3.3	  0.1	2.801	0.000	0.000
41	  L	  2.6	  0.1	1.957	0.000	0.000
42	  N	  2.7	  0.0	3.850	0.000	0.000
43	  L	  3.5	  0.0	3.594	0.000	0.000
44	  Q	  2.0	  0.0	3.385	0.000	0.000
45	  L	  1.8	  0.0	3.168	0.000	0.000
46	  A	  0.3	  0.1	3.168	0.000	0.000
47	  Q	  0.9	  0.0	3.168	0.000	0.000
48	  K	  1.6	  0.0	1.247	0.000	0.000
49	  F	  1.9	  0.5	0.241	0.000	0.000
50	  D	  1.1	  0.5	0.000	0.000	0.000
51	  D	  0.5	  1.0	0.000	0.000	0.000
52	  L	  0.5	  1.2	0.000	0.000	0.000
53	  S	  0.6	  1.9	0.000	0.000	0.000
54	  S	  0.5	  1.9	0.000	0.000	0.000
55	  N	  0.3	  1.3	0.146	0.000	0.000
56	  V	  3.9	  1.2	0.146	0.000	0.000
57	  L	  5.6	  0.0	0.146	0.000	0.000
58	  N	  6.1	  0.0	0.872	0.000	0.000
59	  L	  2.5	  0.0	0.872	0.000	0.000
60	  R	  0.8	  0.1	0.872	0.000	0.000
61	  E	  0.1	  0.1	0.727	0.000	0.000
62	  Q	  2.5	  0.1	0.727	0.000	0.000
63	  L	  2.6	  0.1	0.727	0.000	0.000
64	  Q	  2.6	  0.0	0.584	0.000	0.000
65	  P	  0.1	  0.0	0.000	0.000	0.000
66	  Y	  2.3	  0.0	0.000	0.000	0.000
67	  V	  4.3	  0.3	0.000	0.000	0.000
68	  K	  4.4	  0.3	0.000	0.000	0.000
69	  N	  4.4	  0.3	0.000	0.000	0.000
70	  F	  3.1	  0.3	0.000	0.000	0.000
71	  R	  2.9	  0.1	0.000	0.000	0.000
72	  E	  0.7	  0.1	0.000	0.000	0.000
73	  Q	  0.8	  0.1	0.000	0.000	0.000
74	  V	  4.0	  0.1	0.000	0.000	0.000
75	  V	  5.7	  0.0	0.000	0.000	0.000
76	  K	  5.1	  0.1	0.000	0.000	0.000
77	  E	  2.0	  0.1	0.000	0.000	0.000
78	  L	  0.4	  0.1	0.000	0.000	0.000
79	  V	  0.3	  0.5	0.000	0.000	0.000
80	  G	  0.3	  0.5	0.000	0.000	0.000
81	  D	  0.8	  0.8	0.000	0.000	0.000
82	  I	  2.5	  0.8	0.000	0.000	0.000
83	  S	  2.9	  0.5	0.901	0.000	0.000
84	  A	  2.2	  0.7	0.901	0.000	0.000
85	  E	  0.5	  0.4	0.901	0.000	0.000
86	  N	  0.1	  0.6	2.886	0.000	0.000
87	  A	  0.1	  0.5	2.886	0.000	0.000
88	  E	  0.2	  0.2	2.886	0.000	0.000
89	  A	  0.2	  0.4	2.570	0.000	0.000
90	  A	  0.7	  0.2	2.419	0.000	0.000
91	  S	  0.9	  0.2	2.912	0.000	0.000
92	  L	  0.9	  0.2	1.939	0.000	0.000
93	  L	  0.4	  0.1	1.531	0.000	0.000
94	  G	  0.1	  0.1	1.249	0.000	0.000
95	  Q	  1.3	  0.1	0.986	0.000	0.000
96	  L	  1.6	  0.1	0.658	0.000	0.000
97	  Y	  3.9	  0.0	0.658	0.000	0.000
98	  Q	  3.5	  0.0	0.658	0.000	0.000
99	  R	  3.6	  0.0	0.404	0.000	0.000
100	  W	  1.3	  0.5	0.240	0.000	0.000
101	  K	  0.5	  0.5	0.240	0.000	0.000
102	  G	  0.1	  0.5	0.000	0.000	0.000
103	  H	  1.8	  0.5	0.000	0.000	0.000
104	  V	  2.5	  0.3	0.000	0.000	0.000
105	  A	  2.5	  0.3	0.000	0.000	0.000
106	  G	  0.8	  0.3	0.825	0.000	0.000
107	  Y	  1.3	  0.4	0.825	0.000	0.000
108	  Q	  1.5	  0.1	0.825	0.000	0.000
109	  E	  1.5	  0.1	0.825	0.000	0.000
110	  K	  0.4	  0.3	0.825	0.000	0.000
111	  A	  0.2	  0.3	0.825	0.000	0.000
112	  N	  0.2	  0.6	0.825	0.000	0.000
113	  S	  0.3	  0.8	0.271	0.000	0.000
114	  L	  0.2	  0.6	0.000	0.000	0.000
115	  G	  0.2	  0.6	0.353	0.000	0.000
116	  Q	  0.1	  0.4	0.353	0.000	0.000
117	  E	  0.5	  0.1	0.526	0.000	0.000
118	  L	  0.7	  0.1	0.526	0.000	0.000
119	  Q	  0.9	  0.1	0.861	0.000	0.000
120	  Q	  0.6	  0.1	0.861	0.000	0.000
121	  Q	  0.7	  0.1	0.697	0.000	0.000
122	  A	  0.4	  0.1	0.507	0.000	0.000
123	  K	  0.4	  0.3	0.507	0.000	0.000
124	  E	  0.1	  0.2	0.507	0.000	0.000
125	  N	  0.3	  1.0	0.507	0.000	0.000
126	  L	  0.5	  1.0	0.000	0.000	0.000
127	  D	  1.1	  0.9	0.000	0.000	0.000
128	  S	 21.8	  0.9	0.108	0.000	0.000
129	  F	 23.4	  0.2	0.108	0.000	0.000
130	  S	 23.1	  0.1	0.108	0.000	0.000
131	  Q	  3.2	  0.1	0.108	0.000	0.000
132	  K	  3.5	  0.1	0.108	0.000	0.000
133	  V	  3.7	  0.0	0.108	0.000	0.000
134	  Q	  3.1	  0.0	0.108	0.000	0.000
135	  P	  0.4	  0.0	0.000	0.000	0.000
136	  L	  0.1	  0.0	0.000	0.000	0.000
137	  L	  0.1	  0.1	0.000	0.000	0.000
138	  E	  0.2	  0.1	0.000	0.000	0.000
139	  E	  0.9	  0.1	0.168	0.000	0.000
140	  F	  1.7	  0.4	0.168	0.000	0.000
141	  R	  1.6	  0.2	0.168	0.000	0.000
142	  D	  0.8	  0.3	0.168	0.000	0.000
143	  K	  0.8	  0.3	0.168	0.000	0.000
144	  L	  5.4	  0.1	0.168	0.000	0.000
145	  R	  8.7	  0.1	0.168	0.000	0.000
146	  I	  8.8	  0.0	0.000	0.000	0.000
147	  E	  4.4	  0.1	0.000	0.000	0.000
148	  A	  1.1	  0.2	0.142	0.000	0.000
149	  D	  0.7	  0.2	1.002	0.000	0.000
150	  T	  8.6	  0.2	2.069	0.000	0.000
151	  V	  9.8	  0.0	2.069	0.000	0.000
152	  R	  9.4	  0.0	2.069	0.000	0.000
153	  A	  1.7	  0.0	2.069	0.000	0.000
154	  K	  1.4	  0.0	2.069	0.000	0.000
155	  L	  1.4	  0.0	1.400	0.000	0.000
156	  I	  1.1	  0.0	0.599	0.000	0.000
157	  P	  0.1	  0.0	0.000	0.000	0.000
158	  Y	  1.6	  0.1	0.000	0.000	0.000
159	  V	  2.0	  0.1	0.000	0.000	0.000
160	  D	  2.0	  0.1	0.720	0.000	0.000
161	  D	  0.9	  0.1	0.911	0.000	0.000
162	  M	  0.8	  0.1	0.911	0.000	0.000
163	  R	  1.1	  0.1	0.911	0.000	0.000
164	  Q	  0.9	  0.1	0.911	0.000	0.000
165	  K	  1.3	  0.1	0.911	0.000	0.000
166	  T	 17.5	  0.1	0.317	0.000	0.000
167	  V	 19.2	  0.1	0.317	0.000	0.000
168	  K	 18.6	  0.0	0.317	0.000	0.000
169	  Q	  2.7	  0.1	0.000	0.000	0.000
170	  Q	  0.5	  0.1	0.000	0.000	0.000
171	  E	  0.4	  0.1	0.146	0.000	0.000
172	  Q	  1.0	  0.1	0.146	0.000	0.000
173	  L	  1.0	  0.1	0.146	0.000	0.000
174	  R	  1.0	  0.1	0.146	0.000	0.000
175	  E	  0.2	  0.1	0.146	0.000	0.000
176	  K	  0.6	  0.1	0.146	0.000	0.000
177	  V	  0.8	  0.1	0.000	0.325	0.325
178	  G	  0.7	  0.0	0.000	0.325	0.325
179	  S	  1.0	  0.0	0.000	0.325	0.325
180	  W	  1.8	  0.0	0.000	0.325	0.325
181	  V	  2.4	  0.1	0.000	0.325	0.325
182	  Q	  2.1	  0.1	0.000	0.000	0.000
183	  E	  1.2	  0.1	0.000	0.000	0.000
184	  Y	  0.6	  0.5	0.000	0.000	0.000
185	  G	  0.2	  0.5	0.000	0.000	0.000
186	  E	  0.2	  0.5	0.000	0.000	0.000
187	  H	  0.9	  0.5	0.000	0.000	0.000
188	  L	  1.2	  0.1	0.000	0.000	0.000
189	  S	  3.8	  0.6	0.000	0.000	0.000
190	  K	  3.4	  0.6	0.000	0.000	0.000
191	  S	  5.0	  0.6	0.000	0.000	0.000
192	  I	  3.1	  0.6	0.000	0.000	0.000
193	  E	  2.7	  0.1	0.000	0.000	0.000
194	  K	  0.9	  0.1	0.000	0.000	0.000
195	  L	  0.3	  0.4	0.000	0.203	0.203
196	  G	  0.2	  0.5	0.000	0.203	0.203
197	  S	  0.3	  0.4	0.000	0.203	0.203
198	  L	  0.5	  0.4	0.000	0.203	0.203
199	  L	  0.5	  0.6	0.000	0.203	0.203
200	  Q	  0.3	  0.5	0.000	0.000	0.000
201	  G	  0.1	  0.5	0.000	0.000	0.000
202	  W	  0.6	  0.6	0.000	0.000	0.000
203	  K	  0.6	  0.1	0.000	0.000	0.000
204	  E	  0.6	  0.1	0.000	0.000	0.000
205	  Q	  0.2	  0.1	0.000	0.000	0.000
206	  V	  0.1	  0.1	0.000	0.000	0.000
207	  P	  0.1	  0.0	0.000	0.000	0.000
208	  H	  0.2	  0.0	0.000	0.000	0.000
209	  A	  0.2	  0.1	0.000	0.000	0.000
210	  E	  0.2	  0.1	0.000	0.000	0.000
211	  E	  0.4	  0.1	0.000	0.000	0.000
212	  L	  0.7	  0.2	0.000	0.000	0.000
213	  Q	  1.0	  0.1	0.000	0.000	0.000
214	  S	  0.8	  0.2	0.205	0.000	0.000
215	  K	  2.6	  0.2	0.205	0.000	0.000
216	  L	  2.7	  0.1	0.205	1.252	1.252
217	  T	  3.4	  0.1	0.205	1.252	1.252
218	  T	  2.2	  0.0	1.892	1.252	1.252
219	  L	  2.0	  0.0	1.892	1.252	1.252
220	  M	  2.0	  0.0	1.892	1.252	1.252
221	  E	  1.2	  0.0	1.892	0.000	0.000
222	  F	  2.3	  0.0	1.892	0.000	0.000
223	  L	  1.5	  0.0	1.892	0.000	0.000
224	  R	  1.6	  0.1	1.728	0.000	0.000
225	  T	  0.9	  0.1	0.968	0.000	0.000
226	  R	  1.1	  0.1	0.968	0.000	0.000
227	  L	  0.9	  0.0	0.665	0.000	0.000
228	  A	  0.4	  0.2	0.346	0.000	0.000
229	  P	  0.0	  0.2	0.000	0.000	0.000
230	  T	  0.0	  0.2	0.000	0.000	0.000
231	  V	  0.0	  0.2	0.000	0.000	0.000
