res	aa	Beta	Turn	Helix	Aggregation	Conc-Stab_Aggregation
01	  D	  0.0	  0.0	0.000	0.000	0.000
02	  E	  0.0	  0.0	0.000	0.000	0.000
03	  P	  0.0	  0.1	0.000	0.000	0.000
04	  E	  0.1	  0.1	0.000	0.000	0.000
05	  S	  0.6	  0.1	0.503	0.000	0.000
06	  Q	  1.9	  0.1	0.503	0.000	0.000
07	  W	  2.0	  0.1	0.503	0.000	0.000
08	  D	  1.6	  0.1	0.646	0.000	0.000
09	  R	  1.9	  0.1	0.646	0.000	0.000
10	  V	  3.2	  0.2	0.646	0.252	0.252
11	  K	  3.2	  0.1	0.646	0.252	0.252
12	  D	  1.6	  0.1	5.137	0.252	0.252
13	  L	  0.1	  0.1	4.991	23.527	23.527
14	  A	  0.6	  0.0	4.991	24.254	24.254
15	  T	  1.8	  0.0	4.991	24.254	24.254
16	  L	  2.5	  0.0	4.991	24.254	24.254
17	  Y	  3.4	  0.1	4.991	24.254	24.254
18	  V	  3.4	  0.1	1.450	22.363	22.363
19	  D	  2.8	  0.1	1.297	0.000	0.000
20	  S	  2.3	  0.1	0.776	0.000	0.000
21	  I	  1.4	  0.4	0.392	0.000	0.000
22	  K	  1.2	  0.5	0.392	0.000	0.000
23	  D	  0.3	  2.5	0.000	0.000	0.000
24	  G	  0.0	  2.6	0.000	0.000	0.000
25	  G	  0.0	  2.2	0.000	0.000	0.000
26	  R	  0.2	  2.1	0.000	0.000	0.000
27	  E	  0.3	  0.2	0.000	0.000	0.000
28	  Y	  2.9	  0.1	0.000	0.794	0.794
29	  V	  4.3	  0.0	0.000	0.794	0.794
30	  A	  4.5	  0.0	0.000	0.794	0.794
31	  Q	  9.0	  0.0	0.000	0.794	0.794
32	  F	  9.8	  0.0	0.134	0.794	0.794
33	  E	  9.6	  0.0	0.382	0.000	0.000
34	  A	  2.8	  0.1	0.382	0.000	0.000
35	  S	  0.5	  0.3	1.068	0.000	0.000
36	  A	  0.4	  0.4	1.068	0.000	0.000
37	  L	  0.2	  0.5	1.068	0.000	0.000
38	  G	  0.1	  0.5	1.068	0.000	0.000
39	  K	  0.2	  0.3	0.934	0.000	0.000
40	  Q	  1.1	  0.2	0.686	0.000	0.000
41	  L	  2.8	  0.1	0.445	0.000	0.000
42	  N	  3.0	  0.0	1.404	0.000	0.000
43	  L	  3.6	  0.0	1.251	0.000	0.000
44	  K	  2.2	  0.0	1.114	0.000	0.000
45	  L	  2.2	  0.0	0.959	0.000	0.000
46	  L	  0.8	  0.2	0.959	0.000	0.000
47	  D	  0.5	  0.2	0.959	0.000	0.000
48	  N	  0.4	  1.1	0.492	0.000	0.000
49	  L	  0.6	  1.1	0.134	0.000	0.000
50	  D	  0.6	  1.1	0.134	0.000	0.000
51	  S	  5.6	  1.3	0.000	0.000	0.000
52	  L	  5.4	  0.4	0.000	0.542	0.542
53	  S	  6.1	  0.4	0.000	0.542	0.542
54	  T	  3.0	  0.3	0.000	0.542	0.542
55	  T	 13.3	  0.1	0.000	0.542	0.542
56	  V	 14.4	  0.0	0.000	0.542	0.542
57	  T	 14.1	  0.0	0.331	0.200	0.200
58	  K	  5.4	  0.0	0.331	0.000	0.000
59	  V	  3.9	  0.0	0.331	0.000	0.000
60	  R	  2.2	  0.1	0.331	0.000	0.000
61	  E	  0.5	  0.1	0.331	0.000	0.000
62	  Q	  0.1	  0.1	0.331	0.000	0.000
63	  L	  0.1	  0.1	0.156	0.000	0.000
64	  G	  0.1	  0.1	0.156	0.000	0.000
65	  P	  0.0	  0.0	0.000	0.000	0.000
66	  V	  4.1	  0.0	0.000	0.000	0.000
67	  T	  4.6	  0.1	0.000	0.000	0.000
68	  Q	  5.0	  0.1	0.000	0.000	0.000
69	  E	  1.4	  0.1	0.000	0.000	0.000
70	  F	  2.1	  0.1	0.000	0.000	0.000
71	  W	  2.1	  0.2	0.000	0.000	0.000
72	  D	  1.7	  0.2	0.140	0.000	0.000
73	  T	  1.6	  0.2	0.273	0.000	0.000
74	  L	  1.4	  0.2	0.273	0.000	0.000
75	  E	  1.5	  0.1	0.273	0.000	0.000
76	  K	  0.5	  0.1	0.504	0.000	0.000
77	  E	  0.4	  0.1	0.649	0.000	0.000
78	  T	  0.7	  0.1	4.589	0.000	0.000
79	  E	  1.0	  0.1	4.589	0.000	0.000
80	  V	  3.0	  0.0	4.589	0.000	0.000
81	  L	  2.9	  0.0	4.589	0.000	0.000
82	  R	  2.7	  0.1	4.589	0.000	0.000
83	  Q	  0.7	  0.1	4.589	0.000	0.000
84	  E	  1.4	  0.1	1.658	0.000	0.000
85	  M	  1.3	  0.0	0.940	0.000	0.000
86	  N	  1.2	  0.9	1.028	0.000	0.000
87	  K	  0.2	  0.9	0.723	0.000	0.000
88	  D	  0.3	  0.9	4.799	0.000	0.000
89	  L	  0.3	  0.9	5.073	0.000	0.000
90	  E	  0.3	  0.1	5.373	0.000	0.000
91	  E	 13.5	  0.0	5.518	0.000	0.000
92	  V	 15.4	  0.1	5.375	0.000	0.000
93	  K	 15.6	  0.0	5.375	0.000	0.000
94	  Q	  3.0	  0.0	4.286	0.000	0.000
95	  K	  3.6	  0.0	3.439	0.000	0.000
96	  V	  3.7	  0.0	1.376	0.000	0.000
97	  Q	  3.2	  0.0	1.376	0.000	0.000
98	  P	  0.4	  0.0	0.000	0.000	0.000
99	  Y	  1.0	  0.1	0.000	0.000	0.000
100	  L	  1.0	  0.5	0.000	0.000	0.000
101	  D	  1.1	  0.5	2.149	0.000	0.000
102	  D	  0.8	  0.5	7.041	0.000	0.000
103	  F	  2.7	  0.4	7.041	0.000	0.000
104	  Q	  2.8	  0.0	7.041	0.000	0.000
105	  K	  2.2	  0.0	7.041	0.000	0.000
106	  K	  0.7	  0.0	7.041	0.000	0.000
107	  W	  1.2	  0.0	6.327	0.000	0.000
108	  H	  1.2	  0.1	4.995	0.000	0.000
109	  E	  0.8	  0.1	2.671	0.000	0.000
110	  E	  2.3	  0.1	1.714	0.000	0.000
111	  V	  5.2	  0.2	0.709	0.000	0.000
112	  E	  5.6	  0.1	0.709	0.000	0.000
113	  H	  6.6	  0.1	0.428	0.000	0.000
114	  Y	  5.9	  0.1	0.266	0.000	0.000
115	  R	  5.7	  0.1	0.000	0.000	0.000
116	  Q	  3.2	  0.1	0.000	0.000	0.000
117	  K	  3.3	  0.1	0.000	0.000	0.000
118	  V	  3.4	  0.0	0.000	0.000	0.000
119	  S	  2.8	  0.6	0.000	0.000	0.000
120	  P	  0.4	  0.6	0.000	0.000	0.000
121	  L	  0.0	  0.7	0.000	0.000	0.000
122	  G	  0.0	  0.8	0.568	0.000	0.000
123	  E	  0.0	  0.2	0.568	0.000	0.000
124	  E	  0.3	  0.2	0.568	0.000	0.000
125	  L	  0.5	  0.6	0.568	0.000	0.000
126	  R	  0.5	  0.8	1.144	0.000	0.000
127	  D	  0.2	  0.9	1.144	0.000	0.000
128	  G	  0.0	  0.9	0.958	0.000	0.000
129	  A	  0.2	  0.5	0.777	0.000	0.000
130	  R	  0.4	  0.3	0.777	0.000	0.000
131	  R	  0.4	  0.2	0.777	0.000	0.000
132	  G	  0.3	  0.2	1.787	0.000	0.000
133	  L	  0.3	  0.3	1.410	0.000	0.000
134	  K	  0.3	  0.2	1.010	0.000	0.000
135	  D	  0.4	  0.2	1.696	0.000	0.000
136	  L	  0.3	  0.3	1.696	0.000	0.000
137	  Q	  0.3	  0.1	1.696	0.000	0.000
138	  E	  0.3	  0.1	1.451	0.000	0.000
139	  K	  1.9	  0.1	1.244	0.000	0.000
140	  L	  1.9	  0.1	0.962	0.000	0.000
141	  R	  1.8	  0.4	0.786	0.000	0.000
142	  P	  0.2	  0.4	0.000	0.000	0.000
143	  L	  0.0	  0.4	0.000	0.000	0.000
144	  G	  0.0	  0.5	4.169	0.000	0.000
145	  E	  0.0	  0.2	4.639	0.000	0.000
146	  E	  0.3	  0.2	5.275	0.000	0.000
147	  L	  0.5	  0.3	5.275	0.000	0.000
148	  R	  0.5	  0.2	5.477	0.000	0.000
149	  D	  0.2	  0.2	5.477	0.000	0.000
150	  R	  0.2	  0.2	5.035	0.000	0.000
151	  A	  0.3	  0.2	4.697	0.000	0.000
152	  R	  0.8	  0.2	3.958	0.000	0.000
153	  S	  1.1	  0.1	2.108	0.000	0.000
154	  H	  2.6	  0.1	0.399	0.000	0.000
155	  V	  3.5	  0.0	0.000	0.000	0.000
156	  A	  3.2	  0.0	0.181	0.000	0.000
157	  A	  1.8	  0.0	0.181	0.000	0.000
158	  L	  2.2	  0.0	0.181	0.000	0.000
159	  R	  2.5	  0.0	0.181	0.000	0.000
160	  L	  4.0	  0.0	0.181	0.000	0.000
161	  Q	  2.6	  0.0	0.181	0.000	0.000
162	  L	  2.1	  0.0	0.000	0.000	0.000
163	  A	  0.4	  0.1	0.000	0.000	0.000
164	  P	  0.0	  0.1	0.000	0.000	0.000
165	  Y	  0.2	  0.2	0.000	0.000	0.000
166	  S	  0.2	  0.3	22.296	0.000	0.000
167	  D	  0.2	  0.3	35.678	0.000	0.000
168	  E	  0.2	  0.3	38.411	0.000	0.000
169	  L	  0.4	  0.1	38.411	0.000	0.000
170	  R	  0.7	  0.1	38.411	0.000	0.000
171	  Q	  0.7	  0.1	38.411	0.000	0.000
172	  R	  0.6	  0.1	37.213	0.000	0.000
173	  L	  0.3	  0.0	35.650	0.000	0.000
174	  A	  0.3	  0.0	33.790	0.000	0.000
175	  T	  0.5	  0.0	29.892	0.000	0.000
176	  R	  0.8	  0.0	29.314	0.000	0.000
177	  L	  0.9	  0.0	25.101	0.000	0.000
178	  Q	  0.7	  0.0	22.382	0.000	0.000
179	  A	  0.6	  0.0	17.705	0.000	0.000
180	  L	  0.4	  0.2	15.875	0.000	0.000
181	  K	  0.3	  0.2	13.506	0.000	0.000
182	  D	  0.2	  1.4	8.199	0.000	0.000
183	  S	  0.2	  1.4	2.891	0.000	0.000
184	  S	  0.9	  1.4	0.759	0.000	0.000
185	  A	  1.3	  1.3	0.194	0.000	0.000
186	  T	  7.1	  0.2	0.194	0.000	0.000
187	  L	  6.4	  0.7	0.194	0.000	0.000
188	  S	  5.9	  0.5	0.194	0.000	0.000
189	  D	  0.3	  0.5	0.000	0.000	0.000
190	  Y	  0.9	  0.6	0.000	0.000	0.000
191	  H	  1.0	  0.1	0.000	0.000	0.000
192	  S	  0.9	  0.2	0.211	0.000	0.000
193	  K	  0.4	  0.2	0.211	0.000	0.000
194	  A	  0.3	  0.2	0.211	0.000	0.000
195	  S	  0.3	  0.2	3.297	0.000	0.000
196	  E	  0.2	  0.2	3.616	0.000	0.000
197	  R	  0.9	  0.2	3.616	0.000	0.000
198	  L	  0.8	  0.1	3.405	0.000	0.000
199	  R	  0.8	  0.2	3.405	0.000	0.000
200	  E	  0.1	  0.2	3.405	0.000	0.000
201	  L	  0.1	  0.2	2.498	0.000	0.000
202	  G	  0.0	  0.2	1.804	0.000	0.000
203	  E	  0.1	  0.1	1.289	0.000	0.000
204	  K	  9.0	  0.1	0.537	0.000	0.000
205	  V	  9.7	  0.1	0.164	0.000	0.000
206	  K	  9.6	  0.0	0.164	0.000	0.000
207	  P	  0.7	  0.0	0.000	0.000	0.000
208	  V	  1.5	  0.0	0.000	0.000	0.000
209	  L	  1.6	  0.3	0.182	0.000	0.000
210	  E	  1.6	  0.3	0.182	0.000	0.000
211	  D	  0.5	  0.3	0.182	0.000	0.000
212	  L	  0.8	  0.4	0.182	0.000	0.000
213	  R	  0.8	  0.3	0.182	0.000	0.000
214	  Q	  0.4	  0.3	0.182	0.000	0.000
215	  G	  0.1	  0.3	0.000	0.000	0.000
216	  L	  0.1	  0.1	0.000	0.000	0.000
217	  L	  0.1	  0.3	0.000	0.000	0.000
218	  P	  0.1	  0.3	0.000	0.000	0.000
219	  L	  0.1	  0.3	0.000	0.222	0.222
220	  W	  1.0	  0.6	0.415	0.258	0.258
221	  E	  1.0	  0.3	0.415	0.258	0.258
222	  S	  1.5	  0.3	0.415	0.258	0.258
223	  L	  2.6	  0.3	0.415	0.334	0.334
224	  K	  3.0	  0.0	0.415	0.370	0.370
225	  V	  2.9	  0.0	0.415	69.272	69.272
226	  G	  0.9	  0.0	0.566	75.352	75.352
227	  V	  1.7	  0.0	0.151	84.954	84.954
228	  L	  1.7	  0.0	0.151	84.954	84.954
229	  A	  2.3	  0.0	0.151	84.954	84.954
230	  V	  4.8	  0.0	0.151	84.772	84.772
231	  F	  5.1	  0.1	0.388	71.678	71.678
232	  E	  4.4	  0.1	0.865	0.112	0.112
233	  E	  1.0	  0.1	0.865	0.000	0.000
234	  A	  0.6	  0.1	0.865	0.000	0.000
235	  T	  1.7	  0.1	0.865	0.000	0.000
236	  K	  1.5	  0.1	0.865	0.000	0.000
237	  K	  3.4	  0.1	0.865	0.000	0.000
238	  L	  3.1	  0.1	0.156	0.000	0.000
239	  T	  4.3	  0.0	0.000	0.000	0.000
240	  A	  2.2	  0.0	0.000	0.000	0.000
241	  Q	  1.3	  0.0	0.000	0.000	0.000
