res	aa	Beta	Turn	Helix	Aggregation	Conc-Stab_Aggregation
01	  E	  0.0	  0.0	0.000	0.000	0.000
02	  P	  0.0	  0.0	0.000	0.000	0.000
03	  Q	  0.0	  0.0	0.000	0.000	0.000
04	  K	  0.0	  0.0	0.000	0.000	0.000
05	  R	  0.0	  0.0	 -nan	0.000	0.000
06	  L	  0.0	  0.0	 -nan	0.000	0.000
07	  D	  0.0	  0.0	 -nan	0.000	0.000
08	  N	  0.0	  0.0	 -nan	0.000	0.000
09	  L	  0.0	  0.0	 -nan	0.000	0.000
10	  K	  0.0	  0.0	 -nan	0.000	0.000
11	  N	  0.0	  0.0	 -nan	0.000	0.000
12	  T	  0.0	  0.0	 -nan	0.000	0.000
13	  L	  0.0	  0.0	 -nan	0.000	0.000
14	  Q	  0.0	  0.0	 -nan	0.000	0.000
15	  N	  0.0	  0.0	 -nan	0.000	0.000
16	  Y	  0.0	  0.0	 -nan	0.000	0.000
17	  F	  0.0	  0.0	 -nan	0.000	0.000
18	  S	  0.0	  0.0	0.000	0.000	0.000
19	  Q	  0.0	  0.0	0.000	0.000	0.000
20	  V	  0.3	  0.1	0.000	0.000	0.000
21	  S	  0.3	  0.2	0.721	0.000	0.000
22	  D	  0.3	  0.3	0.721	0.000	0.000
23	  K	  0.2	  0.3	0.721	0.000	0.000
24	  A	  0.2	  0.3	0.721	0.000	0.000
25	  R	  0.3	  0.2	0.721	0.000	0.000
26	  D	  0.9	  0.2	0.721	0.000	0.000
27	  T	  5.3	  0.2	0.000	0.000	0.000
28	  I	  5.8	  0.1	0.000	0.000	0.000
29	  E	  5.2	  0.0	0.000	0.000	0.000
30	  H	  6.5	  0.2	0.000	0.000	0.000
31	  I	  6.0	  0.2	0.000	0.000	0.000
32	  D	  5.8	  0.5	0.000	0.000	0.000
33	  N	  0.2	  0.6	0.000	0.000	0.000
34	  S	  0.2	  0.6	0.000	0.000	0.000
35	  E	  0.2	  0.5	0.000	0.000	0.000
36	  F	  0.3	  0.4	0.000	0.000	0.000
37	  G	  0.2	  0.4	0.000	0.000	0.000
38	  K	  0.3	  0.3	0.000	0.000	0.000
39	  Q	  1.0	  0.3	0.000	0.000	0.000
40	  L	  2.4	  0.1	0.000	0.796	0.796
41	  N	  2.6	  0.0	0.000	0.796	0.796
42	  L	  5.7	  0.0	0.000	0.796	0.796
43	  T	 17.1	  0.0	0.000	0.796	0.796
44	  I	 17.0	  0.0	0.000	0.796	0.796
45	  S	 13.6	  0.7	0.122	0.000	0.000
46	  E	  0.4	  0.8	0.122	0.000	0.000
47	  S	  1.2	  0.8	1.388	0.000	0.000
48	  L	  1.1	  0.8	1.388	0.000	0.000
49	  E	  1.2	  0.1	1.388	0.000	0.000
50	  K	  1.0	  0.3	1.388	0.000	0.000
51	  L	  1.0	  6.7	1.266	0.000	0.000
52	  N	  0.9	  6.7	1.266	0.000	0.000
53	  G	  0.2	  6.7	1.280	0.000	0.000
54	  Y	  1.0	  6.4	0.897	0.000	0.000
55	  V	  1.7	  0.0	0.500	0.000	0.000
56	  T	  1.8	  0.0	1.127	0.000	0.000
57	  E	  1.2	  0.0	1.127	0.000	0.000
58	  L	  0.6	  0.1	1.127	0.000	0.000
59	  Q	  0.9	  0.1	1.127	0.000	0.000
60	  R	  5.9	  0.0	0.949	0.000	0.000
61	  I	 11.5	  0.0	0.774	0.000	0.000
62	  V	 11.4	  0.0	0.774	0.000	0.000
63	  S	  6.2	  0.1	0.774	0.000	0.000
64	  P	  0.3	  0.1	0.000	0.000	0.000
65	  L	  0.0	  0.3	0.000	0.000	0.000
66	  S	  0.0	  0.3	15.738	0.000	0.000
67	  D	  0.1	  0.2	28.470	0.000	0.000
68	  E	  0.9	  0.2	29.893	0.000	0.000
69	  I	  1.1	  0.1	30.125	0.000	0.000
70	  R	  1.2	  0.1	30.125	0.000	0.000
71	  E	  0.4	  0.1	30.125	0.000	0.000
72	  R	  0.5	  0.1	29.849	0.000	0.000
73	  L	  0.6	  0.1	28.854	0.000	0.000
74	  Q	  0.6	  0.2	27.112	0.000	0.000
75	  K	  0.3	  0.2	20.042	0.000	0.000
76	  D	  0.1	  0.2	12.387	0.000	0.000
77	  R	  0.4	  0.2	9.352	0.000	0.000
78	  L	  1.9	  0.1	8.006	0.000	0.000
79	  Q	  3.3	  0.1	6.677	0.000	0.000
80	  L	  3.0	  0.1	4.061	0.000	0.000
81	  E	  1.6	  0.1	3.378	0.000	0.000
82	  E	  0.2	  0.1	2.475	0.000	0.000
83	  K	  0.8	  0.1	1.415	0.000	0.000
84	  I	  0.9	  0.1	0.463	0.000	0.000
85	  Q	  0.9	  0.1	0.463	0.000	0.000
86	  T	  0.5	  0.1	0.176	0.000	0.000
87	  D	  0.4	  0.1	1.323	0.000	0.000
88	  L	  0.4	  0.2	1.323	0.000	0.000
89	  K	  0.4	  0.1	1.323	0.000	0.000
90	  E	  3.3	  0.1	1.469	0.000	0.000
91	  F	  5.8	  0.1	1.469	0.000	0.000
92	  K	  9.7	  0.0	1.293	0.000	0.000
93	  V	 13.5	  0.0	0.959	0.000	0.000
94	  K	 11.5	  0.0	0.959	0.000	0.000
95	  I	  8.9	  0.0	0.824	0.525	0.525
96	  L	  3.6	  0.0	0.824	0.525	0.525
97	  Q	  6.1	  0.0	0.661	0.525	0.525
98	  Y	  7.9	  0.0	0.479	0.525	0.525
99	  T	  6.5	  0.3	0.324	0.525	0.525
100	  S	  3.3	  0.3	0.553	0.000	0.000
101	  D	  0.5	  0.3	0.851	0.000	0.000
102	  L	  0.6	  0.4	0.851	0.000	0.000
103	  R	  0.7	  0.2	0.851	0.000	0.000
104	  N	  0.4	  0.2	0.851	0.000	0.000
105	  K	  2.0	  0.2	0.669	0.000	0.000
106	  V	  5.6	  0.0	0.298	0.413	0.413
107	  N	  5.8	  0.2	0.298	0.413	0.413
108	  L	  6.0	  0.2	0.000	0.413	0.413
109	  S	  6.3	  0.2	0.226	0.413	0.413
110	  V	  6.6	  0.2	0.226	0.413	0.413
111	  E	  4.8	  0.1	0.226	0.000	0.000
112	  T	  2.0	  0.1	0.226	0.000	0.000
113	  S	  1.8	  0.1	0.226	0.000	0.000
114	  Q	  3.1	  0.1	0.226	0.000	0.000
115	  F	  2.9	  0.1	0.000	0.000	0.000
116	  M	  2.6	  0.0	0.000	0.000	0.000
117	  L	  1.4	  0.0	0.000	0.000	0.000
118	  E	  0.4	  0.0	0.000	0.000	0.000
119	  P	  0.1	  0.0	0.000	0.000	0.000
120	  L	  0.1	  0.2	0.000	0.000	0.000
121	  A	  0.1	  0.3	0.000	0.000	0.000
122	  N	  0.5	  0.3	0.000	0.000	0.000
123	  S	  0.9	  0.3	0.336	0.000	0.000
124	  I	  1.0	  0.1	0.336	0.000	0.000
125	  Q	  0.7	  0.1	0.336	0.000	0.000
126	  E	  0.2	  0.1	0.336	0.000	0.000
127	  Q	  0.5	  0.1	0.336	0.000	0.000
128	  V	  2.8	  0.0	0.336	0.000	0.000
129	  I	  2.9	  0.1	0.336	0.000	0.000
130	  Q	  2.6	  0.1	0.336	0.000	0.000
131	  N	  0.2	  0.1	0.336	0.000	0.000
132	  A	  0.2	  0.2	0.000	0.000	0.000
133	  K	  0.5	  0.2	0.000	0.000	0.000
134	  S	  1.1	  0.1	0.000	0.000	0.000
135	  L	  1.2	  0.2	0.000	0.000	0.000
136	  H	  1.3	  0.1	0.000	0.000	0.000
137	  Q	  1.0	  0.1	0.000	0.000	0.000
138	  K	  4.3	  0.1	0.000	0.000	0.000
139	  L	  4.1	  0.1	0.000	0.000	0.000
140	  T	  3.7	  0.0	0.500	0.000	0.000
141	  P	  0.2	  0.0	0.500	0.000	0.000
142	  I	  0.4	  0.0	0.939	0.000	0.000
143	  A	  0.4	  0.0	1.942	0.000	0.000
144	  E	  0.4	  0.0	2.787	0.000	0.000
145	  E	  6.9	  0.0	3.261	0.000	0.000
146	  I	  8.5	  0.1	3.128	0.000	0.000
147	  K	  8.8	  0.0	3.128	0.000	0.000
148	  A	  2.4	  0.0	3.128	0.000	0.000
149	  K	  1.2	  0.0	3.128	0.000	0.000
150	  I	  1.2	  0.1	1.753	0.000	0.000
151	  Q	  0.8	  0.2	1.753	0.000	0.000
152	  S	  0.3	  0.2	0.447	0.000	0.000
153	  N	  0.4	  0.2	0.580	0.000	0.000
154	  M	  0.6	  0.7	0.134	0.000	0.000
155	  K	  0.7	  0.6	0.134	0.000	0.000
156	  D	  0.8	  0.6	0.134	0.000	0.000
157	  F	  2.2	  0.6	0.134	0.000	0.000
158	  K	  3.1	  0.0	0.134	0.000	0.000
159	  M	  7.4	  0.0	0.000	0.000	0.000
160	  N	  6.7	  0.0	0.000	0.000	0.000
161	  I	  6.0	  0.0	0.000	0.000	0.000
162	  A	  1.3	  0.0	0.000	0.000	0.000
163	  P	  0.4	  0.0	0.000	0.000	0.000
164	  F	  1.2	  0.0	0.000	0.000	0.000
165	  T	  1.3	  0.1	2.868	0.000	0.000
166	  E	  1.3	  0.1	2.868	0.000	0.000
167	  T	  7.6	  0.1	7.856	0.000	0.000
168	  V	  8.2	  0.1	7.856	0.000	0.000
169	  R	  8.4	  0.1	7.856	0.000	0.000
170	  K	  1.2	  0.1	7.856	0.000	0.000
171	  R	  2.4	  0.3	7.408	0.000	0.000
172	  L	  2.4	  0.3	6.831	0.000	0.000
173	  D	  2.2	  0.2	6.095	0.000	0.000
174	  A	  0.3	  0.2	4.519	0.000	0.000
175	  H	  0.1	  0.1	3.294	0.000	0.000
176	  P	  0.0	  0.1	0.000	0.000	0.000
177	  F	  3.4	  0.2	0.000	0.000	0.000
178	  T	  4.8	  0.2	0.000	0.000	0.000
179	  S	  5.0	  0.2	0.000	0.000	0.000
180	  K	  2.3	  0.2	0.000	0.000	0.000
181	  L	  0.8	  0.2	0.000	0.000	0.000
182	  S	  0.6	  0.2	0.000	0.000	0.000
183	  E	  0.3	  0.2	0.000	0.000	0.000
184	  K	  1.0	  0.2	0.000	0.000	0.000
185	  F	  2.2	  0.2	0.000	0.000	0.000
186	  D	  2.0	  0.1	1.564	0.000	0.000
187	  Q	  1.6	  0.1	1.564	0.000	0.000
188	  K	  2.2	  0.1	1.818	0.000	0.000
189	  L	  2.1	  0.1	1.818	0.000	0.000
190	  E	  1.8	  0.1	1.818	0.000	0.000
191	  E	  0.3	  0.0	1.818	0.000	0.000
192	  M	  0.5	  0.1	1.545	0.000	0.000
193	  R	  0.8	  0.1	1.049	0.000	0.000
194	  Q	  1.4	  0.1	0.652	0.000	0.000
195	  T	 29.5	  0.1	0.106	0.000	0.000
196	  F	 29.7	  0.0	0.106	0.000	0.000
197	  T	 29.0	  0.0	0.000	0.000	0.000
198	  P	  0.6	  0.0	0.000	0.000	0.000
199	  V	  3.1	  0.0	0.000	0.000	0.000
200	  V	  4.7	  0.2	0.000	0.000	0.000
201	  E	  4.9	  0.2	0.000	0.000	0.000
202	  S	  5.2	  0.2	0.000	0.000	0.000
203	  F	  5.5	  0.2	0.000	0.000	0.000
204	  Q	  5.5	  0.1	0.000	0.000	0.000
205	  Q	  2.6	  0.1	0.000	0.000	0.000
206	  H	  1.8	  0.1	0.000	0.000	0.000
207	  L	  1.7	  0.0	0.000	0.000	0.000
208	  T	  1.3	  0.2	0.179	0.000	0.000
209	  P	  0.2	  0.2	0.179	0.000	0.000
210	  Y	  2.5	  0.2	0.179	0.000	0.000
211	  S	  3.1	  1.9	0.750	0.000	0.000
212	  K	  3.1	  1.7	0.750	0.000	0.000
213	  D	  0.9	  1.7	0.750	0.000	0.000
214	  L	  0.6	  1.8	0.750	0.000	0.000
215	  K	  1.2	  0.2	0.750	0.000	0.000
216	  S	  1.2	  0.2	0.708	0.000	0.000
217	  K	  2.9	  0.2	0.366	0.000	0.000
218	  L	  2.9	  0.1	0.137	0.408	0.408
219	  T	  3.3	  0.1	0.137	0.408	0.408
220	  S	  1.5	  0.0	2.699	0.408	0.408
221	  L	  1.2	  0.0	2.699	0.408	0.408
222	  W	  0.8	  0.1	2.699	0.408	0.408
223	  D	  0.5	  0.2	2.879	0.000	0.000
224	  R	  0.7	  0.2	2.879	0.000	0.000
225	  L	  0.7	  0.2	2.879	0.000	0.000
226	  H	  1.1	  0.5	2.683	0.000	0.000
227	  Q	  1.4	  0.4	1.624	0.000	0.000
228	  N	  2.2	  0.7	0.938	0.000	0.000
229	  F	  2.2	  0.7	0.201	0.000	0.000
230	  N	  1.4	  0.7	0.000	0.000	0.000
231	  E	  0.4	  0.7	0.000	0.000	0.000
232	  G	  0.0	  0.4	0.000	0.000	0.000
233	  Y	  0.0	  0.3	0.000	0.000	0.000
