res	aa	Beta	Turn	Helix	Aggregation	Conc-Stab_Aggregation
01	  D	  0.0	  0.0	0.000	0.000	0.000
02	  E	  0.0	  0.0	0.000	0.000	0.000
03	  P	  0.0	  0.1	0.000	0.000	0.000
04	  Q	  0.3	  0.1	0.000	0.000	0.000
05	  T	  2.5	  0.1	0.000	0.000	0.000
06	  Q	  3.9	  0.1	0.000	0.000	0.000
07	  W	  3.8	  0.1	0.000	0.000	0.000
08	  D	  1.6	  0.1	0.000	0.000	0.000
09	  R	  1.9	  0.1	0.000	0.000	0.000
10	  V	  3.3	  0.2	0.000	0.436	0.436
11	  K	  3.3	  0.1	0.000	0.529	0.529
12	  D	  1.7	  0.1	2.339	0.529	0.529
13	  L	  0.1	  0.1	2.339	40.848	40.848
14	  A	  0.8	  0.0	2.339	42.104	42.104
15	  T	  6.9	  0.0	2.339	42.104	42.104
16	  V	 12.8	  0.0	2.339	42.104	42.104
17	  Y	 13.4	  0.0	2.339	42.104	42.104
18	  V	  8.7	  0.1	0.595	38.828	38.828
19	  D	  2.5	  0.2	0.595	0.000	0.000
20	  S	  1.6	  0.2	0.316	0.000	0.000
21	  L	  0.7	  0.3	0.182	0.000	0.000
22	  K	  0.8	  0.5	0.182	0.000	0.000
23	  D	  0.2	  1.2	0.000	0.000	0.000
24	  S	  0.2	  1.6	0.000	0.000	0.000
25	  G	  0.1	  1.7	0.000	0.000	0.000
26	  R	  0.4	  1.5	0.000	0.000	0.000
27	  D	  0.7	  0.7	0.000	0.000	0.000
28	  Y	  3.3	  0.3	0.000	0.786	0.786
29	  V	  4.6	  0.0	0.000	0.786	0.786
30	  A	  4.5	  0.0	0.000	0.786	0.786
31	  Q	  9.0	  0.0	0.000	0.786	0.786
32	  F	  9.8	  0.0	0.134	0.786	0.786
33	  E	  9.6	  0.0	0.382	0.000	0.000
34	  A	  2.8	  0.1	0.382	0.000	0.000
35	  S	  0.5	  0.3	0.989	0.000	0.000
36	  A	  0.4	  0.4	0.989	0.000	0.000
37	  L	  0.2	  0.5	0.989	0.000	0.000
38	  G	  0.1	  0.5	1.146	0.000	0.000
39	  K	  0.2	  0.3	1.013	0.000	0.000
40	  Q	  1.1	  0.2	0.765	0.000	0.000
41	  L	  2.9	  0.1	0.524	0.000	0.000
42	  N	  3.1	  0.0	1.258	0.000	0.000
43	  M	  4.0	  0.0	1.106	0.000	0.000
44	  K	  2.6	  0.0	0.734	0.000	0.000
45	  L	  2.6	  0.0	0.734	0.000	0.000
46	  L	  0.8	  0.3	0.734	0.000	0.000
47	  D	  0.6	  0.3	0.734	0.000	0.000
48	  N	  0.8	  0.8	0.471	0.000	0.000
49	  W	  1.1	  0.9	0.151	0.000	0.000
50	  D	  1.0	  0.6	0.151	0.000	0.000
51	  T	  5.6	  0.6	0.151	0.197	0.197
52	  L	  5.4	  0.2	0.151	0.732	0.732
53	  S	  6.1	  0.1	0.151	0.732	0.732
54	  T	  3.0	  0.1	0.000	0.732	0.732
55	  T	 13.5	  0.1	0.000	0.732	0.732
56	  V	 14.7	  0.0	0.000	0.732	0.732
57	  T	 13.5	  0.0	0.482	0.197	0.197
58	  K	  3.5	  0.0	0.482	0.000	0.000
59	  L	  1.6	  0.1	0.482	0.000	0.000
60	  R	  0.8	  0.1	0.482	0.000	0.000
61	  E	  0.1	  0.1	0.482	0.000	0.000
62	  Q	  0.1	  0.1	0.482	0.000	0.000
63	  L	  0.1	  0.1	0.198	0.000	0.000
64	  G	  0.1	  0.1	0.198	0.000	0.000
65	  P	  0.0	  0.0	0.000	0.000	0.000
66	  V	  2.1	  0.0	0.000	0.000	0.000
67	  S	  2.5	  0.1	0.000	0.000	0.000
68	  Q	  2.9	  0.1	0.000	0.000	0.000
69	  E	  1.3	  0.1	0.000	0.000	0.000
70	  F	  2.1	  0.2	0.000	0.000	0.000
71	  W	  2.0	  0.4	0.000	0.000	0.000
72	  D	  1.5	  0.5	0.295	0.000	0.000
73	  N	  0.7	  0.5	0.775	0.000	0.000
74	  L	  0.6	  0.4	0.920	0.000	0.000
75	  E	  0.7	  0.1	1.135	0.000	0.000
76	  K	  0.5	  0.1	2.272	0.000	0.000
77	  E	  0.3	  0.1	2.643	0.000	0.000
78	  T	  0.3	  0.1	12.027	0.000	0.000
79	  E	  0.1	  0.1	12.156	0.000	0.000
80	  A	  0.4	  0.0	12.156	0.000	0.000
81	  L	  0.6	  0.1	12.156	0.000	0.000
82	  R	  0.6	  0.3	12.156	0.000	0.000
83	  Q	  0.4	  0.3	11.788	0.000	0.000
84	  G	  0.2	  0.5	3.850	0.000	0.000
85	  M	  0.3	  0.4	1.826	0.000	0.000
86	  N	  0.3	  1.2	0.707	0.000	0.000
87	  K	  0.2	  1.2	0.358	0.000	0.000
88	  D	  0.3	  1.1	2.518	0.000	0.000
89	  L	  0.5	  1.1	2.677	0.000	0.000
90	  E	  0.5	  0.0	2.870	0.000	0.000
91	  A	  1.0	  0.0	2.870	0.000	0.000
92	  V	  2.4	  0.0	2.870	0.000	0.000
93	  K	  2.7	  0.1	2.870	0.000	0.000
94	  E	  2.0	  0.1	2.086	0.000	0.000
95	  K	  9.0	  0.1	1.859	0.000	0.000
96	  V	  9.4	  0.0	0.431	0.000	0.000
97	  K	  9.3	  0.0	0.431	0.000	0.000
98	  P	  0.7	  0.0	0.000	0.000	0.000
99	  Y	  0.9	  0.1	0.000	0.000	0.000
100	  L	  0.9	  0.2	0.165	0.000	0.000
101	  D	  1.0	  0.2	2.986	0.000	0.000
102	  E	  0.8	  0.2	3.917	0.000	0.000
103	  F	  3.2	  0.1	3.917	0.000	0.000
104	  R	  3.4	  0.0	3.917	0.000	0.000
105	  Q	  3.3	  0.0	3.917	0.000	0.000
106	  K	  1.6	  0.0	3.917	0.000	0.000
107	  W	  1.9	  0.0	3.529	0.000	0.000
108	  Q	  1.4	  0.1	3.298	0.000	0.000
109	  E	  0.7	  0.1	2.098	0.000	0.000
110	  E	  5.2	  0.1	1.756	0.000	0.000
111	  V	  7.6	  0.1	1.477	0.000	0.000
112	  D	  7.9	  0.0	1.865	0.000	0.000
113	  L	  3.0	  0.0	1.649	0.000	0.000
114	  Y	  2.4	  0.1	1.649	0.000	0.000
115	  R	  2.3	  0.1	1.142	0.000	0.000
116	  Q	  2.8	  0.1	1.018	0.000	0.000
117	  K	 17.5	  0.1	0.517	0.000	0.000
118	  V	 17.9	  0.0	0.124	0.000	0.000
119	  E	 17.4	  0.2	0.124	0.000	0.000
120	  P	  0.8	  0.4	0.000	0.000	0.000
121	  L	  0.0	  0.4	0.000	0.000	0.000
122	  G	  0.0	  0.5	0.000	0.000	0.000
123	  K	  0.1	  0.3	0.000	0.000	0.000
124	  E	  1.5	  0.2	0.000	0.000	0.000
125	  L	  1.6	  0.1	0.000	0.000	0.000
126	  H	  1.5	  0.9	0.000	0.000	0.000
127	  E	  0.1	  1.1	0.000	0.000	0.000
128	  G	  0.0	  1.3	1.336	0.000	0.000
129	  A	  0.3	  1.4	1.336	0.000	0.000
130	  S	  0.5	  0.6	2.193	0.000	0.000
131	  Q	  0.9	  0.3	2.193	0.000	0.000
132	  K	  1.3	  0.2	2.193	0.000	0.000
133	  L	  1.0	  0.1	2.193	0.000	0.000
134	  Q	  0.8	  0.1	2.050	0.000	0.000
135	  E	  0.5	  0.1	1.849	0.000	0.000
136	  L	  0.5	  0.1	1.692	0.000	0.000
137	  Q	  0.6	  0.1	1.692	0.000	0.000
138	  E	  0.3	  0.1	1.156	0.000	0.000
139	  K	  1.2	  0.1	0.838	0.000	0.000
140	  L	  1.2	  0.1	0.408	0.000	0.000
141	  S	  1.1	  0.6	0.408	0.000	0.000
142	  P	  0.1	  0.6	0.000	0.000	0.000
143	  L	  0.0	  0.7	0.000	0.000	0.000
144	  G	  0.0	  0.8	2.943	0.000	0.000
145	  E	  0.0	  0.2	3.197	0.000	0.000
146	  E	  0.3	  0.2	3.614	0.000	0.000
147	  L	  0.5	  0.3	3.614	0.000	0.000
148	  R	  0.5	  0.2	3.614	0.000	0.000
149	  D	  0.2	  0.3	3.614	0.000	0.000
150	  R	  0.2	  0.3	3.164	0.000	0.000
151	  A	  0.2	  0.1	2.820	0.000	0.000
152	  R	  0.6	  0.1	2.080	0.000	0.000
153	  T	  2.3	  0.1	0.577	0.000	0.000
154	  H	  3.7	  0.1	0.768	0.000	0.000
155	  V	  4.0	  0.0	1.262	0.000	0.000
156	  D	  2.2	  0.1	3.517	0.000	0.000
157	  A	  0.9	  0.1	3.725	0.000	0.000
158	  L	  0.6	  0.2	3.725	0.000	0.000
159	  R	  1.1	  0.2	3.725	0.000	0.000
160	  Q	  1.2	  0.1	3.725	0.000	0.000
161	  Q	  2.3	  0.1	3.352	0.000	0.000
162	  L	  2.0	  0.1	2.299	0.000	0.000
163	  N	  1.6	  0.3	2.133	0.000	0.000
164	  P	  0.1	  0.3	0.000	0.000	0.000
165	  Y	  0.7	  0.3	0.000	0.000	0.000
166	  S	  0.7	  0.4	7.688	0.000	0.000
167	  E	  0.7	  0.2	7.688	0.000	0.000
168	  E	  0.3	  0.2	7.902	0.000	0.000
169	  L	  0.6	  0.2	7.902	0.000	0.000
170	  R	  0.8	  0.1	7.902	0.000	0.000
171	  Q	  0.8	  0.1	7.902	0.000	0.000
172	  S	  0.6	  0.1	8.415	0.000	0.000
173	  L	  0.5	  0.1	7.290	0.000	0.000
174	  A	  0.5	  0.1	7.031	0.000	0.000
175	  S	  0.4	  0.1	6.772	0.000	0.000
176	  R	  0.8	  0.1	5.468	0.000	0.000
177	  L	  1.0	  0.1	4.978	0.000	0.000
178	  Q	  1.0	  0.1	4.679	0.000	0.000
179	  A	  0.8	  0.0	3.810	0.000	0.000
180	  L	  0.6	  0.2	3.407	0.000	0.000
181	  K	  0.4	  0.4	2.884	0.000	0.000
182	  D	  0.2	  1.2	1.768	0.000	0.000
183	  S	  0.4	  2.8	0.460	0.000	0.000
184	  G	  0.3	  2.7	0.000	0.000	0.000
185	  S	  0.5	  2.5	0.000	0.000	0.000
186	  T	  5.8	  1.7	0.000	0.000	0.000
187	  L	  5.8	  0.2	0.000	0.000	0.000
188	  S	  5.6	  0.1	0.000	0.000	0.000
189	  E	  3.8	  0.1	0.000	0.000	0.000
190	  Y	  4.8	  2.5	0.000	0.000	0.000
191	  H	  4.8	  2.5	0.000	0.000	0.000
192	  G	  1.2	  2.6	0.164	0.000	0.000
193	  K	  0.3	  2.6	0.164	0.000	0.000
194	  A	  0.3	  0.2	0.164	0.000	0.000
195	  S	  0.2	  0.2	4.244	0.000	0.000
196	  E	  0.1	  0.2	4.407	0.000	0.000
197	  Q	  0.9	  0.2	4.407	0.000	0.000
198	  L	  1.4	  0.1	4.244	0.000	0.000
199	  R	  1.6	  0.2	4.244	0.000	0.000
200	  A	  0.7	  0.2	4.244	0.000	0.000
201	  L	  0.3	  0.2	3.664	0.000	0.000
202	  G	  0.1	  0.3	2.871	0.000	0.000
203	  E	  0.1	  0.2	2.064	0.000	0.000
204	  K	  0.8	  0.2	0.924	0.000	0.000
205	  A	  0.8	  0.1	0.188	0.000	0.000
206	  K	  0.7	  0.0	0.188	0.000	0.000
207	  P	  0.0	  0.0	0.000	0.000	0.000
208	  A	  0.1	  0.0	0.000	0.000	0.000
209	  L	  0.2	  0.3	0.000	0.000	0.000
210	  E	  0.2	  0.3	0.000	0.000	0.000
211	  D	  0.5	  0.3	0.000	0.000	0.000
212	  L	  0.8	  0.4	0.000	0.000	0.000
213	  R	  0.8	  0.3	0.000	0.000	0.000
214	  Q	  0.4	  0.3	0.000	0.000	0.000
215	  G	  0.1	  0.3	0.000	0.000	0.000
216	  L	  0.1	  0.1	0.000	0.000	0.000
217	  L	  0.1	  0.0	0.000	0.000	0.000
218	  P	  0.1	  0.0	0.000	0.000	0.000
219	  V	  2.6	  0.0	0.000	0.749	0.749
220	  W	  3.4	  0.1	0.000	0.749	0.749
221	  E	  3.6	  0.1	0.000	0.749	0.749
222	  S	  2.6	  0.1	0.000	0.749	0.749
223	  F	  4.3	  0.1	0.000	0.749	0.749
224	  K	  5.3	  0.0	0.000	0.749	0.749
225	  V	 12.7	  0.0	0.000	19.414	19.414
226	  S	 10.8	  0.0	0.000	20.993	20.993
227	  V	 11.2	  0.0	0.000	22.788	22.788
228	  L	  3.0	  0.0	0.000	22.788	22.788
229	  T	  2.7	  0.0	0.000	22.462	22.462
230	  A	  1.2	  0.0	0.000	21.437	21.437
231	  I	  0.7	  0.0	0.000	17.719	17.719
232	  D	  0.4	  0.1	20.672	0.000	0.000
233	  E	  0.3	  0.1	20.672	0.000	0.000
234	  A	  0.5	  0.1	20.672	0.000	0.000
235	  T	  1.4	  0.1	20.672	0.000	0.000
236	  K	  1.2	  0.1	20.672	0.000	0.000
237	  K	  1.7	  0.1	20.672	0.000	0.000
238	  L	  1.1	  0.1	9.388	0.000	0.000
239	  N	  1.3	  0.0	5.623	0.000	0.000
240	  T	  0.6	  0.0	0.784	0.000	0.000
241	  Q	  0.3	  0.0	0.403	0.000	0.000
