res	aa	Beta	Turn	Helix	Aggregation	Conc-Stab_Aggregation
01	  D	  0.0	  0.0	0.000	0.000	0.000
02	  E	  0.0	  0.0	0.000	0.000	0.000
03	  P	  0.0	  0.3	0.000	0.000	0.000
04	  P	  0.0	  0.3	0.000	0.000	0.000
05	  Q	  0.0	  0.3	0.000	0.000	0.000
06	  S	  0.0	  0.5	0.178	0.000	0.000
07	  P	  0.0	  0.3	0.178	0.000	0.000
08	  W	  0.2	  0.3	0.178	0.000	0.000
09	  D	  0.3	  0.3	0.178	0.000	0.000
10	  R	  2.0	  0.1	0.178	0.000	0.000
11	  V	  3.3	  0.2	0.178	0.435	0.435
12	  K	  3.4	  0.1	0.178	0.528	0.528
13	  D	  1.7	  0.1	2.144	0.528	0.528
14	  L	  0.1	  0.1	2.144	40.806	40.806
15	  A	  0.8	  0.0	2.144	42.062	42.062
16	  T	  6.8	  0.0	2.144	42.062	42.062
17	  V	 12.7	  0.0	2.144	42.062	42.062
18	  Y	 13.3	  0.0	2.144	42.062	42.062
19	  V	  8.6	  0.1	0.403	38.789	38.789
20	  D	  2.7	  0.1	0.563	0.000	0.000
21	  S	  2.9	  0.1	0.290	0.000	0.000
22	  V	  3.6	  0.1	0.159	0.000	0.000
23	  K	  3.5	  0.4	0.159	0.000	0.000
24	  E	  1.8	  0.5	0.159	0.000	0.000
25	  S	  0.1	  0.8	0.159	0.000	0.000
26	  G	  0.1	  1.2	0.000	0.000	0.000
27	  K	  0.2	  0.8	0.000	0.000	0.000
28	  D	  0.5	  0.6	0.000	0.000	0.000
29	  Y	  2.2	  0.4	0.000	0.000	0.000
30	  V	  4.1	  0.1	0.000	0.000	0.000
31	  S	  4.2	  0.1	0.000	0.000	0.000
32	  Q	  9.6	  0.1	0.000	0.000	0.000
33	  F	  8.1	  0.1	0.000	0.000	0.000
34	  E	  7.7	  0.1	0.138	0.000	0.000
35	  T	  1.1	  0.1	0.497	0.000	0.000
36	  S	  0.7	  0.4	1.195	0.000	0.000
37	  A	  0.7	  0.4	1.195	0.000	0.000
38	  L	  0.2	  0.5	1.195	0.000	0.000
39	  G	  0.1	  0.5	1.195	0.000	0.000
40	  K	  0.2	  0.3	1.195	0.000	0.000
41	  Q	  1.1	  0.2	0.698	0.000	0.000
42	  L	  2.8	  0.1	0.453	0.000	0.000
43	  N	  3.0	  0.0	1.274	0.000	0.000
44	  L	  3.6	  0.0	1.119	0.000	0.000
45	  K	  2.2	  0.0	0.980	0.000	0.000
46	  L	  2.2	  0.0	0.821	0.000	0.000
47	  L	  0.8	  0.3	0.821	0.000	0.000
48	  D	  0.6	  0.3	0.821	0.000	0.000
49	  N	  0.8	  0.9	0.357	0.000	0.000
50	  W	  1.3	  1.1	0.000	0.000	0.000
51	  D	  1.2	  0.9	0.000	0.000	0.000
52	  S	  2.4	  0.9	0.000	0.000	0.000
53	  L	  2.4	  0.3	0.000	0.338	0.338
54	  T	  3.2	  0.2	0.000	0.338	0.338
55	  S	  2.0	  0.1	0.000	0.338	0.338
56	  T	  7.4	  0.1	0.000	0.338	0.338
57	  V	  6.9	  0.1	0.000	0.338	0.338
58	  N	  6.4	  0.1	0.674	0.000	0.000
59	  K	  1.2	  0.1	0.674	0.000	0.000
60	  L	  0.8	  0.1	0.674	0.000	0.000
61	  R	  0.9	  0.2	0.674	0.000	0.000
62	  E	  0.1	  0.1	0.674	0.000	0.000
63	  Q	  0.1	  0.1	0.674	0.000	0.000
64	  L	  0.1	  0.1	0.274	0.000	0.000
65	  G	  0.1	  0.1	0.274	0.000	0.000
66	  P	  0.0	  0.0	0.000	0.000	0.000
67	  V	  4.1	  0.0	0.000	0.000	0.000
68	  T	  4.6	  0.1	0.000	0.000	0.000
69	  Q	  5.0	  0.1	0.000	0.000	0.000
70	  E	  1.4	  0.1	0.000	0.000	0.000
71	  F	  2.1	  0.1	0.000	0.000	0.000
72	  W	  2.0	  0.4	0.000	0.000	0.000
73	  D	  1.5	  0.5	0.160	0.000	0.000
74	  N	  0.8	  0.5	0.445	0.000	0.000
75	  L	  0.7	  0.4	0.445	0.000	0.000
76	  E	  0.8	  0.1	0.445	0.000	0.000
77	  K	  0.5	  0.1	0.676	0.000	0.000
78	  E	  0.4	  0.1	0.847	0.000	0.000
79	  T	  0.4	  0.2	6.690	0.000	0.000
80	  E	  0.2	  0.2	6.690	0.000	0.000
81	  Q	  1.0	  0.1	6.690	0.000	0.000
82	  L	  1.2	  0.1	6.537	0.000	0.000
83	  R	  1.4	  0.1	6.537	0.000	0.000
84	  Q	  0.7	  0.1	6.537	0.000	0.000
85	  E	  1.4	  0.1	3.591	0.000	0.000
86	  M	  1.3	  0.0	2.562	0.000	0.000
87	  N	  1.2	  0.8	2.406	0.000	0.000
88	  K	  0.2	  0.9	1.688	0.000	0.000
89	  D	  0.3	  0.9	7.144	0.000	0.000
90	  L	  0.3	  0.9	7.428	0.000	0.000
91	  E	  0.3	  0.1	8.705	0.000	0.000
92	  E	 13.0	  0.0	8.933	0.000	0.000
93	  V	 14.9	  0.0	8.797	0.000	0.000
94	  K	 15.1	  0.0	8.797	0.000	0.000
95	  A	  2.7	  0.0	7.756	0.000	0.000
96	  K	  3.2	  0.0	7.396	0.000	0.000
97	  V	  3.3	  0.0	3.139	0.000	0.000
98	  Q	  3.1	  0.0	2.986	0.000	0.000
99	  P	  0.4	  0.0	0.000	0.000	0.000
100	  Y	  0.7	  0.1	0.000	0.000	0.000
101	  L	  0.7	  0.3	0.000	0.000	0.000
102	  D	  0.8	  0.3	9.661	0.000	0.000
103	  D	  0.5	  0.3	33.216	0.000	0.000
104	  F	  1.9	  0.3	33.216	0.000	0.000
105	  Q	  1.9	  0.0	33.216	0.000	0.000
106	  K	  1.6	  0.0	33.216	0.000	0.000
107	  K	  0.7	  0.0	33.216	0.000	0.000
108	  W	  1.0	  0.0	32.857	0.000	0.000
109	  Q	  1.0	  0.1	31.978	0.000	0.000
110	  E	  0.5	  0.1	28.975	0.000	0.000
111	  E	  0.8	  0.1	27.375	0.000	0.000
112	  M	  2.2	  0.0	25.411	0.000	0.000
113	  N	  2.6	  0.0	23.592	0.000	0.000
114	  L	  2.3	  0.0	16.700	0.000	0.000
115	  Y	  2.6	  0.1	13.980	0.000	0.000
116	  S	  2.4	  0.1	4.996	0.000	0.000
117	  Q	  2.2	  0.1	2.026	0.000	0.000
118	  K	  4.4	  0.1	0.762	0.000	0.000
119	  L	  4.3	  0.1	0.211	0.000	0.000
120	  E	  4.0	  0.0	0.101	0.000	0.000
121	  P	  0.1	  0.0	0.000	0.000	0.000
122	  L	  0.2	  0.0	0.000	0.000	0.000
123	  R	  0.3	  0.1	0.000	0.000	0.000
124	  T	  0.5	  0.1	0.000	0.000	0.000
125	  E	  1.9	  0.1	0.000	0.000	0.000
126	  F	  3.0	  0.2	0.000	0.000	0.000
127	  Q	  2.8	  0.4	0.000	0.000	0.000
128	  E	  1.2	  0.7	0.000	0.000	0.000
129	  G	  0.0	  0.7	2.424	0.000	0.000
130	  A	  0.5	  0.6	2.424	0.000	0.000
131	  F	  2.7	  0.4	2.424	0.000	0.000
132	  Q	  3.0	  0.1	2.424	0.000	0.000
133	  K	  3.1	  0.1	2.424	0.000	0.000
134	  L	  1.2	  0.3	2.424	0.000	0.000
135	  Q	  1.0	  0.2	2.282	0.000	0.000
136	  D	  0.8	  0.2	3.386	0.000	0.000
137	  L	  0.6	  0.2	2.814	0.000	0.000
138	  R	  0.5	  0.1	2.636	0.000	0.000
139	  E	  0.2	  0.1	2.260	0.000	0.000
140	  K	  1.7	  0.1	1.983	0.000	0.000
141	  L	  1.9	  0.1	1.768	0.000	0.000
142	  R	  1.8	  0.0	1.243	0.000	0.000
143	  P	  0.2	  0.0	0.000	0.000	0.000
144	  V	  0.8	  0.0	0.000	0.000	0.000
145	  A	  0.9	  0.1	0.000	0.000	0.000
146	  E	  0.9	  0.1	0.000	0.000	0.000
147	  Q	  0.6	  0.1	0.000	0.000	0.000
148	  V	  1.5	  0.2	0.000	0.000	0.000
149	  R	  1.5	  0.1	0.142	0.000	0.000
150	  D	  1.0	  0.2	0.421	0.000	0.000
151	  R	  0.2	  0.2	0.421	0.000	0.000
152	  A	  0.2	  0.1	0.421	0.000	0.000
153	  R	  0.4	  0.1	0.421	0.000	0.000
154	  A	  0.6	  0.0	0.421	0.000	0.000
155	  H	  2.1	  0.1	0.421	0.000	0.000
156	  V	  2.9	  0.1	0.000	0.000	0.000
157	  D	  2.6	  0.1	0.156	0.000	0.000
158	  T	  3.6	  0.1	0.156	0.000	0.000
159	  L	  2.8	  0.1	0.156	0.000	0.000
160	  R	  3.1	  0.1	0.156	0.000	0.000
161	  T	  1.6	  0.1	0.156	0.000	0.000
162	  Q	  1.7	  0.1	0.156	0.000	0.000
163	  L	  1.4	  0.1	0.000	0.000	0.000
164	  A	  0.4	  0.1	0.000	0.000	0.000
165	  P	  0.0	  0.1	0.000	0.000	0.000
166	  Y	  0.2	  0.3	0.000	0.000	0.000
167	  S	  0.2	  0.3	17.920	0.000	0.000
168	  D	  0.2	  0.3	28.640	0.000	0.000
169	  E	  0.2	  0.3	30.898	0.000	0.000
170	  L	  0.4	  0.2	30.898	0.000	0.000
171	  R	  0.8	  0.1	30.898	0.000	0.000
172	  Q	  0.8	  0.1	30.898	0.000	0.000
173	  R	  0.7	  0.1	29.551	0.000	0.000
174	  L	  0.4	  0.0	27.795	0.000	0.000
175	  A	  0.3	  0.0	25.728	0.000	0.000
176	  T	  0.6	  0.0	22.482	0.000	0.000
177	  R	  0.8	  0.0	21.958	0.000	0.000
178	  L	  0.8	  0.0	18.065	0.000	0.000
179	  E	  0.5	  0.0	15.893	0.000	0.000
180	  A	  0.4	  0.0	13.858	0.000	0.000
181	  L	  0.3	  0.1	12.682	0.000	0.000
182	  K	  0.3	  0.3	10.720	0.000	0.000
183	  E	  0.1	  0.4	5.519	0.000	0.000
184	  S	  0.1	  1.0	3.022	0.000	0.000
185	  G	  0.0	  0.9	1.343	0.000	0.000
186	  A	  0.5	  0.7	0.000	0.000	0.000
187	  T	  1.0	  0.6	1.353	0.000	0.000
188	  L	  1.0	  0.2	1.353	0.000	0.000
189	  A	  0.6	  0.2	1.719	0.000	0.000
190	  E	  1.7	  0.2	1.719	0.000	0.000
191	  Y	  4.4	  0.2	1.719	0.000	0.000
192	  Q	  4.5	  0.0	1.719	0.000	0.000
193	  A	  3.1	  0.0	1.321	0.000	0.000
194	  K	  0.5	  0.0	1.321	0.000	0.000
195	  A	  0.3	  0.1	0.617	0.000	0.000
196	  S	  0.3	  0.2	0.425	0.000	0.000
197	  E	  0.2	  0.2	0.000	0.000	0.000
198	  H	  1.0	  0.2	0.000	0.000	0.000
199	  L	  1.7	  0.1	0.000	0.000	0.000
200	  S	  1.8	  0.3	0.000	0.000	0.000
201	  A	  1.0	  0.3	0.000	0.000	0.000
202	  L	  0.2	  0.4	0.000	0.000	0.000
203	  G	  0.1	  0.4	0.000	0.000	0.000
204	  E	  0.1	  0.2	0.000	0.000	0.000
205	  K	  0.8	  0.2	0.000	0.000	0.000
206	  A	  0.8	  0.1	0.000	0.000	0.000
207	  K	  0.7	  0.0	0.000	0.000	0.000
208	  P	  0.0	  0.0	0.000	0.000	0.000
209	  A	  0.3	  0.0	0.000	0.000	0.000
210	  F	  1.2	  0.7	0.000	0.000	0.000
211	  E	  1.2	  0.7	0.000	0.000	0.000
212	  D	  1.3	  0.7	0.000	0.000	0.000
213	  L	  0.8	  0.9	0.000	0.000	0.000
214	  R	  0.8	  0.3	0.000	0.000	0.000
215	  Q	  0.4	  0.3	0.000	0.000	0.000
216	  G	  0.1	  0.3	0.000	0.000	0.000
217	  L	  0.1	  0.1	0.000	0.000	0.000
218	  L	  0.1	  0.0	0.000	0.000	0.000
219	  P	  0.1	  0.0	0.000	0.000	0.000
220	  V	  1.6	  0.0	0.000	0.547	0.547
221	  L	  1.7	  0.3	0.000	0.547	0.547
222	  E	  1.9	  0.3	0.000	0.547	0.547
223	  S	  2.0	  0.3	0.000	0.547	0.547
224	  F	  4.6	  0.3	0.000	0.547	0.547
225	  K	  5.7	  0.0	0.000	0.547	0.547
226	  V	  8.4	  0.0	0.000	3.863	3.863
227	  S	  6.2	  0.0	0.000	4.048	4.048
228	  F	  6.0	  0.0	0.000	4.308	4.308
229	  L	  2.3	  0.0	0.000	4.308	4.308
230	  S	  1.8	  0.0	1.144	3.761	3.761
231	  A	  0.9	  0.0	1.144	3.536	3.536
232	  L	  0.3	  0.1	1.144	2.533	2.533
233	  D	  0.2	  0.2	10.487	0.000	0.000
234	  E	  0.4	  0.2	11.549	0.000	0.000
235	  Y	  1.0	  0.2	11.549	0.000	0.000
236	  A	  1.0	  0.2	11.358	0.000	0.000
237	  K	  0.7	  0.1	11.358	0.000	0.000
238	  K	  0.6	  0.1	11.185	0.000	0.000
239	  L	  0.9	  0.2	8.544	0.000	0.000
240	  S	  1.0	  0.1	6.465	0.000	0.000
241	  S	  0.5	  0.1	3.765	0.000	0.000
242	  Q	  0.2	  0.1	0.264	0.000	0.000
