res	aa	Beta	Turn	Helix	Aggregation	Conc-Stab_Aggregation
01	  A	  0.0	  0.3	0.000	0.000	0.000
02	  P	  0.0	  0.4	0.000	0.000	0.000
03	  S	  0.2	  0.5	0.000	0.000	0.000
04	  Q	  1.8	  0.5	0.000	0.000	0.000
05	  L	  2.2	  0.2	0.000	0.000	0.000
06	  E	  2.1	  0.1	0.305	0.000	0.000
07	  H	  2.8	  0.1	0.623	0.000	0.000
08	  V	  4.8	  0.1	0.623	0.000	0.000
09	  K	  4.9	  0.0	0.623	0.000	0.000
10	  A	  2.7	  0.0	0.623	0.000	0.000
11	  A	  0.5	  0.0	0.623	0.000	0.000
12	  L	  2.1	  0.0	0.623	0.735	0.735
13	  N	  2.6	  0.0	1.014	0.735	0.735
14	  M	  3.4	  0.0	0.689	0.735	0.735
15	  Y	  3.2	  0.0	0.391	0.735	0.735
16	  I	  3.4	  0.0	0.391	0.735	0.735
17	  A	  2.5	  0.0	0.391	0.336	0.336
18	  Q	  0.9	  0.0	0.391	0.000	0.000
19	  V	  0.0	  0.0	0.000	0.000	0.000
20	  K	  0.0	  0.0	0.000	0.000	0.000
21	  L	  0.0	  0.0	 -nan	0.000	0.000
22	  T	  0.0	  0.0	 -nan	0.000	0.000
23	  A	  0.0	  0.0	 -nan	0.000	0.000
24	  Q	  0.0	  0.0	 -nan	0.000	0.000
25	  R	  0.0	  0.0	 -nan	0.000	0.000
26	  S	  0.0	  0.0	 -nan	0.000	0.000
27	  I	  0.0	  0.0	 -nan	0.000	0.000
28	  D	  0.0	  0.0	 -nan	0.000	0.000
29	  L	  0.0	  0.0	 -nan	0.000	0.000
30	  L	  0.0	  0.0	 -nan	0.000	0.000
31	  D	  0.0	  0.0	 -nan	0.000	0.000
32	  D	  0.0	  0.0	 -nan	0.000	0.000
33	  T	  0.0	  0.0	 -nan	0.000	0.000
34	  E	  0.0	  0.0	0.000	0.000	0.000
35	  Y	  0.0	  0.0	0.000	0.000	0.000
36	  K	  0.2	  0.0	0.000	0.000	0.000
37	  E	  3.4	  0.0	0.000	0.000	0.000
38	  Y	  4.9	  0.0	0.000	0.000	0.000
39	  K	  5.4	  0.0	0.000	0.000	0.000
40	  M	  4.2	  0.0	0.000	0.000	0.000
41	  Q	  3.4	  0.0	0.000	0.000	0.000
42	  L	  3.0	  0.1	0.000	0.000	0.000
43	  S	  2.7	  0.6	0.000	0.000	0.000
44	  Q	  2.2	  0.6	0.000	0.000	0.000
45	  S	  4.6	  1.5	0.289	0.000	0.000
46	  L	  3.0	  1.6	0.289	0.000	0.000
47	  D	  2.7	  1.0	0.289	0.000	0.000
48	  N	  0.4	  1.0	0.289	0.000	0.000
49	  L	  0.4	  0.2	0.289	0.000	0.000
50	  Q	  1.8	  0.1	0.289	0.000	0.000
51	  Q	  2.1	  0.1	0.137	0.000	0.000
52	  F	  2.2	  0.4	0.000	0.000	0.000
53	  A	  0.8	  0.4	0.000	0.000	0.000
54	  D	  0.4	  0.6	0.000	0.000	0.000
55	  S	  2.4	  0.8	0.000	0.000	0.000
56	  T	  3.9	  0.5	0.000	0.000	0.000
57	  S	  6.4	  1.2	0.000	0.000	0.000
58	  K	  4.4	  1.0	0.000	0.000	0.000
59	  S	  3.2	  0.8	0.000	0.000	0.000
60	  L	  0.6	  0.8	0.000	0.000	0.000
61	  A	  0.4	  0.0	0.000	0.000	0.000
62	  P	  0.0	  0.0	0.000	0.000	0.000
63	  Y	  1.9	  0.0	0.000	4.469	4.469
64	  T	  2.9	  0.1	0.000	4.469	4.469
65	  T	  4.2	  0.1	0.000	4.469	4.469
66	  L	  2.4	  0.1	0.000	4.469	4.469
67	  F	  1.5	  0.3	0.000	4.469	4.469
68	  G	  0.3	  0.3	0.000	0.557	0.557
69	  T	  1.2	  0.3	0.000	0.205	0.205
70	  Q	  2.2	  0.3	0.000	0.000	0.000
71	  L	  2.4	  0.1	0.000	0.000	0.000
72	  T	  1.4	  0.1	0.781	0.000	0.000
73	  D	  0.4	  0.4	1.444	0.000	0.000
74	  A	  0.3	  0.4	1.444	0.554	0.554
75	  T	  0.6	  0.3	2.295	0.554	0.554
76	  A	  0.7	  0.3	2.295	0.554	0.554
77	  A	  1.2	  0.0	2.295	0.554	0.554
78	  V	  2.2	  0.0	1.996	0.554	0.554
79	  R	  2.1	  0.0	1.996	0.000	0.000
80	  A	  1.7	  0.0	1.321	0.000	0.000
81	  E	  0.9	  0.0	1.169	0.000	0.000
82	  V	  2.2	  0.0	0.208	0.000	0.000
83	  M	  2.2	  0.2	0.208	0.000	0.000
84	  K	  1.9	  0.2	0.000	0.000	0.000
85	  D	  3.1	  0.2	1.883	0.000	0.000
86	  V	  3.5	  0.2	1.883	0.000	0.000
87	  E	  3.2	  0.1	1.883	0.000	0.000
88	  E	  0.9	  0.1	1.883	0.000	0.000
89	  L	  0.5	  0.1	1.883	0.000	0.000
90	  R	  0.7	  0.1	1.883	0.000	0.000
91	  T	  1.5	  0.1	1.259	0.000	0.000
92	  Q	  5.1	  0.1	1.259	0.000	0.000
93	  L	  4.9	  0.0	0.701	0.000	0.000
94	  E	  3.9	  0.0	2.377	0.000	0.000
95	  P	  0.2	  0.1	1.963	0.000	0.000
96	  K	  0.3	  0.1	2.125	0.000	0.000
97	  R	  0.3	  0.1	2.358	0.000	0.000
98	  A	  0.4	  0.1	2.521	0.000	0.000
99	  E	  0.5	  0.1	3.471	0.000	0.000
100	  L	  0.4	  0.1	2.989	0.000	0.000
101	  R	  0.6	  0.1	2.719	0.000	0.000
102	  E	  0.8	  0.0	2.455	0.000	0.000
103	  V	  4.2	  0.0	2.303	0.000	0.000
104	  L	  4.1	  0.0	2.303	0.000	0.000
105	  N	  3.6	  0.1	2.303	0.000	0.000
106	  K	  0.8	  0.1	1.943	0.000	0.000
107	  H	  5.9	  0.1	0.182	0.000	0.000
108	  I	  6.0	  0.1	0.000	0.000	0.000
109	  D	  5.4	  0.2	5.075	0.000	0.000
110	  E	  0.9	  0.2	5.827	0.000	0.000
111	  Y	  2.1	  0.2	5.827	0.000	0.000
112	  R	  2.1	  0.2	5.827	0.000	0.000
113	  K	  1.5	  0.1	5.827	0.000	0.000
114	  K	  4.1	  0.1	5.827	0.000	0.000
115	  L	  4.1	  0.1	4.476	0.000	0.000
116	  E	  4.1	  0.0	3.276	0.000	0.000
117	  P	  0.1	  0.0	0.000	0.000	0.000
118	  L	  0.4	  0.0	0.000	0.000	0.000
119	  I	  1.2	  0.0	0.000	0.000	0.000
120	  K	  1.4	  0.1	0.000	0.000	0.000
121	  E	  1.2	  0.1	0.000	0.000	0.000
122	  H	  5.9	  0.1	0.144	0.000	0.000
123	  I	  8.7	  0.1	0.144	0.000	0.000
124	  E	  8.8	  0.0	0.144	0.000	0.000
125	  L	  3.6	  0.0	0.144	0.000	0.000
126	  R	  0.8	  0.1	0.144	0.000	0.000
127	  R	  0.6	  0.1	0.144	0.000	0.000
128	  T	  0.5	  0.1	1.345	0.000	0.000
129	  E	  1.1	  0.1	1.345	0.000	0.000
130	  M	  1.3	  0.1	1.506	0.000	0.000
131	  D	  1.3	  0.0	3.643	0.000	0.000
132	  A	  0.8	  0.0	3.643	0.000	0.000
133	  F	  2.3	  0.1	3.643	0.000	0.000
134	  R	  2.3	  0.0	2.939	0.000	0.000
135	  A	  2.3	  0.0	2.758	0.000	0.000
136	  K	  9.9	  0.0	2.758	0.000	0.000
137	  I	 10.2	  0.0	1.002	0.000	0.000
138	  E	  9.8	  0.0	1.002	0.000	0.000
139	  P	  0.5	  0.0	0.137	0.000	0.000
140	  V	  3.9	  0.0	0.485	0.000	0.000
141	  V	  4.5	  0.0	1.490	0.000	0.000
142	  E	  4.5	  0.0	2.663	0.000	0.000
143	  E	  0.9	  0.0	2.962	0.000	0.000
144	  M	  0.8	  0.0	2.962	0.000	0.000
145	  R	  0.9	  0.0	2.962	0.000	0.000
146	  A	  0.9	  0.0	2.962	0.000	0.000
147	  K	  2.3	  0.0	2.962	0.000	0.000
148	  V	  8.4	  0.0	0.957	2.546	2.546
149	  A	  8.4	  0.0	0.957	2.546	2.546
150	  V	 18.8	  0.0	0.475	2.546	2.546
151	  N	 16.4	  0.0	0.475	2.546	2.546
152	  V	 16.5	  0.0	0.000	2.546	2.546
153	  E	  5.3	  0.1	0.000	0.000	0.000
154	  E	  1.0	  0.1	0.000	0.000	0.000
155	  T	  2.2	  0.1	0.187	0.000	0.000
156	  K	  2.9	  0.1	0.187	0.000	0.000
157	  T	  3.5	  0.1	0.187	0.000	0.000
158	  K	  2.5	  0.1	0.187	0.000	0.000
159	  L	  1.7	  0.0	0.187	0.000	0.000
160	  M	  0.8	  0.0	0.187	0.000	0.000
161	  P	  0.1	  0.0	0.422	0.000	0.000
162	  I	  3.0	  0.0	0.422	0.159	0.159
163	  V	 10.4	  0.0	0.661	0.159	0.159
164	  E	 10.7	  0.0	0.927	0.159	0.159
165	  I	 12.6	  0.0	0.927	0.159	0.159
166	  V	  6.2	  0.0	0.927	0.159	0.159
167	  R	  5.9	  0.0	0.927	0.159	0.159
168	  A	  1.6	  0.0	0.927	0.000	0.000
169	  K	  2.4	  0.0	0.927	0.000	0.000
170	  L	  2.4	  0.0	0.000	0.000	0.000
171	  T	  2.3	  0.1	0.334	0.000	0.000
172	  E	  0.3	  0.1	0.334	0.000	0.000
173	  R	  0.7	  0.1	1.218	0.000	0.000
174	  L	  0.5	  0.1	1.218	0.000	0.000
175	  E	  0.5	  0.1	1.218	0.000	0.000
176	  E	  0.3	  0.1	1.218	0.000	0.000
177	  L	  0.5	  0.1	1.218	0.000	0.000
178	  R	  0.8	  0.1	1.218	0.000	0.000
179	  T	  1.1	  0.1	0.768	0.000	0.000
180	  L	  1.2	  0.1	0.768	0.000	0.000
181	  A	  0.8	  0.0	0.768	0.000	0.000
182	  A	  0.3	  0.2	0.512	0.000	0.000
183	  P	  0.0	  0.2	0.000	0.000	0.000
184	  Y	  0.4	  0.2	0.000	0.000	0.000
185	  A	  0.4	  0.2	0.000	0.000	0.000
186	  E	  0.5	  0.1	0.150	0.000	0.000
187	  E	  3.5	  0.1	0.301	0.000	0.000
188	  Y	  4.3	  0.1	0.301	0.000	0.000
189	  K	  4.4	  0.1	0.301	0.000	0.000
190	  E	  1.0	  0.1	0.301	0.000	0.000
191	  Q	  1.5	  0.1	0.301	0.000	0.000
192	  M	  1.7	  0.1	0.301	0.000	0.000
193	  F	  3.0	  0.1	0.301	0.000	0.000
194	  K	  1.9	  0.1	0.000	0.000	0.000
195	  A	  1.8	  0.1	0.000	0.000	0.000
196	  V	  0.5	  0.1	0.000	0.000	0.000
197	  G	  0.3	  0.0	0.137	0.000	0.000
198	  E	  2.0	  0.0	0.137	0.000	0.000
199	  V	  2.4	  0.1	0.137	0.000	0.000
200	  R	  2.4	  0.1	0.137	0.000	0.000
201	  E	  0.7	  0.1	0.137	0.000	0.000
202	  K	  5.5	  0.1	0.137	0.000	0.000
203	  V	  6.0	  0.0	0.000	0.000	0.000
204	  A	  5.9	  0.0	0.000	0.000	0.000
205	  P	  0.5	  0.0	0.000	0.000	0.000
206	  L	  0.0	  0.1	0.000	0.000	0.000
207	  S	  0.1	  2.3	0.517	0.000	0.000
208	  E	  0.2	  2.3	0.517	0.000	0.000
209	  D	  0.6	  2.3	0.517	0.000	0.000
210	  F	  1.0	  3.1	0.517	0.000	0.000
211	  K	  0.9	  1.0	0.517	0.000	0.000
212	  G	  0.4	  1.0	0.517	0.000	0.000
213	  Q	  0.2	  1.0	0.299	0.000	0.000
214	  M	  0.2	  0.1	0.000	0.000	0.000
215	  G	  0.2	  0.0	1.727	0.000	0.000
216	  P	  0.0	  0.0	2.215	0.000	0.000
217	  A	  0.0	  0.0	3.130	0.000	0.000
218	  A	  0.0	  0.1	4.475	0.000	0.000
219	  E	  0.0	  0.1	6.333	0.000	0.000
220	  E	  0.5	  0.1	8.079	0.000	0.000
221	  A	  0.6	  0.1	7.924	0.000	0.000
222	  K	  0.9	  0.1	7.924	0.000	0.000
223	  Q	  0.7	  0.1	7.234	0.000	0.000
224	  K	  0.9	  0.1	6.330	0.086	0.086
225	  L	  0.9	  0.1	5.396	53.220	53.220
226	  L	  0.8	  0.0	4.674	53.220	53.220
227	  A	  0.8	  0.0	4.147	53.220	53.220
228	  F	  2.8	  0.0	3.700	53.220	53.220
229	  Y	  2.9	  0.1	0.709	53.220	53.220
230	  E	  2.7	  0.1	0.000	0.086	0.086
231	  T	 14.2	  0.1	0.000	0.086	0.086
232	  I	 14.8	  0.1	0.000	0.086	0.086
233	  S	 14.9	  0.1	0.000	0.000	0.000
234	  Q	  1.6	  0.1	0.000	0.000	0.000
235	  A	  0.5	  0.1	0.000	0.000	0.000
236	  M	  0.9	  0.0	0.000	0.000	0.000
237	  K	  0.7	  0.0	0.000	0.000	0.000
238	  A	  0.5	  0.0	0.000	0.000	0.000
