res	aa	Beta	Turn	Helix	Aggregation	Conc-Stab_Aggregation
01	  A	  0.0	  0.3	0.000	0.000	0.000
02	  P	  0.0	  0.4	0.000	0.000	0.000
03	  S	  0.2	  0.5	0.000	0.000	0.000
04	  Q	  1.6	  0.5	0.000	0.000	0.000
05	  L	  1.9	  0.2	0.000	0.000	0.000
06	  E	  1.8	  0.1	0.000	0.000	0.000
07	  H	  2.5	  0.0	0.000	0.000	0.000
08	  V	 17.5	  0.0	0.000	0.000	0.000
09	  K	 19.4	  0.0	0.000	0.000	0.000
10	  V	 20.8	  0.0	0.000	0.000	0.000
11	  A	  6.3	  0.0	0.000	0.000	0.000
12	  M	  3.8	  0.0	0.000	0.000	0.000
13	  M	  1.5	  0.0	0.000	0.000	0.000
14	  E	  1.2	  0.0	0.000	0.000	0.000
15	  Y	  1.9	  0.0	0.000	0.000	0.000
16	  M	  1.0	  0.0	0.000	0.000	0.000
17	  A	  1.0	  0.0	0.000	0.000	0.000
18	  Q	  1.4	  0.0	0.000	0.000	0.000
19	  V	  3.1	  0.0	0.000	0.000	0.000
20	  K	  3.2	  0.1	0.000	0.000	0.000
21	  E	  2.1	  0.1	0.000	0.000	0.000
22	  T	  1.6	  0.1	0.000	0.000	0.000
23	  A	  1.4	  0.1	0.000	0.000	0.000
24	  Q	  1.7	  0.1	0.000	0.000	0.000
25	  R	  1.3	  0.1	0.000	0.000	0.000
26	  S	  4.5	  0.4	0.000	0.000	0.000
27	  I	  7.3	  0.4	0.000	0.000	0.000
28	  D	  6.5	  0.3	0.000	0.000	0.000
29	  L	  3.6	  0.3	0.000	0.000	0.000
30	  L	  0.5	  0.1	0.000	0.000	0.000
31	  D	  0.5	  0.2	0.000	0.000	0.000
32	  D	  0.3	  0.2	0.306	0.000	0.000
33	  T	  0.4	  0.2	0.708	0.000	0.000
34	  E	  3.7	  0.1	0.708	0.000	0.000
35	  F	  4.3	  0.1	0.708	0.000	0.000
36	  K	  4.2	  0.1	0.708	0.000	0.000
37	  E	  4.1	  0.1	0.708	0.000	0.000
38	  Y	  5.9	  0.1	0.708	0.000	0.000
39	  K	  7.3	  0.0	0.305	0.000	0.000
40	  V	  8.8	  0.0	0.000	0.000	0.000
41	  Q	  6.9	  0.0	0.000	0.000	0.000
42	  L	  5.6	  0.1	0.000	0.000	0.000
43	  S	  2.7	  0.6	0.000	0.000	0.000
44	  Q	  2.1	  0.6	0.000	0.000	0.000
45	  S	  4.5	  1.5	0.290	0.000	0.000
46	  L	  3.0	  1.6	0.290	0.000	0.000
47	  D	  2.7	  1.0	0.290	0.000	0.000
48	  N	  0.4	  1.0	0.290	0.000	0.000
49	  L	  0.4	  0.2	0.290	0.000	0.000
50	  Q	  1.8	  0.1	0.290	0.000	0.000
51	  Q	  2.1	  0.1	0.138	0.000	0.000
52	  Y	  2.5	  0.1	0.000	0.000	0.000
53	  A	  1.2	  0.0	0.000	0.000	0.000
54	  Q	  0.8	  0.1	0.000	0.000	0.000
55	  T	  3.4	  0.1	0.000	0.000	0.000
56	  T	  4.7	  0.1	0.000	0.000	0.000
57	  S	  6.3	  0.7	0.000	0.000	0.000
58	  Q	  3.4	  0.7	0.000	0.000	0.000
59	  S	  2.4	  0.7	0.000	0.000	0.000
60	  L	  0.6	  0.6	0.000	0.000	0.000
61	  A	  0.4	  0.2	0.000	0.000	0.000
62	  P	  0.1	  0.1	0.000	0.000	0.000
63	  Y	  0.8	  0.2	0.000	0.000	0.000
64	  S	  0.8	  0.3	0.000	0.000	0.000
65	  E	  0.9	  0.1	0.000	0.000	0.000
66	  A	  0.3	  0.3	0.000	0.000	0.000
67	  F	  0.5	  0.5	0.000	0.000	0.000
68	  G	  0.4	  0.4	0.000	0.000	0.000
69	  A	  0.5	  0.4	0.000	0.000	0.000
70	  Q	  1.4	  0.3	0.000	0.000	0.000
71	  L	  1.6	  0.1	0.000	0.000	0.000
72	  T	  1.4	  0.1	2.249	0.000	0.000
73	  D	  0.4	  0.1	3.968	0.000	0.000
74	  A	  0.1	  0.1	3.968	0.781	0.781
75	  A	  0.1	  0.0	3.968	0.781	0.781
76	  A	  0.3	  0.0	3.968	0.781	0.781
77	  A	  0.8	  0.0	3.968	0.781	0.781
78	  V	  2.1	  0.0	3.216	0.781	0.781
79	  R	  2.1	  0.0	2.829	0.000	0.000
80	  A	  1.7	  0.0	1.421	0.000	0.000
81	  E	  0.9	  0.0	1.100	0.000	0.000
82	  V	  2.2	  0.0	0.152	0.000	0.000
83	  M	  2.2	  0.2	0.152	0.000	0.000
84	  K	  1.9	  0.2	0.000	0.000	0.000
85	  D	  3.1	  0.2	1.893	0.000	0.000
86	  V	  3.5	  0.2	1.893	0.000	0.000
87	  E	  3.2	  0.1	1.893	0.000	0.000
88	  E	  0.9	  0.1	1.893	0.000	0.000
89	  L	  0.5	  0.1	1.893	0.000	0.000
90	  R	  0.7	  0.1	1.893	0.000	0.000
91	  T	  1.5	  0.1	1.268	0.000	0.000
92	  Q	  5.1	  0.1	1.268	0.000	0.000
93	  L	  4.9	  0.0	0.707	0.000	0.000
94	  E	  3.9	  0.0	1.819	0.000	0.000
95	  P	  0.2	  0.1	1.402	0.000	0.000
96	  K	  0.3	  0.1	1.402	0.000	0.000
97	  R	  0.3	  0.1	1.402	0.000	0.000
98	  A	  0.5	  0.1	1.402	0.000	0.000
99	  E	  1.6	  0.1	1.967	0.000	0.000
100	  L	  1.6	  0.1	1.483	0.000	0.000
101	  K	  2.1	  0.1	1.213	0.000	0.000
102	  E	  1.2	  0.0	0.846	0.000	0.000
103	  V	  4.0	  0.0	0.846	0.000	0.000
104	  L	  3.5	  0.0	0.846	0.000	0.000
105	  D	  3.0	  0.1	1.257	0.000	0.000
106	  K	  0.7	  0.1	1.257	0.000	0.000
107	  H	  5.9	  0.1	0.734	0.000	0.000
108	  I	  6.1	  0.1	0.532	0.000	0.000
109	  D	  5.5	  0.2	5.571	0.000	0.000
110	  E	  0.9	  0.2	6.317	0.000	0.000
111	  Y	  2.1	  0.2	6.317	0.000	0.000
112	  R	  2.1	  0.2	6.317	0.000	0.000
113	  K	  1.5	  0.1	6.317	0.000	0.000
114	  K	  4.1	  0.1	6.187	0.000	0.000
115	  L	  4.1	  0.1	4.723	0.000	0.000
116	  E	  4.0	  0.0	3.658	0.000	0.000
117	  P	  0.1	  0.0	0.126	0.000	0.000
118	  L	  0.4	  0.0	0.126	0.000	0.000
119	  I	  1.3	  0.0	0.126	0.000	0.000
120	  K	  1.7	  0.0	0.126	0.000	0.000
121	  E	  1.7	  0.0	0.126	0.000	0.000
122	  I	  4.1	  0.0	0.126	0.000	0.000
123	  V	  4.9	  0.0	0.262	0.000	0.000
124	  E	  4.6	  0.1	0.408	0.000	0.000
125	  Q	  1.7	  0.1	0.408	0.000	0.000
126	  R	  0.7	  0.1	0.282	0.000	0.000
127	  R	  0.7	  0.1	0.282	0.000	0.000
128	  T	  0.5	  0.1	1.877	0.000	0.000
129	  E	  0.4	  0.1	1.877	0.000	0.000
130	  L	  0.5	  0.1	1.877	0.000	0.000
131	  E	  0.5	  0.1	1.877	0.000	0.000
132	  A	  0.7	  0.1	1.877	0.000	0.000
133	  F	  4.4	  0.1	1.877	0.000	0.000
134	  R	  5.8	  0.0	0.574	0.000	0.000
135	  V	 13.7	  0.0	0.354	0.000	0.000
136	  K	 13.9	  0.0	0.354	0.000	0.000
137	  M	 12.5	  0.0	0.154	0.000	0.000
138	  E	  5.2	  0.0	0.154	0.000	0.000
139	  P	  0.1	  0.0	0.143	0.000	0.000
140	  V	  4.2	  0.0	0.681	0.000	0.000
141	  V	  4.8	  0.0	1.679	0.000	0.000
142	  E	  4.8	  0.0	2.816	0.000	0.000
143	  E	  0.9	  0.0	3.048	0.000	0.000
144	  M	  0.9	  0.0	3.048	0.000	0.000
145	  R	  0.9	  0.0	3.048	0.000	0.000
146	  A	  1.0	  0.0	3.048	0.000	0.000
147	  K	  1.7	  0.0	3.048	0.000	0.000
148	  V	  2.6	  0.0	0.884	0.000	0.000
149	  S	  2.9	  0.4	0.884	0.000	0.000
150	  T	  2.4	  0.4	0.000	0.000	0.000
151	  N	  5.9	  0.4	0.416	0.000	0.000
152	  V	  5.8	  0.3	0.546	0.000	0.000
153	  E	  5.1	  0.1	1.333	0.000	0.000
154	  E	  1.2	  0.1	1.549	0.000	0.000
155	  T	  1.1	  0.1	2.381	0.000	0.000
156	  K	  1.4	  0.1	2.381	0.000	0.000
157	  A	  1.1	  0.1	2.381	0.000	0.000
158	  K	  1.2	  0.1	2.381	0.000	0.000
159	  L	  1.0	  0.0	1.978	0.000	0.000
160	  M	  0.8	  0.0	1.794	0.000	0.000
161	  P	  0.1	  0.0	0.000	0.000	0.000
162	  I	  2.9	  0.0	0.000	0.000	0.000
163	  V	  3.5	  0.0	0.205	0.000	0.000
164	  E	  3.6	  0.0	0.387	0.000	0.000
165	  T	  8.5	  0.0	2.367	0.000	0.000
166	  V	  9.0	  0.0	2.367	0.000	0.000
167	  R	  9.1	  0.0	2.367	0.000	0.000
168	  A	  1.7	  0.0	2.367	0.000	0.000
169	  K	  2.3	  0.0	2.367	0.000	0.000
170	  L	  2.3	  0.0	1.980	0.000	0.000
171	  T	  2.2	  0.1	1.784	0.000	0.000
172	  E	  0.3	  0.1	1.784	0.000	0.000
173	  R	  0.7	  0.1	2.138	0.000	0.000
174	  L	  0.5	  0.1	1.663	0.000	0.000
175	  E	  0.5	  0.1	1.663	0.000	0.000
176	  E	  0.3	  0.1	1.522	0.000	0.000
177	  L	  0.5	  0.1	1.522	0.000	0.000
178	  R	  0.8	  0.1	1.522	0.000	0.000
179	  T	  1.1	  0.1	0.896	0.000	0.000
180	  L	  1.1	  0.1	0.896	0.000	0.000
181	  A	  0.8	  0.0	0.896	0.000	0.000
182	  A	  0.3	  0.2	0.644	0.000	0.000
183	  P	  0.0	  0.2	0.000	0.000	0.000
184	  Y	  0.4	  0.2	0.000	0.000	0.000
185	  A	  0.4	  0.2	0.000	0.000	0.000
186	  E	  0.5	  0.1	0.150	0.000	0.000
187	  E	  3.5	  0.1	0.301	0.000	0.000
188	  Y	  4.3	  0.1	0.301	0.000	0.000
189	  K	  4.4	  0.1	0.301	0.000	0.000
190	  E	  1.0	  0.1	0.301	0.000	0.000
191	  Q	  1.5	  0.1	0.301	0.000	0.000
192	  M	  1.7	  0.1	0.301	0.000	0.000
193	  F	  3.0	  0.1	0.301	0.000	0.000
194	  K	  1.9	  0.1	0.000	0.000	0.000
195	  A	  1.8	  0.1	0.000	0.000	0.000
196	  V	  0.5	  0.1	0.000	0.000	0.000
197	  G	  0.3	  0.0	0.145	0.000	0.000
198	  E	  2.1	  0.0	0.145	0.000	0.000
199	  V	  2.5	  0.1	0.145	0.000	0.000
200	  R	  2.6	  0.1	0.145	0.000	0.000
201	  E	  0.7	  0.1	0.145	0.000	0.000
202	  K	  0.6	  0.1	0.145	0.000	0.000
203	  V	  0.6	  0.1	0.000	0.000	0.000
204	  G	  0.5	  0.1	0.000	0.000	0.000
205	  P	  0.0	  0.1	0.000	0.000	0.000
206	  L	  0.4	  0.2	0.000	0.000	0.000
207	  T	  0.5	  0.2	0.000	0.000	0.000
208	  N	  0.6	  0.2	0.000	0.000	0.000
209	  D	  0.7	  0.2	0.000	0.000	0.000
210	  F	  1.1	  1.1	0.000	0.000	0.000
211	  K	  0.9	  1.0	0.000	0.000	0.000
212	  G	  0.4	  1.0	0.000	0.000	0.000
213	  Q	  0.1	  1.0	0.000	0.000	0.000
214	  V	  0.1	  0.1	0.000	0.000	0.000
215	  G	  0.1	  0.1	0.675	0.000	0.000
216	  P	  0.0	  0.1	0.675	0.000	0.000
217	  A	  0.0	  0.1	0.675	0.000	0.000
218	  A	  0.1	  0.1	0.675	0.000	0.000
219	  E	  0.1	  0.1	0.861	0.000	0.000
220	  Q	  0.3	  0.1	0.861	0.000	0.000
221	  A	  0.3	  0.2	0.525	0.000	0.000
222	  K	  0.6	  0.1	0.525	0.000	0.000
223	  E	  0.4	  0.1	0.186	0.000	0.000
224	  K	  0.7	  0.1	0.186	0.211	0.211
225	  L	  0.7	  0.1	0.000	9.570	9.570
226	  M	  1.0	  0.0	0.000	9.570	9.570
227	  A	  1.0	  0.0	0.000	9.570	9.570
228	  F	  3.0	  0.0	0.000	9.570	9.570
229	  Y	  3.1	  0.1	0.000	9.570	9.570
230	  E	  2.8	  0.1	0.000	0.211	0.211
231	  T	 14.3	  0.1	0.000	0.211	0.211
232	  I	 14.9	  0.2	0.000	0.211	0.211
233	  S	 15.0	  0.1	0.000	0.000	0.000
234	  Q	  1.6	  0.1	0.000	0.000	0.000
235	  A	  0.7	  0.1	0.000	0.000	0.000
236	  I	  2.3	  0.0	0.000	0.000	0.000
237	  K	  2.2	  0.0	0.000	0.000	0.000
238	  A	  1.8	  0.0	0.000	0.000	0.000
