res	aa	Beta	Turn	Helix	Aggregation	Conc-Stab_Aggregation
01	  D	  0.0	  0.0	0.000	0.000	0.000
02	  D	  0.0	  0.5	0.000	0.000	0.000
03	  P	  0.0	  0.5	0.000	0.000	0.000
04	  Q	  0.0	  0.5	0.000	0.000	0.000
05	  T	  0.0	  0.5	1.194	0.000	0.000
06	  P	  0.0	  0.0	1.194	0.000	0.000
07	  I	  0.5	  0.0	1.194	0.000	0.000
08	  D	  0.5	  0.1	2.023	0.000	0.000
09	  R	  1.2	  0.1	2.023	0.000	0.000
10	  L	  0.9	  0.2	2.023	0.000	0.000
11	  R	  1.0	  0.3	1.673	0.000	0.000
12	  D	  0.3	  0.3	1.461	0.000	0.000
13	  Q	  1.0	  0.3	1.217	0.153	0.153
14	  L	  4.3	  0.1	0.545	0.884	0.884
15	  N	  8.6	  0.1	0.545	0.884	0.884
16	  V	 10.1	  0.0	0.000	1.325	1.325
17	  Y	  7.8	  0.0	0.000	1.325	1.325
18	  I	  3.8	  0.0	0.000	1.325	1.325
19	  E	  1.5	  0.0	0.000	0.442	0.442
20	  T	 16.7	  0.0	0.000	0.442	0.442
21	  V	 18.3	  0.1	0.000	0.442	0.442
22	  K	 18.3	  0.3	0.000	0.442	0.442
23	  A	  2.5	  0.4	0.000	0.202	0.202
24	  G	  0.1	  0.4	0.000	0.000	0.000
25	  A	  0.0	  0.4	0.000	0.000	0.000
26	  R	  0.1	  0.2	0.000	0.000	0.000
27	  E	  0.1	  0.1	0.000	0.000	0.000
28	  A	  0.5	  0.1	0.000	0.000	0.000
29	  I	  1.7	  0.1	0.000	0.000	0.000
30	  S	  2.2	  0.1	0.000	0.000	0.000
31	  Q	  3.7	  0.1	0.000	0.000	0.000
32	  F	  3.4	  0.2	0.000	0.000	0.000
33	  D	  2.9	  1.4	0.000	0.000	0.000
34	  S	  2.1	  2.2	0.000	0.000	0.000
35	  S	  1.4	  2.2	0.000	0.000	0.000
36	  S	  2.2	  2.5	0.000	0.000	0.000
37	  F	  1.3	  1.3	0.000	0.000	0.000
38	  G	  1.0	  0.5	0.000	0.000	0.000
39	  Q	  0.5	  0.5	0.000	0.000	0.000
40	  Q	  1.1	  0.2	0.000	0.000	0.000
41	  L	  3.3	  0.1	0.000	0.000	0.000
42	  D	  4.4	  0.0	0.000	0.000	0.000
43	  V	 11.1	  0.0	0.000	0.000	0.000
44	  K	  9.2	  0.0	0.000	0.000	0.000
45	  L	  7.8	  0.0	0.000	0.000	0.000
46	  A	  0.4	  0.0	0.000	0.000	0.000
47	  E	  0.0	  0.0	0.000	0.000	0.000
48	  H	  0.0	  0.0	0.000	0.000	0.000
49	  F	  0.0	  0.0	100.000	0.000	0.000
50	  D	  0.0	  0.0	100.000	0.000	0.000
51	  T	  0.0	  0.0	100.000	0.000	0.000
52	  L	  0.0	  0.0	100.000	0.000	0.000
53	  G	  0.0	  0.0	100.000	0.000	0.000
54	  A	  0.0	  0.0	100.000	0.000	0.000
55	  A	  0.0	  0.0	100.000	0.000	0.000
56	  A	  0.0	  0.0	100.000	0.000	0.000
57	  V	  0.0	  0.0	100.000	0.000	0.000
58	  K	  0.0	  0.0	100.000	0.000	0.000
59	  L	  0.0	  0.0	100.000	0.000	0.000
60	  R	  0.0	  0.0	100.000	0.000	0.000
61	  E	  0.0	  0.0	100.000	0.000	0.000
62	  E	  0.0	  0.0	0.000	0.000	0.000
63	  L	  0.0	  0.0	0.000	0.000	0.000
64	  A	  0.0	  0.2	0.000	0.000	0.000
65	  P	  0.0	  0.2	0.000	0.000	0.000
66	  H	  1.7	  0.2	0.000	0.000	0.000
67	  V	  3.0	  0.2	0.000	0.000	0.000
68	  Q	  3.2	  0.0	0.000	0.000	0.000
69	  A	  1.8	  0.0	0.000	0.000	0.000
70	  L	  0.6	  0.1	0.000	0.000	0.000
71	  K	  0.9	  0.1	0.000	0.000	0.000
72	  T	  0.7	  0.1	0.000	0.000	0.000
73	  E	  0.7	  0.1	0.000	0.000	0.000
74	  L	  0.5	  0.2	0.000	0.000	0.000
75	  E	  0.4	  0.4	0.000	0.000	0.000
76	  S	  0.2	  0.3	0.000	0.000	0.000
77	  D	  0.2	  0.3	0.638	0.000	0.000
78	  L	  0.4	  0.3	0.638	0.000	0.000
79	  Q	  0.6	  0.2	0.638	0.000	0.000
80	  N	  0.8	  0.2	0.638	0.000	0.000
81	  L	  0.6	  0.2	0.638	0.000	0.000
82	  Q	  0.8	  0.1	0.638	0.000	0.000
83	  Q	  0.6	  0.1	0.296	0.000	0.000
84	  E	  4.4	  0.1	0.000	0.000	0.000
85	  I	  6.7	  0.0	0.000	0.000	0.000
86	  T	  7.1	  0.3	0.000	0.000	0.000
87	  K	  3.3	  0.3	0.000	0.000	0.000
88	  D	  1.0	  0.7	0.635	0.000	0.000
89	  F	  0.8	  0.8	0.635	0.000	0.000
90	  D	  0.7	  0.6	2.599	0.000	0.000
91	  E	  1.6	  0.6	2.862	0.000	0.000
92	  L	  1.6	  0.3	2.862	0.000	0.000
93	  K	  2.4	  0.2	2.862	0.000	0.000
94	  T	  2.0	  0.1	2.683	0.000	0.000
95	  K	  3.0	  0.1	2.683	0.000	0.000
96	  L	  2.4	  0.0	1.988	0.000	0.000
97	  Q	  1.4	  0.0	1.592	0.000	0.000
98	  P	  0.1	  0.0	0.000	0.000	0.000
99	  Y	  2.6	  0.0	0.000	0.000	0.000
100	  Y	  3.5	  0.6	0.000	0.000	0.000
101	  E	  3.5	  0.6	0.000	0.000	0.000
102	  D	  1.1	  1.3	0.153	0.000	0.000
103	  L	  0.5	  1.4	0.153	0.000	0.000
104	  S	  0.6	  1.4	0.403	0.000	0.000
105	  K	  0.4	  1.4	0.403	0.000	0.000
106	  G	  0.1	  1.1	0.403	0.000	0.000
107	  A	  0.0	  1.4	0.403	0.000	0.000
108	  E	  0.0	  0.8	0.249	0.000	0.000
109	  G	  0.1	  0.7	0.500	0.000	0.000
110	  F	  2.6	  0.5	0.500	0.000	0.000
111	  R	  2.9	  0.1	0.251	0.000	0.000
112	  Q	  2.9	  0.1	0.251	0.000	0.000
113	  K	  1.3	  0.1	0.251	0.000	0.000
114	  A	  1.0	  0.1	0.251	0.000	0.000
115	  E	  0.9	  0.0	0.251	0.000	0.000
116	  P	  0.0	  0.0	0.000	0.000	0.000
117	  V	  4.5	  0.0	0.000	0.000	0.000
118	  V	  5.1	  0.0	0.000	0.000	0.000
119	  Q	  5.3	  0.0	0.000	0.000	0.000
120	  E	  1.2	  0.0	0.000	0.000	0.000
121	  L	  0.6	  0.1	0.000	0.000	0.000
122	  Q	  0.9	  0.1	0.000	0.000	0.000
123	  Q	  1.6	  0.1	0.000	0.000	0.000
124	  L	  1.6	  0.1	0.000	0.000	0.000
125	  T	  3.0	  0.1	0.292	0.000	0.000
126	  R	  3.6	  0.2	0.292	0.000	0.000
127	  Q	  3.6	  0.2	0.292	0.000	0.000
128	  N	  2.3	  0.2	0.855	0.000	0.000
129	  L	  0.7	  0.2	0.855	0.000	0.000
130	  E	  0.5	  0.1	0.855	0.000	0.000
131	  T	 10.7	  0.1	1.285	0.000	0.000
132	  V	 11.2	  0.1	1.285	0.000	0.000
133	  Q	 11.3	  0.1	1.285	0.000	0.000
134	  E	  0.9	  0.1	0.762	0.000	0.000
135	  K	  3.3	  0.1	0.762	0.000	0.000
136	  L	  3.3	  0.1	0.589	0.000	0.000
137	  T	  3.2	  0.0	0.297	0.000	0.000
138	  P	  0.2	  0.0	0.000	0.000	0.000
139	  V	  4.3	  0.0	0.000	0.000	0.000
140	  V	  7.3	  0.0	0.000	0.000	0.000
141	  E	  7.4	  0.0	0.000	0.000	0.000
142	  H	  5.0	  0.0	0.000	0.000	0.000
143	  V	  2.7	  0.1	0.000	0.000	0.000
144	  R	  2.7	  0.2	0.000	0.000	0.000
145	  D	  1.0	  0.3	0.000	0.000	0.000
146	  N	  0.8	  0.3	0.546	0.000	0.000
147	  L	  1.2	  0.2	0.546	0.000	0.000
148	  R	  1.3	  0.0	0.546	0.000	0.000
149	  A	  1.7	  0.0	0.546	0.000	0.000
150	  H	  6.6	  0.0	0.717	0.000	0.000
151	  I	  6.7	  0.0	0.868	0.000	0.000
152	  E	  5.6	  0.0	1.033	0.000	0.000
153	  E	  1.4	  0.0	1.033	0.000	0.000
154	  I	  2.7	  0.1	0.840	0.000	0.000
155	  R	  3.0	  0.1	0.840	0.000	0.000
156	  S	  2.6	  0.1	0.840	0.000	0.000
157	  K	  1.2	  0.1	0.695	0.000	0.000
158	  V	  0.9	  0.0	0.000	0.000	0.000
159	  P	  0.3	  0.0	0.000	0.000	0.000
160	  T	  0.4	  0.0	0.522	0.000	0.000
161	  I	  0.5	  0.2	0.522	0.000	0.000
162	  G	  0.5	  0.6	3.547	0.000	0.000
163	  E	  0.1	  0.6	3.878	0.000	0.000
164	  D	  0.4	  0.6	7.021	0.000	0.000
165	  L	  0.7	  0.4	7.021	0.000	0.000
166	  R	  1.2	  0.1	7.021	0.000	0.000
167	  Q	  0.9	  0.1	7.021	0.000	0.000
168	  R	  0.7	  0.1	6.016	0.000	0.000
169	  A	  0.5	  0.1	5.648	0.000	0.000
170	  S	  1.2	  0.1	6.154	0.000	0.000
171	  Q	  1.3	  0.1	4.263	0.000	0.000
172	  R	  1.6	  0.1	2.592	0.000	0.000
173	  L	  0.9	  0.1	1.934	0.000	0.000
174	  Q	  0.7	  0.1	1.777	0.000	0.000
175	  E	  0.4	  0.1	1.777	0.000	0.000
176	  L	  0.4	  0.1	1.643	0.000	0.000
177	  R	  0.4	  0.2	1.504	0.000	0.000
178	  E	  0.1	  0.4	1.126	0.000	0.000
179	  K	  0.1	  0.4	0.949	0.000	0.000
180	  G	  0.0	  0.4	0.696	0.000	0.000
181	  L	  0.0	  0.4	0.000	0.000	0.000
182	  P	  0.0	  0.3	0.000	0.000	0.000
183	  E	  0.0	  0.3	0.000	0.000	0.000
184	  L	  0.0	  0.7	0.000	0.000	0.000
185	  G	  0.0	  0.5	0.235	0.000	0.000
186	  E	  1.6	  0.3	0.379	0.000	0.000
187	  Y	  3.7	  0.4	0.379	0.000	0.000
188	  Q	  5.0	  0.0	0.379	0.000	0.000
189	  Q	  4.6	  0.0	0.379	0.000	0.000
190	  Y	  3.7	  0.0	0.379	1.265	1.265
191	  L	  3.0	  0.0	0.379	1.265	1.265
192	  S	  2.0	  0.0	0.967	1.265	1.265
193	  A	  1.2	  0.0	0.967	1.265	1.265
194	  L	  0.5	  0.1	0.967	1.265	1.265
195	  R	  0.4	  0.1	0.967	0.000	0.000
196	  E	  0.2	  0.1	0.588	0.000	0.000
197	  K	  1.0	  0.1	0.588	0.000	0.000
198	  L	  1.0	  0.1	0.207	0.000	0.000
199	  A	  1.0	  0.0	0.207	0.000	0.000
200	  P	  0.1	  0.0	0.000	0.000	0.000
201	  V	  0.8	  0.2	0.000	0.000	0.000
202	  A	  0.8	  0.2	0.260	0.000	0.000
203	  D	  0.8	  0.2	1.263	0.000	0.000
204	  K	  2.0	  0.2	1.263	0.000	0.000
205	  V	  3.4	  0.0	1.263	0.000	0.000
206	  R	  3.4	  0.0	1.263	0.000	0.000
207	  A	  1.9	  0.0	1.263	0.000	0.000
208	  Q	  1.5	  0.0	1.263	0.000	0.000
209	  I	  1.8	  0.0	0.160	0.000	0.000
210	  A	  1.4	  0.0	0.160	0.000	0.000
211	  P	  0.4	  0.0	0.000	0.000	0.000
212	  A	  0.4	  0.0	0.000	0.000	0.000
213	  V	  1.6	  0.1	0.000	0.000	0.000
214	  E	  1.6	  0.1	0.000	0.000	0.000
215	  N	  1.3	  0.1	0.000	0.000	0.000
216	  A	  0.2	  0.3	0.000	0.000	0.000
217	  K	  0.6	  0.2	0.000	0.000	0.000
218	  S	  0.7	  0.2	0.000	0.000	0.000
219	  H	  1.3	  0.2	0.000	0.000	0.000
220	  L	  1.0	  0.1	0.000	0.000	0.000
221	  Q	  1.0	  0.1	0.000	0.000	0.000
222	  T	  1.2	  0.1	0.184	0.000	0.000
223	  L	  1.6	  0.1	0.184	0.224	0.224
224	  L	  1.6	  0.1	0.184	0.224	0.224
225	  S	  0.9	  0.1	0.337	0.224	0.224
226	  T	  3.5	  0.1	0.617	0.224	0.224
227	  L	  3.5	  0.1	0.617	0.224	0.224
228	  Q	  3.5	  0.2	0.617	0.000	0.000
229	  K	  0.5	  0.2	0.433	0.000	0.000
230	  N	  0.7	  0.2	0.433	0.000	0.000
231	  L	  0.6	  0.2	0.280	0.000	0.000
232	  E	  0.7	  0.1	0.280	0.000	0.000
233	  Q	  0.5	  0.1	0.280	0.000	0.000
234	  Q	  0.8	  0.1	0.000	0.000	0.000
235	  Q	  1.1	  0.1	0.000	0.000	0.000
236	  Q	  1.1	  0.1	0.000	0.000	0.000
237	  Q	  1.1	  0.1	0.000	0.000	0.000
238	  Q	  1.1	  0.1	0.000	0.000	0.000
239	  Q	  1.0	  0.1	0.000	0.000	0.000
240	  Q	  0.9	  0.1	0.000	0.000	0.000
241	  V	  2.5	  0.0	0.000	0.000	0.000
242	  A	  2.2	  0.0	0.000	0.000	0.000
243	  S	  2.0	  0.0	0.000	0.000	0.000
