res	aa	Beta	Turn	Helix	Aggregation	Conc-Stab_Aggregation
01	  D	  0.0	  0.0	0.000	0.000	0.000
02	  E	  0.0	  0.0	0.000	0.000	0.000
03	  P	  0.0	  0.3	0.000	0.000	0.000
04	  P	  0.0	  0.3	0.000	0.000	0.000
05	  Q	  0.0	  0.3	0.000	0.000	0.000
06	  S	  0.0	  0.5	0.178	0.000	0.000
07	  P	  0.0	  0.3	0.178	0.000	0.000
08	  W	  0.2	  0.3	0.178	0.000	0.000
09	  D	  0.3	  0.3	0.178	0.000	0.000
10	  R	  2.0	  0.1	0.178	0.000	0.000
11	  V	  3.3	  0.2	0.178	0.434	0.434
12	  K	  3.4	  0.1	0.178	0.526	0.526
13	  D	  1.7	  0.1	2.147	0.526	0.526
14	  L	  0.1	  0.1	2.147	40.685	40.685
15	  A	  0.8	  0.0	2.147	41.937	41.937
16	  T	  6.9	  0.0	2.147	41.937	41.937
17	  V	 12.7	  0.0	2.147	41.937	41.937
18	  Y	 13.3	  0.0	2.147	41.937	41.937
19	  V	  8.6	  0.1	0.404	38.674	38.674
20	  D	  2.7	  0.1	0.404	0.000	0.000
21	  S	  2.9	  0.1	0.131	0.000	0.000
22	  V	  3.5	  0.1	0.000	0.000	0.000
23	  K	  3.4	  0.3	0.000	0.000	0.000
24	  D	  1.7	  1.1	0.000	0.000	0.000
25	  S	  0.2	  1.5	0.000	0.000	0.000
26	  G	  0.1	  1.7	0.000	0.000	0.000
27	  R	  0.4	  1.5	0.000	0.000	0.000
28	  D	  0.7	  0.7	0.000	0.000	0.000
29	  Y	  2.4	  0.3	0.000	0.000	0.000
30	  V	  4.0	  0.1	0.000	0.000	0.000
31	  S	  4.1	  0.1	0.000	0.000	0.000
32	  Q	  9.6	  0.1	0.000	0.000	0.000
33	  F	  9.0	  0.2	0.000	0.000	0.000
34	  E	  8.6	  0.2	0.000	0.000	0.000
35	  S	  1.6	  0.2	0.420	0.000	0.000
36	  S	  0.3	  0.5	1.113	0.000	0.000
37	  A	  0.3	  0.5	1.113	0.000	0.000
38	  L	  0.2	  0.5	1.113	0.000	0.000
39	  G	  0.1	  0.5	1.113	0.000	0.000
40	  K	  0.2	  0.3	1.113	0.000	0.000
41	  Q	  1.1	  0.2	0.694	0.000	0.000
42	  L	  2.8	  0.1	0.450	0.000	0.000
43	  N	  3.0	  0.0	1.272	0.000	0.000
44	  L	  3.6	  0.0	1.117	0.000	0.000
45	  K	  2.2	  0.0	0.979	0.000	0.000
46	  L	  2.2	  0.0	0.821	0.000	0.000
47	  L	  0.8	  0.3	0.821	0.000	0.000
48	  D	  0.6	  0.3	0.821	0.000	0.000
49	  N	  0.8	  0.9	0.357	0.000	0.000
50	  W	  1.3	  1.1	0.000	0.000	0.000
51	  D	  1.2	  0.9	0.000	0.000	0.000
52	  S	  2.4	  0.9	0.000	0.000	0.000
53	  L	  2.4	  0.3	0.000	0.336	0.336
54	  T	  3.2	  0.2	0.000	0.336	0.336
55	  S	  2.0	  0.1	0.000	0.336	0.336
56	  T	  7.4	  0.1	0.000	0.336	0.336
57	  V	  7.0	  0.1	0.000	0.336	0.336
58	  N	  6.5	  0.1	0.435	0.000	0.000
59	  K	  1.2	  0.1	0.435	0.000	0.000
60	  L	  0.8	  0.1	0.435	0.000	0.000
61	  R	  0.9	  0.7	0.435	0.000	0.000
62	  E	  0.1	  0.6	0.435	0.000	0.000
63	  D	  0.1	  0.6	0.435	0.000	0.000
64	  L	  0.0	  0.6	0.238	0.000	0.000
65	  G	  0.0	  0.1	0.238	0.000	0.000
66	  P	  0.0	  0.0	0.000	0.000	0.000
67	  V	  4.1	  0.0	0.000	0.000	0.000
68	  T	  4.6	  0.1	0.000	0.000	0.000
69	  Q	  5.0	  0.1	0.000	0.000	0.000
70	  E	  1.4	  0.1	0.000	0.000	0.000
71	  F	  2.1	  0.1	0.000	0.000	0.000
72	  W	  2.0	  0.4	0.000	0.000	0.000
73	  D	  1.5	  0.5	0.165	0.000	0.000
74	  N	  0.8	  0.5	0.310	0.000	0.000
75	  L	  0.7	  0.4	0.310	0.000	0.000
76	  E	  0.8	  0.1	0.310	0.000	0.000
77	  K	  0.5	  0.1	0.492	0.000	0.000
78	  E	  0.4	  0.1	0.492	0.000	0.000
79	  T	  0.5	  0.1	3.773	0.000	0.000
80	  E	  0.3	  0.1	3.773	0.000	0.000
81	  W	  1.0	  0.0	3.773	0.000	0.000
82	  L	  1.1	  0.0	3.773	0.000	0.000
83	  R	  1.3	  0.1	3.773	0.000	0.000
84	  Q	  0.7	  0.1	3.773	0.000	0.000
85	  E	  0.8	  0.1	1.547	0.000	0.000
86	  M	  0.9	  0.1	0.817	0.000	0.000
87	  S	  1.4	  1.6	1.458	0.000	0.000
88	  K	  1.0	  1.6	1.219	0.000	0.000
89	  D	  0.8	  1.6	4.237	0.000	0.000
90	  L	  0.3	  1.6	5.412	0.000	0.000
91	  E	  0.3	  0.1	8.017	0.000	0.000
92	  E	  0.5	  0.1	8.313	0.000	0.000
93	  A	  0.5	  0.1	8.162	0.000	0.000
94	  K	  0.8	  0.0	8.162	0.000	0.000
95	  A	  0.7	  0.0	7.218	0.000	0.000
96	  K	  3.8	  0.0	6.678	0.000	0.000
97	  V	  3.9	  0.0	2.676	0.000	0.000
98	  Q	  3.6	  0.0	2.529	0.000	0.000
99	  P	  0.4	  0.0	0.000	0.000	0.000
100	  Y	  0.8	  0.1	0.000	0.000	0.000
101	  L	  0.9	  0.4	0.000	0.000	0.000
102	  D	  0.9	  0.4	5.495	0.000	0.000
103	  D	  0.7	  0.4	18.893	0.000	0.000
104	  F	  2.3	  0.3	18.893	0.000	0.000
105	  Q	  2.4	  0.0	18.893	0.000	0.000
106	  K	  1.9	  0.0	18.893	0.000	0.000
107	  K	  0.8	  0.0	18.893	0.000	0.000
108	  W	  1.1	  0.0	18.305	0.000	0.000
109	  Q	  1.2	  0.1	17.235	0.000	0.000
110	  E	  0.6	  0.1	13.744	0.000	0.000
111	  E	  5.3	  0.1	11.914	0.000	0.000
112	  V	  8.3	  0.0	9.667	0.000	0.000
113	  N	  8.8	  0.0	9.538	0.000	0.000
114	  L	  4.3	  0.0	5.566	0.000	0.000
115	  Y	  3.1	  0.1	4.333	0.000	0.000
116	  S	  2.7	  0.1	0.805	0.000	0.000
117	  Q	  2.5	  0.1	0.187	0.000	0.000
118	  K	  4.7	  0.1	0.000	0.000	0.000
119	  L	  4.6	  0.1	0.000	0.000	0.000
120	  E	  4.3	  0.0	0.000	0.000	0.000
121	  P	  0.1	  0.0	0.000	0.000	0.000
122	  L	  0.2	  0.0	0.000	0.000	0.000
123	  R	  0.3	  0.1	0.000	0.000	0.000
124	  T	  0.5	  0.1	0.000	0.000	0.000
125	  E	  1.9	  0.1	0.000	0.000	0.000
126	  F	  3.0	  0.2	0.000	0.000	0.000
127	  Q	  2.7	  0.4	0.391	0.000	0.000
128	  E	  1.2	  0.6	0.391	0.000	0.000
129	  G	  0.0	  0.6	4.771	0.000	0.000
130	  A	  0.2	  0.5	4.771	0.000	0.000
131	  L	  0.5	  0.2	4.771	0.000	0.000
132	  Q	  0.8	  0.1	4.771	0.000	0.000
133	  K	  1.2	  0.1	4.771	0.000	0.000
134	  L	  1.2	  0.2	4.514	0.000	0.000
135	  Q	  1.0	  0.2	4.081	0.000	0.000
136	  D	  0.5	  0.2	4.058	0.000	0.000
137	  L	  0.3	  0.2	2.947	0.000	0.000
138	  Q	  0.3	  0.1	2.686	0.000	0.000
139	  E	  0.3	  0.1	1.987	0.000	0.000
140	  K	  1.2	  0.1	1.543	0.000	0.000
141	  L	  1.2	  0.1	1.096	0.000	0.000
142	  S	  1.1	  0.2	1.093	0.000	0.000
143	  P	  0.1	  0.2	0.367	0.000	0.000
144	  L	  0.0	  0.2	0.367	0.000	0.000
145	  A	  0.1	  0.3	0.367	0.000	0.000
146	  E	  0.1	  0.1	0.367	0.000	0.000
147	  Q	  0.6	  0.1	0.367	0.000	0.000
148	  V	  1.5	  0.2	0.000	0.000	0.000
149	  R	  1.5	  0.1	0.141	0.000	0.000
150	  D	  1.0	  0.2	0.420	0.000	0.000
151	  R	  0.2	  0.2	0.420	0.000	0.000
152	  A	  0.2	  0.1	0.420	0.000	0.000
153	  R	  0.4	  0.1	0.420	0.000	0.000
154	  A	  0.6	  0.0	0.420	0.000	0.000
155	  H	  2.1	  0.1	0.420	0.000	0.000
156	  V	  2.9	  0.1	0.000	0.000	0.000
157	  D	  2.6	  0.1	0.156	0.000	0.000
158	  T	  3.6	  0.1	0.156	0.000	0.000
159	  L	  2.8	  0.1	0.156	0.000	0.000
160	  R	  3.1	  0.1	0.156	0.000	0.000
161	  T	  1.6	  0.1	0.156	0.000	0.000
162	  Q	  1.7	  0.1	0.156	0.000	0.000
163	  L	  1.4	  0.1	0.000	0.000	0.000
164	  A	  0.4	  0.1	0.000	0.000	0.000
165	  P	  0.0	  0.1	0.000	0.000	0.000
166	  Y	  0.1	  0.2	0.521	0.000	0.000
167	  S	  0.1	  0.2	31.527	0.000	0.000
168	  D	  0.1	  0.2	51.824	0.000	0.000
169	  E	  0.1	  0.2	56.373	0.000	0.000
170	  L	  0.3	  0.1	56.444	0.000	0.000
171	  R	  0.5	  0.1	56.444	0.000	0.000
172	  Q	  0.5	  0.0	56.444	0.000	0.000
173	  R	  0.4	  0.0	55.701	0.000	0.000
174	  L	  0.3	  0.0	54.685	0.000	0.000
175	  A	  0.2	  0.0	53.369	0.000	0.000
176	  A	  0.2	  0.0	50.529	0.000	0.000
177	  R	  0.4	  0.0	44.568	0.000	0.000
178	  L	  0.4	  0.0	36.604	0.000	0.000
179	  E	  0.3	  0.0	34.088	0.000	0.000
180	  A	  0.3	  0.0	29.984	0.000	0.000
181	  L	  0.2	  0.0	27.087	0.000	0.000
182	  K	  0.2	  0.2	22.767	0.000	0.000
183	  E	  0.1	  0.3	10.631	0.000	0.000
184	  S	  0.1	  0.4	4.936	0.000	0.000
185	  G	  0.0	  0.6	1.220	0.000	0.000
186	  G	  0.0	  0.5	0.379	0.000	0.000
187	  A	  0.5	  0.5	0.000	0.000	0.000
188	  S	  0.6	  0.4	0.805	0.000	0.000
189	  L	  0.6	  0.4	0.805	0.000	0.000
190	  A	  0.3	  0.2	0.805	0.000	0.000
191	  E	  4.1	  0.2	0.805	0.000	0.000
192	  Y	  6.0	  0.2	0.805	0.000	0.000
193	  H	  6.1	  0.2	0.805	0.000	0.000
194	  A	  2.3	  0.2	0.501	0.000	0.000
195	  K	  0.5	  0.2	0.501	0.000	0.000
196	  A	  0.3	  0.2	0.175	0.000	0.000
197	  S	  0.3	  0.2	0.175	0.000	0.000
198	  E	  0.2	  0.2	0.000	0.000	0.000
199	  H	  1.0	  0.2	0.000	0.000	0.000
200	  L	  1.7	  0.1	0.000	0.000	0.000
201	  S	  1.8	  0.3	0.000	0.000	0.000
202	  A	  1.0	  0.3	0.000	0.000	0.000
203	  L	  0.2	  0.4	0.000	0.000	0.000
204	  G	  0.1	  0.4	0.000	0.000	0.000
205	  E	  0.1	  0.2	0.000	0.000	0.000
206	  K	  0.8	  0.2	0.000	0.000	0.000
207	  A	  0.8	  0.1	0.000	0.000	0.000
208	  K	  0.7	  0.0	0.000	0.000	0.000
209	  P	  0.0	  0.0	0.000	0.000	0.000
210	  A	  0.1	  0.0	0.000	0.000	0.000
211	  L	  0.2	  0.3	0.000	0.000	0.000
212	  E	  0.2	  0.3	0.000	0.000	0.000
213	  D	  0.5	  0.3	0.000	0.000	0.000
214	  L	  0.8	  0.4	0.000	0.000	0.000
215	  R	  0.8	  0.3	0.000	0.000	0.000
216	  Q	  0.4	  0.3	0.000	0.000	0.000
217	  G	  0.1	  0.3	0.000	0.000	0.000
218	  L	  0.1	  0.1	0.000	0.000	0.000
219	  L	  0.1	  0.0	0.000	0.000	0.000
220	  P	  0.1	  0.0	0.000	0.000	0.000
221	  V	  1.6	  0.0	0.000	0.547	0.547
222	  L	  1.7	  0.3	0.000	0.547	0.547
223	  E	  1.9	  0.3	0.000	0.547	0.547
224	  S	  2.0	  0.3	0.000	0.547	0.547
225	  F	  4.6	  0.3	0.000	0.547	0.547
226	  K	  5.7	  0.0	0.000	0.547	0.547
227	  V	  8.4	  0.0	0.000	4.172	4.172
228	  S	  6.3	  0.0	0.000	4.377	4.377
229	  F	  6.0	  0.0	0.000	4.664	4.664
230	  L	  2.4	  0.0	0.000	4.664	4.664
231	  S	  1.9	  0.0	0.625	4.118	4.118
232	  A	  0.9	  0.0	0.625	3.892	3.892
233	  L	  0.2	  0.1	0.625	2.795	2.795
234	  E	  0.2	  0.1	1.282	0.000	0.000
235	  E	  2.7	  0.1	1.693	0.000	0.000
236	  Y	  7.2	  0.1	1.693	0.000	0.000
237	  T	  8.3	  0.1	1.296	0.000	0.000
238	  K	  5.7	  0.1	1.296	0.000	0.000
239	  K	  1.8	  0.1	1.296	0.000	0.000
240	  L	  1.0	  0.2	0.843	0.000	0.000
241	  S	  1.1	  0.1	0.843	0.000	0.000
242	  S	  0.6	  0.1	0.451	0.000	0.000
243	  Q	  0.2	  0.1	0.000	0.000	0.000
