res	aa	Beta	Turn	Helix	Aggregation	Conc-Stab_Aggregation
01	  D	  0.0	  0.0	0.000	0.000	0.000
02	  E	  0.0	  0.0	 -nan	0.000	0.000
03	  P	  0.0	  0.0	 -nan	0.000	0.000
04	  P	  0.0	  0.0	 -nan	0.000	0.000
05	  Q	  0.0	  0.0	 -nan	0.000	0.000
06	  T	  0.0	  0.0	 -nan	0.000	0.000
07	  P	  0.0	  0.0	 -nan	0.000	0.000
08	  L	  0.0	  0.0	 -nan	0.000	0.000
09	  E	  0.0	  0.0	 -nan	0.000	0.000
10	  Q	  0.0	  0.0	 -nan	0.000	0.000
11	  V	  0.0	  0.0	 -nan	0.000	0.000
12	  K	  0.0	  0.0	 -nan	0.000	0.000
13	  D	  0.0	  0.0	 -nan	0.000	0.000
14	  I	  0.0	  0.0	 -nan	0.000	0.000
15	  L	  0.0	  0.0	0.000	0.000	0.000
16	  T	  0.0	  0.0	0.000	0.000	0.000
17	  V	  3.5	  0.0	0.000	0.000	0.000
18	  Y	  4.6	  0.1	0.000	0.000	0.000
19	  L	  5.0	  0.1	0.000	0.000	0.000
20	  N	  1.7	  0.2	0.000	0.000	0.000
21	  S	  0.8	  0.2	0.197	0.000	0.000
22	  A	  0.4	  0.1	0.197	0.000	0.000
23	  K	  0.6	  0.3	0.197	0.000	0.000
24	  E	  0.3	  0.4	0.197	0.000	0.000
25	  T	  0.4	  0.4	0.197	0.000	0.000
26	  G	  0.1	  0.5	0.197	0.000	0.000
27	  K	  0.3	  0.3	0.197	0.000	0.000
28	  E	  0.3	  0.2	0.000	0.000	0.000
29	  Y	  1.5	  0.1	0.000	0.000	0.000
30	  M	  1.6	  0.1	0.000	0.000	0.000
31	  S	  2.0	  0.1	0.723	0.000	0.000
32	  Q	  8.1	  0.1	0.723	0.000	0.000
33	  F	 10.3	  0.2	0.723	0.000	0.000
34	  E	  9.9	  0.0	0.723	0.000	0.000
35	  A	  2.9	  0.1	0.723	0.000	0.000
36	  S	  0.6	  0.1	0.723	0.000	0.000
37	  S	  0.8	  0.3	0.232	0.000	0.000
38	  V	  0.7	  0.5	0.000	0.000	0.000
39	  G	  0.5	  0.5	0.246	0.000	0.000
40	  R	  0.2	  0.5	0.246	0.000	0.000
41	  E	  0.9	  0.3	0.246	0.000	0.000
42	  L	  2.1	  0.1	0.246	0.000	0.000
43	  D	  2.2	  0.1	0.246	0.000	0.000
44	  L	  3.3	  0.0	0.246	0.000	0.000
45	  K	  3.0	  0.0	0.246	0.000	0.000
46	  I	  2.9	  0.1	0.000	0.000	0.000
47	  S	  1.0	  0.2	0.000	0.000	0.000
48	  D	  0.1	  0.2	0.180	0.000	0.000
49	  T	  3.1	  0.2	0.180	0.000	0.000
50	  L	  3.6	  0.1	0.180	0.000	0.000
51	  T	  4.2	  0.1	0.180	0.000	0.000
52	  S	  7.0	  0.3	0.554	0.000	0.000
53	  L	  6.6	  0.4	0.554	0.204	0.204
54	  S	  6.2	  0.3	0.374	0.204	0.204
55	  T	  1.3	  0.3	0.374	0.204	0.204
56	  A	  1.6	  0.1	0.374	0.204	0.204
57	  F	  3.2	  0.2	0.374	0.204	0.204
58	  S	  2.6	  0.1	0.000	0.000	0.000
59	  S	  3.3	  0.1	0.219	0.000	0.000
60	  F	  3.3	  0.2	0.219	0.000	0.000
61	  Y	  3.1	  0.1	0.219	0.000	0.000
62	  D	  2.0	  0.1	0.219	0.000	0.000
63	  E	  5.4	  0.1	0.219	0.000	0.000
64	  I	  5.4	  0.1	0.219	0.000	0.000
65	  N	  5.4	  0.2	0.219	0.000	0.000
66	  P	  0.3	  0.2	0.000	0.000	0.000
67	  T	 19.7	  0.2	0.000	0.000	0.000
68	  Y	 20.2	  0.4	0.000	0.000	0.000
69	  Q	 20.2	  0.2	0.000	0.000	0.000
70	  G	  0.6	  0.2	0.000	0.000	0.000
71	  L	  0.1	  0.3	0.000	0.000	0.000
72	  K	  0.2	  0.2	0.000	0.000	0.000
73	  E	  0.2	  0.2	0.000	0.000	0.000
74	  S	  0.5	  0.2	0.000	0.000	0.000
75	  L	  1.1	  0.1	0.000	0.000	0.000
76	  V	  2.9	  0.0	0.000	0.000	0.000
77	  K	  2.8	  0.1	0.000	0.000	0.000
78	  E	  2.1	  0.1	0.000	0.000	0.000
79	  T	  0.3	  0.3	0.849	0.000	0.000
80	  E	  0.0	  0.4	0.849	0.000	0.000
81	  G	  0.0	  0.3	0.849	0.000	0.000
82	  L	  0.1	  0.3	0.849	0.000	0.000
83	  R	  0.2	  0.6	0.849	0.000	0.000
84	  E	  0.1	  0.5	0.849	0.000	0.000
85	  D	  0.3	  1.3	1.810	0.000	0.000
86	  M	  0.6	  1.4	1.334	0.000	0.000
87	  S	  0.6	  1.1	2.385	0.000	0.000
88	  K	  0.4	  1.1	2.385	0.000	0.000
89	  G	  0.1	  0.4	6.117	0.000	0.000
90	  L	  0.0	  0.3	6.209	0.000	0.000
91	  E	  0.1	  0.1	7.456	0.000	0.000
92	  E	 13.7	  0.0	7.670	0.000	0.000
93	  V	 14.3	  0.1	7.670	0.000	0.000
94	  K	 14.3	  0.0	7.670	0.000	0.000
95	  K	  0.9	  0.0	6.770	0.000	0.000
96	  K	  1.3	  0.0	5.925	0.000	0.000
97	  I	  1.3	  0.0	2.361	0.000	0.000
98	  Q	  1.2	  0.2	2.361	0.000	0.000
99	  P	  0.1	  0.2	0.000	0.000	0.000
100	  H	  0.6	  0.2	0.000	0.000	0.000
101	  L	  0.6	  0.3	0.162	0.000	0.000
102	  E	  0.6	  0.1	1.030	0.000	0.000
103	  E	  1.0	  0.1	1.598	0.000	0.000
104	  F	  3.3	  0.2	1.598	0.000	0.000
105	  E	  3.7	  0.1	1.598	0.000	0.000
106	  K	  2.8	  0.1	1.598	0.000	0.000
107	  K	  1.3	  0.1	1.598	0.000	0.000
108	  W	  1.9	  0.2	1.385	0.000	0.000
109	  Q	  1.8	  0.3	1.385	0.000	0.000
110	  N	  1.1	  0.3	0.396	0.000	0.000
111	  D	  0.2	  0.3	1.243	0.000	0.000
112	  L	  0.5	  0.1	1.243	0.000	0.000
113	  Q	  1.0	  0.1	1.243	0.000	0.000
114	  A	  1.4	  0.0	1.243	0.000	0.000
115	  Y	  1.7	  0.1	1.243	0.000	0.000
116	  R	  1.2	  0.1	1.243	0.000	0.000
117	  E	  0.8	  0.1	0.925	0.000	0.000
118	  R	  2.7	  0.1	0.645	0.000	0.000
119	  V	  3.2	  0.0	0.233	0.000	0.000
120	  A	  3.1	  0.0	0.233	0.000	0.000
121	  P	  0.5	  0.0	0.000	0.000	0.000
122	  L	  0.4	  0.0	0.000	0.000	0.000
123	  T	  0.9	  0.1	2.022	0.000	0.000
124	  Q	  1.0	  0.1	2.022	0.000	0.000
125	  E	  2.1	  0.1	2.022	0.000	0.000
126	  L	  1.9	  0.1	2.022	0.000	0.000
127	  K	  2.0	  0.1	2.022	0.000	0.000
128	  A	  0.7	  0.0	2.022	0.000	0.000
129	  S	  0.6	  0.0	2.049	0.000	0.000
130	  A	  0.5	  0.1	1.036	0.000	0.000
131	  K	  0.7	  0.1	0.861	0.000	0.000
132	  E	  0.6	  0.1	0.484	0.000	0.000
133	  K	  1.4	  0.1	0.484	0.000	0.000
134	  F	  1.4	  0.5	0.484	0.000	0.000
135	  D	  1.2	  0.5	0.000	0.000	0.000
136	  D	  0.5	  0.5	0.640	0.000	0.000
137	  L	  0.2	  0.5	0.640	0.000	0.000
138	  Q	  0.3	  0.2	0.640	0.000	0.000
139	  E	  0.3	  0.1	0.640	0.000	0.000
140	  K	  1.3	  0.1	0.640	0.000	0.000
141	  L	  1.3	  0.1	0.640	0.000	0.000
142	  I	  1.3	  0.2	0.306	0.000	0.000
143	  P	  0.2	  0.4	0.000	0.000	0.000
144	  L	  0.1	  0.4	0.000	0.000	0.000
145	  G	  0.1	  0.4	0.000	0.000	0.000
146	  H	  0.9	  0.3	0.000	0.000	0.000
147	  Q	  1.7	  0.1	0.000	0.000	0.000
148	  L	  1.9	  0.1	0.000	0.000	0.000
149	  R	  1.3	  0.1	0.000	0.000	0.000
150	  T	  0.9	  0.1	0.000	0.000	0.000
151	  S	  1.0	  0.3	0.000	0.000	0.000
152	  A	  0.9	  0.4	0.000	0.000	0.000
153	  Q	  0.4	  0.4	0.000	0.000	0.000
154	  D	  0.5	  0.4	0.000	0.000	0.000
155	  H	  5.6	  0.2	0.000	0.000	0.000
156	  I	  6.1	  0.1	0.000	0.000	0.000
157	  E	  5.8	  0.0	0.000	0.000	0.000
158	  T	  7.8	  0.0	0.000	0.000	0.000
159	  I	  7.5	  0.1	0.000	0.000	0.000
160	  R	  7.7	  0.0	0.000	0.000	0.000
161	  E	  0.7	  0.0	0.000	0.000	0.000
162	  F	  3.4	  0.0	0.000	0.000	0.000
163	  V	  3.6	  0.0	0.000	0.000	0.000
164	  S	  3.5	  0.2	0.000	0.000	0.000
165	  P	  0.4	  0.2	0.000	0.000	0.000
166	  Y	  1.2	  0.3	0.000	0.000	0.000
167	  Q	  1.4	  0.3	0.000	0.000	0.000
168	  E	  1.4	  0.1	0.000	0.000	0.000
169	  K	  1.4	  0.1	0.000	0.000	0.000
170	  L	  1.4	  0.3	0.000	0.000	0.000
171	  K	  1.4	  0.4	0.000	0.000	0.000
172	  D	  0.2	  0.4	0.000	0.000	0.000
173	  N	  0.3	  0.8	2.749	0.000	0.000
174	  L	  0.5	  0.6	2.749	0.000	0.000
175	  S	  0.8	  0.5	4.964	0.000	0.000
176	  Q	  0.8	  0.5	4.964	0.000	0.000
177	  K	  1.2	  0.1	5.574	0.000	0.000
178	  L	  1.0	  0.1	5.574	0.000	0.000
179	  Q	  0.8	  0.1	5.574	0.000	0.000
180	  E	  0.4	  0.1	5.374	0.000	0.000
181	  L	  0.6	  0.2	5.043	0.000	0.000
182	  R	  0.5	  0.3	4.706	0.000	0.000
183	  D	  0.2	  0.5	4.058	0.000	0.000
184	  K	  0.0	  0.5	2.733	0.000	0.000
185	  G	  0.0	  0.3	1.950	0.000	0.000
186	  L	  0.0	  0.6	0.426	0.000	0.000
187	  P	  0.0	  0.4	0.000	0.000	0.000
188	  S	  3.2	  1.2	1.649	0.000	0.000
189	  A	  3.2	  1.2	1.649	0.000	0.000
190	  S	  3.3	  0.9	2.911	0.000	0.000
191	  E	  1.5	  0.9	3.173	0.000	0.000
192	  Y	  4.1	  0.1	3.173	0.000	0.000
193	  Q	  4.2	  0.0	3.173	0.000	0.000
194	  A	  3.0	  0.0	3.173	0.000	0.000
195	  R	  1.3	  0.0	3.173	0.000	0.000
196	  M	  1.5	  0.0	3.031	0.000	0.000
197	  T	  2.3	  0.1	3.283	0.000	0.000
198	  Q	  1.9	  0.1	3.283	0.000	0.000
199	  H	  2.1	  0.1	2.969	0.000	0.000
200	  L	  1.2	  0.2	2.099	0.000	0.000
201	  K	  1.3	  0.1	2.099	0.000	0.000
202	  N	  2.6	  0.1	1.794	0.000	0.000
203	  I	  3.1	  0.2	0.403	0.000	0.000
204	  K	  3.0	  0.1	0.403	0.000	0.000
205	  E	  1.2	  0.1	0.000	0.000	0.000
206	  K	  9.8	  0.1	0.000	0.000	0.000
207	  V	 10.1	  0.0	0.000	0.000	0.000
208	  T	 10.0	  0.0	0.000	0.000	0.000
209	  P	  0.6	  0.0	0.000	0.000	0.000
210	  I	  0.8	  0.0	0.000	0.000	0.000
211	  L	  0.8	  0.3	0.000	0.000	0.000
212	  E	  0.8	  0.3	0.000	0.000	0.000
213	  D	  0.3	  0.5	0.000	0.000	0.000
214	  L	  0.3	  0.7	0.000	0.000	0.000
215	  K	  0.3	  0.4	0.000	0.000	0.000
216	  G	  0.1	  0.4	0.000	0.000	0.000
217	  T	  9.4	  0.2	0.000	0.000	0.000
218	  V	  9.6	  0.0	0.000	0.000	0.000
219	  D	  9.6	  0.0	0.502	0.000	0.000
220	  P	  0.3	  0.0	0.502	0.000	0.000
221	  I	  1.2	  0.0	0.502	0.000	0.000
222	  S	  1.5	  0.1	0.502	0.000	0.000
223	  Q	  2.2	  0.1	0.502	0.000	0.000
224	  K	  2.2	  0.1	0.502	0.000	0.000
225	  F	  2.4	  0.1	0.168	0.000	0.000
226	  K	  2.1	  0.1	0.000	0.000	0.000
227	  T	  1.1	  0.1	0.000	0.000	0.000
228	  E	  0.8	  0.1	0.000	0.000	0.000
229	  F	  0.9	  0.0	0.000	0.725	0.725
230	  L	  3.3	  0.0	0.000	0.725	0.725
231	  T	  4.2	  0.0	1.056	0.725	0.725
232	  M	  3.8	  0.0	1.363	0.725	0.725
233	  L	  1.2	  0.1	2.208	0.725	0.725
234	  E	  0.1	  0.1	2.392	0.000	0.000
235	  E	  0.1	  0.1	2.392	0.000	0.000
236	  A	  0.2	  0.1	2.392	0.000	0.000
237	  R	  0.5	  0.1	2.234	0.000	0.000
238	  K	  0.7	  0.1	1.989	0.000	0.000
239	  T	  3.5	  0.1	0.349	0.000	0.000
240	  L	  3.6	  0.1	0.349	0.000	0.000
241	  T	  5.2	  0.0	0.000	0.000	0.000
242	  T	  4.1	  0.0	0.000	0.000	0.000
243	  T	  5.6	  0.1	0.000	0.000	0.000
244	  T	  6.4	  0.1	0.000	0.000	0.000
245	  T	  4.5	  0.0	0.000	0.000	0.000
246	  Q	  2.6	  0.0	0.000	0.000	0.000
