res	aa	Beta	Turn	Helix	Aggregation	Conc-Stab_Aggregation
01	  A	  0.0	  0.3	0.000	0.000	0.000
02	  P	  0.0	  0.4	0.000	0.000	0.000
03	  S	  0.2	  0.4	0.000	0.000	0.000
04	  Q	  2.2	  0.4	0.000	0.000	0.000
05	  V	  5.4	  0.1	0.000	0.000	0.000
06	  E	  5.4	  0.0	0.000	0.000	0.000
07	  H	  3.7	  0.2	0.153	0.000	0.000
08	  A	  0.6	  0.2	0.153	0.000	0.000
09	  K	  0.5	  0.2	0.153	0.000	0.000
10	  A	  0.4	  0.2	0.153	14.983	14.983
11	  A	  0.6	  0.0	0.153	32.749	32.749
12	  L	  1.5	  0.0	0.153	83.698	83.698
13	  M	  3.0	  0.0	0.153	93.275	93.275
14	  V	  8.9	  0.0	0.000	97.907	97.907
15	  Y	 10.1	  0.0	0.000	98.292	98.292
16	  V	 10.6	  0.0	0.000	98.157	98.157
17	  I	  5.5	  0.0	0.000	94.234	94.234
18	  Q	  4.1	  0.0	0.480	49.526	49.526
19	  V	  3.7	  0.0	0.634	48.793	48.793
20	  K	  2.9	  0.1	0.798	0.115	0.115
21	  E	  1.9	  0.1	0.798	0.115	0.115
22	  A	  0.4	  0.1	0.798	0.083	0.083
23	  L	  0.5	  0.1	0.798	0.056	0.056
24	  Q	  0.7	  0.1	0.798	0.000	0.000
25	  K	  0.7	  0.1	0.575	0.000	0.000
26	  S	  1.7	  0.1	0.198	0.000	0.000
27	  L	  1.9	  0.2	0.198	0.000	0.000
28	  E	  1.7	  0.1	0.198	0.000	0.000
29	  H	  1.1	  0.1	0.198	0.000	0.000
30	  L	  0.7	  0.2	0.198	0.000	0.000
31	  E	  0.8	  0.2	0.198	0.000	0.000
32	  N	  0.5	  0.2	0.654	0.000	0.000
33	  T	  0.7	  0.2	0.598	0.000	0.000
34	  E	  3.9	  0.0	0.598	0.000	0.000
35	  Y	  4.4	  0.1	0.598	0.000	0.000
36	  K	  4.3	  0.1	0.598	0.000	0.000
37	  E	  4.3	  0.1	0.598	0.000	0.000
38	  Y	  4.3	  0.1	0.598	0.000	0.000
39	  K	  4.2	  0.1	0.293	0.000	0.000
40	  E	  0.9	  0.1	0.293	0.000	0.000
41	  Q	  0.9	  0.1	0.293	0.000	0.000
42	  L	  1.1	  0.1	0.132	0.000	0.000
43	  S	  1.4	  0.1	0.132	0.000	0.000
44	  Q	  0.8	  0.1	0.132	0.000	0.000
45	  T	  2.2	  0.1	0.000	0.000	0.000
46	  L	  2.0	  0.1	0.000	0.000	0.000
47	  D	  2.1	  0.0	0.000	0.000	0.000
48	  Q	  3.5	  0.0	0.000	0.000	0.000
49	  I	  3.4	  0.4	0.000	0.000	0.000
50	  E	  3.1	  2.1	0.000	0.000	0.000
51	  N	  0.2	  2.1	0.000	0.000	0.000
52	  G	  0.1	  2.1	0.000	0.000	0.000
53	  I	  6.0	  1.8	0.000	0.000	0.000
54	  K	 11.4	  0.0	0.000	0.000	0.000
55	  I	 13.8	  0.0	0.000	0.000	0.000
56	  T	  8.6	  0.3	0.000	0.000	0.000
57	  S	  2.6	  0.3	0.000	0.000	0.000
58	  D	  0.1	  0.5	0.000	0.000	0.000
59	  K	  0.9	  0.4	0.000	0.000	0.000
60	  L	  0.9	  0.2	0.000	0.000	0.000
61	  A	  0.9	  0.1	0.000	0.000	0.000
62	  P	  0.1	  0.0	0.000	0.000	0.000
63	  F	  1.0	  0.1	0.000	0.000	0.000
64	  A	  1.2	  0.2	0.000	0.000	0.000
65	  S	  1.4	  0.3	0.000	0.000	0.000
66	  Q	  1.1	  0.3	0.000	0.000	0.000
67	  L	  1.3	  0.4	0.000	0.000	0.000
68	  L	  1.2	  0.6	0.000	0.000	0.000
69	  D	  0.5	  0.6	0.000	0.000	0.000
70	  G	  0.2	  0.6	0.000	0.000	0.000
71	  T	  0.4	  0.6	0.701	0.000	0.000
72	  A	  0.5	  0.4	0.701	0.000	0.000
73	  D	  2.4	  0.3	1.196	0.000	0.000
74	  V	  3.0	  0.3	1.196	0.000	0.000
75	  R	  3.0	  0.1	1.196	0.000	0.000
76	  K	  1.4	  0.1	1.196	0.000	0.000
77	  Q	  0.9	  0.1	1.004	0.000	0.000
78	  I	  0.9	  0.2	0.657	0.000	0.000
79	  A	  0.5	  0.3	0.657	0.000	0.000
80	  D	  0.2	  0.3	2.954	0.000	0.000
81	  D	  2.4	  0.3	7.394	0.000	0.000
82	  V	  3.0	  0.2	9.393	0.000	0.000
83	  E	  3.0	  0.1	10.732	0.000	0.000
84	  E	  0.8	  0.1	11.040	0.000	0.000
85	  L	  0.5	  0.1	11.040	0.000	0.000
86	  R	  0.7	  0.1	11.040	0.000	0.000
87	  K	  0.6	  0.1	10.734	0.000	0.000
88	  Q	  3.7	  0.1	8.169	0.000	0.000
89	  L	  3.7	  0.1	4.169	0.000	0.000
90	  E	  3.6	  0.0	3.550	0.000	0.000
91	  P	  0.1	  0.1	0.362	0.000	0.000
92	  K	  0.4	  0.1	0.791	0.000	0.000
93	  R	  0.4	  0.1	1.292	0.000	0.000
94	  E	  0.4	  0.2	1.572	0.000	0.000
95	  E	  0.3	  0.1	2.486	0.000	0.000
96	  L	  0.6	  0.1	2.486	0.000	0.000
97	  R	  1.2	  0.1	2.486	0.000	0.000
98	  Q	  1.3	  0.0	2.486	0.000	0.000
99	  V	  4.5	  0.0	1.948	0.000	0.000
100	  I	  4.6	  0.0	1.948	0.000	0.000
101	  E	  4.9	  0.1	1.948	0.000	0.000
102	  K	  1.4	  0.1	1.948	0.000	0.000
103	  H	  1.4	  0.1	0.309	0.000	0.000
104	  L	  0.8	  0.1	0.000	0.000	0.000
105	  Q	  1.1	  0.1	0.000	0.000	0.000
106	  E	  1.2	  0.1	0.000	0.000	0.000
107	  Y	  1.8	  0.1	0.000	0.000	0.000
108	  R	  1.5	  0.1	0.000	0.000	0.000
109	  E	  0.8	  0.1	0.000	0.000	0.000
110	  K	  4.3	  0.1	0.000	0.000	0.000
111	  L	  4.3	  0.1	0.000	0.000	0.000
112	  E	  4.3	  0.0	0.000	0.000	0.000
113	  P	  0.1	  0.0	0.000	0.000	0.000
114	  V	  3.1	  0.0	0.000	0.000	0.000
115	  V	  4.8	  0.1	0.223	0.000	0.000
116	  K	  5.0	  0.1	0.223	0.000	0.000
117	  E	  2.4	  0.1	0.608	0.000	0.000
118	  Y	  1.0	  0.1	0.608	0.000	0.000
119	  A	  0.9	  0.1	0.762	0.000	0.000
120	  E	  1.1	  0.1	0.947	0.000	0.000
121	  K	  1.0	  0.1	0.947	0.000	0.000
122	  H	  1.7	  0.1	1.693	0.000	0.000
123	  K	  2.9	  0.0	1.479	0.000	0.000
124	  M	  3.5	  0.0	2.488	0.000	0.000
125	  E	  3.0	  0.0	5.142	0.000	0.000
126	  M	  1.4	  0.0	6.481	0.000	0.000
127	  E	  0.5	  0.0	7.382	0.000	0.000
128	  A	  0.5	  0.0	7.382	0.000	0.000
129	  M	  0.4	  0.1	7.382	0.000	0.000
130	  K	  0.5	  0.1	7.248	0.000	0.000
131	  K	  0.3	  0.1	6.573	0.000	0.000
132	  K	  4.1	  0.1	5.319	0.000	0.000
133	  L	  4.1	  0.1	1.600	0.000	0.000
134	  E	  4.0	  0.0	1.373	0.000	0.000
135	  P	  0.1	  0.0	0.000	0.000	0.000
136	  V	  1.7	  0.0	0.498	0.000	0.000
137	  M	  1.7	  0.1	1.113	0.000	0.000
138	  E	  1.8	  0.1	1.618	0.000	0.000
139	  E	  0.3	  0.1	2.061	0.000	0.000
140	  L	  0.3	  0.1	2.061	0.000	0.000
141	  R	  0.4	  0.1	2.061	0.000	0.000
142	  E	  0.1	  0.1	2.061	0.000	0.000
143	  K	  1.3	  0.1	2.061	0.000	0.000
144	  I	  7.6	  0.0	1.548	0.000	0.000
145	  R	 13.7	  0.0	1.548	0.000	0.000
146	  V	 24.0	  0.0	0.825	0.000	0.000
147	  N	 21.7	  0.0	0.825	0.000	0.000
148	  V	 16.1	  0.0	0.000	0.000	0.000
149	  E	  4.9	  0.1	0.000	0.000	0.000
150	  E	  1.0	  0.1	0.000	0.000	0.000
151	  T	  4.0	  0.2	0.000	0.000	0.000
152	  K	  4.6	  0.2	0.000	0.000	0.000
153	  S	  4.3	  0.2	0.000	0.000	0.000
154	  K	  1.9	  0.2	0.000	0.000	0.000
155	  L	  1.3	  0.1	0.000	0.000	0.000
156	  I	  1.2	  0.0	0.000	0.000	0.000
157	  P	  0.1	  0.0	0.597	0.000	0.000
158	  I	  3.2	  0.0	0.597	0.000	0.000
159	  V	  5.0	  0.0	0.956	0.000	0.000
160	  E	  5.0	  0.0	1.138	0.000	0.000
161	  A	  2.4	  0.0	1.138	0.000	0.000
162	  I	  0.9	  0.0	1.138	0.000	0.000
163	  R	  0.9	  0.1	1.138	0.000	0.000
164	  E	  0.5	  0.1	0.976	0.000	0.000
165	  K	  5.8	  0.1	0.690	0.000	0.000
166	  V	  7.6	  0.1	0.000	0.000	0.000
167	  T	  8.7	  0.0	0.000	0.000	0.000
168	  T	  4.2	  0.0	1.024	0.000	0.000
169	  R	  4.4	  0.0	1.024	0.000	0.000
170	  V	  4.9	  0.0	1.024	0.000	0.000
171	  E	  3.9	  0.0	1.219	0.000	0.000
172	  A	  2.0	  0.0	1.219	0.000	0.000
173	  L	  0.3	  0.1	1.219	0.000	0.000
174	  K	  0.4	  0.1	1.033	0.000	0.000
175	  E	  0.2	  0.1	0.691	0.000	0.000
176	  Q	  0.7	  0.1	0.469	0.000	0.000
177	  V	  1.1	  0.0	0.000	0.000	0.000
178	  A	  1.1	  0.0	0.000	0.000	0.000
179	  P	  0.6	  0.0	0.000	0.000	0.000
180	  Y	  1.6	  0.0	0.000	0.000	0.000
181	  V	  2.3	  0.1	0.000	0.000	0.000
182	  Q	  2.7	  0.1	0.000	0.000	0.000
183	  E	  4.5	  0.1	0.000	0.000	0.000
184	  Y	  4.6	  0.1	0.000	0.000	0.000
185	  K	  4.3	  0.1	0.159	0.000	0.000
186	  E	  0.9	  0.1	0.159	0.000	0.000
187	  Q	  1.0	  0.1	0.159	0.000	0.000
188	  L	  1.6	  0.1	0.159	0.000	0.000
189	  V	  4.0	  0.0	0.159	0.000	0.000
190	  K	  3.4	  0.0	0.159	0.000	0.000
191	  A	  3.1	  0.0	0.000	0.000	0.000
192	  V	  1.4	  0.0	0.000	0.000	0.000
193	  N	  1.1	  0.1	0.000	0.000	0.000
194	  N	  1.1	  0.1	0.000	0.000	0.000
195	  L	  0.8	  0.3	0.000	0.000	0.000
196	  K	  0.9	  0.5	0.000	0.000	0.000
197	  S	  0.6	  0.7	1.264	0.000	0.000
198	  G	  0.2	  0.8	2.365	0.000	0.000
199	  R	  0.2	  1.0	2.514	0.000	0.000
200	  E	  0.1	  0.8	2.785	0.000	0.000
201	  D	  0.4	  0.5	10.141	0.000	0.000
202	  M	  0.5	  0.5	10.141	0.000	0.000
203	  E	  0.9	  0.1	10.141	0.000	0.000
204	  K	  0.7	  0.1	10.141	0.000	0.000
205	  K	  2.7	  0.1	10.141	0.000	0.000
206	  L	  2.4	  0.1	8.743	0.000	0.000
207	  K	  2.3	  0.0	6.491	0.000	0.000
208	  P	  0.1	  0.0	0.122	0.000	0.000
209	  L	  0.4	  0.0	0.293	0.000	0.000
210	  M	  0.4	  0.0	1.442	0.000	0.000
211	  D	  0.5	  0.0	9.090	0.000	0.000
212	  E	  0.6	  0.0	10.434	0.000	0.000
213	  V	  2.0	  0.0	11.085	0.000	0.000
214	  L	  2.1	  0.0	11.635	0.000	0.000
215	  E	  1.6	  0.1	12.105	0.000	0.000
216	  K	  0.9	  0.1	12.105	0.000	0.000
217	  L	  1.2	  0.1	11.623	0.000	0.000
218	  R	  1.3	  0.0	11.288	0.000	0.000
219	  A	  0.7	  0.0	9.770	0.000	0.000
220	  M	  0.3	  0.3	7.435	0.000	0.000
221	  G	  0.1	  0.3	1.939	0.000	0.000
222	  D	  1.6	  0.3	0.899	0.000	0.000
223	  I	  3.7	  0.3	0.446	0.000	0.000
224	  I	  4.5	  0.0	0.446	0.000	0.000
225	  K	  3.0	  0.1	0.446	0.000	0.000
226	  E	  1.0	  0.1	0.446	0.000	0.000
227	  Q	  0.8	  0.1	0.446	0.000	0.000
228	  L	  1.1	  0.1	0.165	0.000	0.000
229	  L	  1.1	  0.0	0.165	0.000	0.000
230	  S	  0.4	  0.0	0.000	0.000	0.000
