res	aa	Beta	Turn	Helix	Aggregation	Conc-Stab_Aggregation
01	  A	  0.0	  0.4	0.000	0.000	0.000
02	  P	  0.0	  0.4	0.000	0.000	0.000
03	  S	  0.2	  0.5	0.000	0.000	0.000
04	  Q	  0.4	  0.5	0.000	0.000	0.000
05	  L	  0.5	  0.1	0.000	0.000	0.000
06	  A	  0.6	  0.1	0.000	0.000	0.000
07	  H	  1.4	  0.0	0.000	0.000	0.000
08	  L	  1.7	  0.0	0.000	0.000	0.000
09	  R	  1.7	  0.0	0.000	0.000	0.000
10	  A	  1.7	  0.0	0.000	0.000	0.000
11	  V	  4.8	  0.0	0.000	0.000	0.000
12	  M	  7.7	  0.0	0.000	0.000	0.000
13	  D	  8.0	  0.0	0.000	0.000	0.000
14	  I	  6.2	  0.0	0.000	2.928	2.928
15	  Y	  3.3	  0.0	0.000	3.165	3.165
16	  L	  2.3	  0.0	0.000	3.165	3.165
17	  T	  1.8	  0.0	0.000	3.165	3.165
18	  Q	  2.4	  0.0	0.000	3.165	3.165
19	  V	  3.7	  0.1	0.000	2.650	2.650
20	  K	  2.8	  0.2	0.000	0.000	0.000
21	  D	  1.7	  0.3	0.000	0.000	0.000
22	  S	  0.6	  2.2	0.263	0.000	0.000
23	  A	  0.6	  2.1	0.263	0.000	0.000
24	  N	  0.6	  2.0	0.455	0.000	0.000
25	  R	  0.2	  1.9	0.455	0.000	0.000
26	  A	  0.4	  0.0	0.455	0.000	0.000
27	  L	  0.5	  0.1	0.455	0.000	0.000
28	  D	  0.4	  0.1	0.192	0.000	0.000
29	  Q	  1.0	  0.1	0.192	0.000	0.000
30	  L	  0.9	  0.3	0.000	0.000	0.000
31	  D	  0.9	  0.3	0.308	0.000	0.000
32	  D	  0.3	  0.3	0.536	0.000	0.000
33	  T	  0.4	  0.3	1.059	0.000	0.000
34	  E	  3.8	  0.1	1.059	0.000	0.000
35	  Y	  4.5	  0.1	1.059	0.000	0.000
36	  K	  4.3	  0.2	1.059	0.000	0.000
37	  E	  2.3	  0.2	1.059	0.000	0.000
38	  L	  1.6	  0.2	1.059	0.000	0.000
39	  K	  1.7	  0.1	0.877	0.000	0.000
40	  T	  1.0	  0.1	0.000	0.000	0.000
41	  S	  6.6	  0.4	0.000	0.000	0.000
42	  L	  6.6	  0.4	0.000	0.000	0.000
43	  S	  6.8	  0.4	0.000	0.000	0.000
44	  Q	  1.3	  0.4	0.000	0.000	0.000
45	  R	  3.2	  0.3	0.000	0.000	0.000
46	  L	  4.8	  0.2	0.000	0.000	0.000
47	  D	  4.6	  0.2	0.000	0.000	0.000
48	  V	  4.4	  0.2	0.000	0.000	0.000
49	  M	  2.6	  0.0	0.000	0.000	0.000
50	  Y	  4.1	  0.0	0.000	0.000	0.000
51	  N	  2.8	  0.0	0.837	0.000	0.000
52	  Q	  4.1	  0.0	0.837	0.000	0.000
53	  I	  4.2	  0.0	0.837	0.000	0.000
54	  K	  3.7	  0.0	0.837	0.000	0.000
55	  A	  2.1	  0.0	0.837	0.000	0.000
56	  M	  0.5	  0.2	0.837	0.000	0.000
57	  Q	  0.3	  0.2	0.352	0.000	0.000
58	  G	  0.1	  0.2	0.000	0.000	0.000
59	  A	  1.2	  0.2	0.000	0.000	0.000
60	  V	  1.6	  0.0	0.000	0.000	0.000
61	  S	  1.6	  0.0	0.160	0.000	0.000
62	  P	  0.4	  0.0	0.160	0.000	0.000
63	  V	  1.7	  0.0	0.160	0.000	0.000
64	  T	  2.1	  0.1	0.160	0.000	0.000
65	  D	  2.2	  0.1	0.160	0.000	0.000
66	  Q	  1.2	  0.1	0.160	0.212	0.212
67	  V	  4.9	  0.0	0.000	6.818	6.818
68	  V	  5.9	  0.0	0.000	6.972	6.972
69	  A	  6.1	  0.0	0.000	6.972	6.972
70	  T	 15.0	  0.0	0.000	6.972	6.972
71	  I	 13.9	  0.1	0.000	6.972	6.972
72	  S	 13.1	  0.1	1.143	0.873	0.873
73	  D	  0.1	  0.4	1.301	0.000	0.000
74	  A	  0.2	  0.4	1.301	0.000	0.000
75	  T	  0.5	  0.7	1.301	0.000	0.000
76	  A	  0.5	  0.7	1.301	0.000	0.000
77	  D	  0.7	  0.4	1.641	0.000	0.000
78	  L	  0.6	  0.4	0.955	0.000	0.000
79	  R	  0.9	  0.1	0.812	0.000	0.000
80	  T	  2.8	  0.0	0.340	0.000	0.000
81	  T	  6.7	  0.0	0.340	0.000	0.000
82	  V	  9.8	  0.0	0.340	0.000	0.000
83	  L	  7.6	  0.0	0.340	0.000	0.000
84	  N	  3.8	  0.0	0.132	0.000	0.000
85	  D	  2.0	  0.0	0.631	0.000	0.000
86	  I	  2.5	  0.1	0.631	0.000	0.000
87	  E	  2.4	  0.1	0.814	0.000	0.000
88	  S	  1.2	  0.1	0.990	0.000	0.000
89	  L	  1.0	  0.1	0.990	0.000	0.000
90	  K	  1.3	  0.0	0.990	0.000	0.000
91	  A	  1.0	  0.0	0.818	0.000	0.000
92	  E	  2.9	  0.0	0.689	0.000	0.000
93	  I	  3.0	  0.0	0.312	0.000	0.000
94	  E	  2.8	  0.0	1.577	0.000	0.000
95	  P	  0.6	  0.1	1.266	0.000	0.000
96	  K	  0.3	  0.1	1.266	0.000	0.000
97	  R	  0.4	  0.1	1.266	0.000	0.000
98	  A	  0.5	  0.1	1.266	0.000	0.000
99	  E	  0.5	  0.1	1.406	0.000	0.000
100	  L	  0.6	  0.2	0.877	0.000	0.000
101	  R	  0.7	  0.2	0.585	0.000	0.000
102	  D	  2.5	  0.1	0.307	0.000	0.000
103	  V	  8.3	  0.1	0.307	0.000	0.000
104	  I	  8.5	  0.0	0.307	0.000	0.000
105	  N	  6.5	  0.1	0.307	0.000	0.000
106	  K	  1.1	  0.1	0.307	0.000	0.000
107	  H	  6.2	  0.1	0.000	0.000	0.000
108	  I	  6.3	  0.1	0.000	0.000	0.000
109	  D	  5.7	  0.2	0.569	0.000	0.000
110	  E	  0.9	  0.2	0.569	0.000	0.000
111	  Y	  1.3	  0.2	0.569	0.000	0.000
112	  R	  1.6	  0.2	0.569	0.000	0.000
113	  T	  2.0	  0.1	0.569	0.000	0.000
114	  Q	  4.2	  0.1	0.569	0.000	0.000
115	  M	  4.0	  0.0	0.409	0.000	0.000
116	  Q	  2.9	  0.0	0.214	0.000	0.000
117	  P	  0.1	  0.0	0.000	0.000	0.000
118	  I	  2.3	  0.0	0.000	0.000	0.000
119	  I	  2.5	  0.1	0.000	0.000	0.000
120	  S	  2.5	  0.1	0.167	0.000	0.000
121	  E	  0.8	  0.1	0.167	0.000	0.000
122	  Y	  3.1	  0.1	0.167	0.000	0.000
123	  Y	  5.4	  0.0	0.167	0.000	0.000
124	  S	  5.1	  0.1	1.098	0.000	0.000
125	  K	  3.2	  0.1	1.098	0.000	0.000
126	  H	  1.6	  0.1	1.098	0.000	0.000
127	  T	  1.5	  0.4	1.780	0.000	0.000
128	  A	  1.0	  0.3	2.031	0.000	0.000
129	  D	  0.6	  0.3	8.521	0.000	0.000
130	  M	  0.6	  0.3	8.939	0.000	0.000
131	  E	  0.5	  0.0	9.413	0.000	0.000
132	  A	  0.5	  0.0	9.413	0.000	0.000
133	  L	  2.2	  0.0	9.413	0.000	0.000
134	  R	  3.6	  0.0	9.153	0.000	0.000
135	  V	 10.7	  0.0	7.569	0.000	0.000
136	  K	 12.1	  0.0	7.163	0.000	0.000
137	  L	 10.8	  0.0	3.838	0.000	0.000
138	  E	  4.3	  0.0	3.360	0.000	0.000
139	  P	  0.1	  0.0	0.121	0.000	0.000
140	  V	  4.1	  0.0	0.511	0.000	0.000
141	  V	  4.7	  0.0	1.731	0.000	0.000
142	  E	  4.7	  0.1	1.996	0.000	0.000
143	  E	  0.9	  0.1	2.367	0.000	0.000
144	  L	  0.6	  0.1	2.367	0.000	0.000
145	  R	  0.9	  0.1	2.367	0.000	0.000
146	  Q	  1.3	  0.1	2.367	0.000	0.000
147	  K	  3.3	  0.1	1.523	0.000	0.000
148	  V	  4.2	  0.0	0.698	0.000	0.000
149	  A	  3.6	  0.1	0.698	0.000	0.000
150	  T	  1.5	  0.1	0.353	0.000	0.000
151	  N	  0.6	  0.9	0.353	0.000	0.000
152	  L	  0.5	  0.9	0.000	0.000	0.000
153	  D	  0.3	  1.1	0.448	0.000	0.000
154	  E	  0.6	  1.1	0.448	0.000	0.000
155	  T	  2.3	  0.4	0.608	0.000	0.000
156	  K	  2.7	  0.4	0.608	0.000	0.000
157	  T	  2.7	  0.1	0.608	0.000	0.000
158	  A	  1.6	  0.1	0.608	0.000	0.000
159	  L	  1.3	  0.0	0.608	0.000	0.000
160	  M	  0.8	  0.0	0.412	0.000	0.000
161	  P	  0.1	  0.0	2.479	0.000	0.000
162	  I	  3.1	  0.0	2.978	0.000	0.000
163	  V	  4.8	  0.0	4.937	0.000	0.000
164	  E	  4.8	  0.0	5.096	0.000	0.000
165	  A	  2.4	  0.0	5.096	0.000	0.000
166	  V	  1.7	  0.1	5.096	0.000	0.000
167	  R	  1.6	  0.1	5.096	0.000	0.000
168	  N	  1.1	  0.2	5.044	0.000	0.000
169	  K	  0.6	  0.2	3.603	0.000	0.000
170	  L	  0.6	  0.1	1.145	0.000	0.000
171	  S	  0.7	  0.2	1.026	0.000	0.000
172	  E	  0.2	  0.2	0.483	0.000	0.000
173	  R	  0.6	  0.2	0.351	0.000	0.000
174	  L	  0.5	  0.2	0.185	0.000	0.000
175	  E	  0.5	  0.1	0.185	0.000	0.000
176	  T	  3.6	  0.1	0.185	0.000	0.000
177	  L	  3.7	  0.3	0.185	0.000	0.000
178	  K	  3.7	  0.2	0.185	0.000	0.000
179	  D	  0.3	  0.2	0.000	0.000	0.000
180	  M	  0.4	  0.2	0.000	0.000	0.000
181	  A	  0.4	  0.0	0.000	0.000	0.000
182	  S	  0.4	  0.2	0.000	0.000	0.000
183	  P	  0.1	  0.2	0.000	0.000	0.000
184	  Y	  2.3	  0.2	0.000	0.000	0.000
185	  V	  2.9	  0.3	0.000	0.000	0.000
186	  E	  3.0	  0.1	0.000	0.000	0.000
187	  E	  4.1	  0.1	0.000	0.000	0.000
188	  Y	  4.0	  0.3	0.000	0.000	0.000
189	  K	  4.0	  0.2	0.000	0.000	0.000
190	  D	  0.6	  0.3	0.000	0.000	0.000
191	  Q	  1.2	  0.3	0.000	0.000	0.000
192	  L	  1.2	  0.2	0.000	0.000	0.000
193	  K	  1.4	  0.2	0.000	0.000	0.000
194	  Q	  0.8	  0.1	0.000	0.000	0.000
195	  A	  1.2	  0.1	0.000	0.000	0.000
196	  Y	  3.5	  0.1	0.000	0.000	0.000
197	  S	  3.2	  0.1	0.000	0.000	0.000
198	  Q	  2.8	  0.1	0.000	0.000	0.000
199	  A	  0.4	  0.2	0.000	0.000	0.000
200	  Q	  0.5	  0.2	0.000	0.000	0.000
201	  N	  2.1	  0.4	0.000	0.000	0.000
202	  I	  4.2	  0.4	0.000	0.000	0.000
203	  N	  4.1	  0.8	1.475	0.000	0.000
204	  T	  2.4	  0.8	1.475	0.000	0.000
205	  D	  0.2	  0.6	6.572	0.000	0.000
206	  E	  0.7	  0.6	6.692	0.000	0.000
207	  L	  1.5	  0.1	6.692	0.000	0.000
208	  T	  2.0	  0.1	7.031	0.000	0.000
209	  A	  1.5	  0.0	7.031	0.000	0.000
210	  L	  0.8	  0.0	7.031	0.000	0.000
211	  K	  0.6	  0.1	5.411	0.000	0.000
212	  E	  0.4	  0.1	2.958	0.000	0.000
213	  K	  9.3	  0.1	1.991	0.000	0.000
214	  I	  9.9	  0.0	0.234	0.000	0.000
215	  T	  9.8	  0.1	0.234	0.000	0.000
216	  P	  0.9	  0.1	0.000	0.000	0.000
217	  L	  0.0	  0.1	0.000	0.000	0.000
218	  A	  0.0	  0.3	0.219	0.000	0.000
219	  E	  0.0	  0.2	0.406	0.000	0.000
220	  D	  1.8	  0.2	5.236	0.000	0.000
221	  V	 10.3	  0.2	5.236	0.000	0.000
222	  R	 11.7	  0.0	5.236	0.000	0.000
223	  V	 16.6	  0.0	5.236	0.000	0.000
224	  K	  8.7	  0.0	5.236	0.000	0.000
225	  L	  7.4	  0.0	5.236	2.182	2.182
226	  Q	  1.0	  0.0	5.010	2.182	2.182
227	  A	  0.7	  0.0	2.864	2.182	2.182
228	  I	  1.3	  0.0	2.356	2.182	2.182
229	  F	  3.7	  0.1	2.356	2.182	2.182
230	  E	  3.4	  0.1	1.575	0.000	0.000
231	  A	  2.8	  0.1	1.288	4.808	4.808
232	  I	  1.3	  0.1	0.945	10.697	10.697
233	  A	  1.3	  0.0	0.945	10.697	10.697
234	  A	  1.8	  0.0	0.661	10.697	10.697
235	  T	  7.0	  0.0	0.273	10.697	10.697
236	  V	  7.4	  0.0	0.273	10.697	10.697
237	  N	  6.6	  0.0	0.273	0.000	0.000
238	  K	  0.5	  0.0	0.000	0.000	0.000
239	  N	  0.0	  0.0	0.000	0.000	0.000
