res	aa	Beta	Turn	Helix	Aggregation	Conc-Stab_Aggregation
01	  A	  0.0	  0.3	0.000	0.000	0.000
02	  P	  0.0	  0.4	0.000	0.000	0.000
03	  S	  0.2	  0.5	0.175	0.000	0.000
04	  Q	  1.8	  0.5	0.175	0.000	0.000
05	  L	  2.2	  0.3	0.175	0.000	0.000
06	  E	  2.5	  0.2	0.175	0.000	0.000
07	  H	  3.2	  0.2	0.175	0.000	0.000
08	  Y	  4.0	  0.2	0.175	0.000	0.000
09	  K	  3.7	  0.0	0.000	0.000	0.000
10	  A	  1.5	  0.0	0.000	9.845	9.845
11	  A	  0.4	  0.0	0.000	21.229	21.229
12	  A	  0.5	  0.0	0.000	51.275	51.275
13	  L	  1.9	  0.0	0.000	70.463	70.463
14	  V	  5.6	  0.0	0.000	72.320	72.320
15	  Y	  5.8	  0.0	0.000	72.249	72.249
16	  L	  4.8	  0.0	0.000	70.492	70.492
17	  T	  1.8	  0.0	0.166	47.699	47.699
18	  Q	  2.4	  0.0	0.166	24.750	24.750
19	  V	  3.8	  0.0	0.166	24.445	24.445
20	  K	  3.0	  0.1	0.166	0.000	0.000
21	  E	  1.9	  0.1	0.313	0.000	0.000
22	  Q	  0.4	  0.1	0.313	0.000	0.000
23	  A	  0.4	  0.1	0.313	0.000	0.000
24	  Q	  0.5	  0.1	0.313	0.000	0.000
25	  K	  0.3	  0.1	0.147	0.000	0.000
26	  A	  0.4	  0.1	0.147	0.000	0.000
27	  L	  0.4	  0.1	0.147	0.000	0.000
28	  D	  0.3	  0.2	0.147	0.000	0.000
29	  N	  0.4	  3.1	0.000	0.000	0.000
30	  L	  0.4	  3.3	0.000	0.000	0.000
31	  D	  0.4	  3.3	0.000	0.000	0.000
32	  G	  0.1	  3.3	0.000	0.000	0.000
33	  T	  0.3	  0.3	0.998	0.000	0.000
34	  E	  1.2	  0.1	0.998	0.000	0.000
35	  Y	  2.3	  0.1	0.998	0.000	0.000
36	  E	  2.2	  0.1	0.998	0.000	0.000
37	  Q	  3.5	  0.1	0.998	0.000	0.000
38	  Y	  5.0	  0.1	0.998	0.000	0.000
39	  K	  6.4	  0.0	0.753	0.000	0.000
40	  V	  9.0	  0.0	0.469	0.000	0.000
41	  Q	  7.1	  0.0	0.469	0.000	0.000
42	  L	  5.5	  0.1	0.219	0.000	0.000
43	  S	  1.1	  0.9	0.219	0.000	0.000
44	  E	  0.3	  0.9	0.000	0.000	0.000
45	  S	  2.1	  0.9	1.129	0.000	0.000
46	  L	  2.4	  0.8	1.129	0.000	0.000
47	  T	  3.4	  0.1	1.129	0.000	0.000
48	  K	  2.1	  0.0	1.129	0.000	0.000
49	  L	  1.7	  0.1	1.129	0.000	0.000
50	  Q	  1.1	  0.1	1.129	0.000	0.000
51	  E	  0.9	  0.1	0.843	0.000	0.000
52	  Y	  1.4	  0.1	0.580	0.000	0.000
53	  A	  1.1	  0.1	0.269	0.000	0.000
54	  Q	  0.9	  0.1	0.269	0.000	0.000
55	  S	  2.5	  0.3	0.000	0.000	0.000
56	  T	  3.7	  0.3	0.000	0.000	0.000
57	  S	  3.8	  0.4	0.000	0.000	0.000
58	  Q	  1.8	  0.3	0.000	0.000	0.000
59	  T	  5.6	  0.1	0.000	0.000	0.000
60	  L	  5.4	  0.1	0.000	0.000	0.000
61	  T	  5.2	  0.2	0.000	0.000	0.000
62	  P	  0.2	  0.2	0.000	0.000	0.000
63	  Y	  0.4	  0.2	0.000	0.000	0.000
64	  A	  0.4	  0.2	0.000	0.000	0.000
65	  E	  0.4	  0.1	0.000	0.000	0.000
66	  T	 13.8	  0.1	0.000	0.000	0.000
67	  I	 13.9	  0.1	0.000	0.000	0.000
68	  S	 13.9	  0.1	0.162	0.000	0.000
69	  N	  1.2	  0.1	0.366	0.000	0.000
70	  Q	  2.2	  0.1	0.366	0.000	0.000
71	  F	  3.0	  0.0	0.366	0.000	0.000
72	  L	  1.9	  0.2	0.366	0.000	0.000
73	  E	  1.0	  0.2	0.366	0.000	0.000
74	  N	  0.8	  0.2	0.366	0.000	0.000
75	  T	  2.3	  0.3	0.743	0.000	0.000
76	  K	  2.3	  0.1	0.743	0.000	0.000
77	  Q	  2.7	  0.1	0.743	0.000	0.000
78	  L	  1.1	  0.1	0.743	0.000	0.000
79	  R	  1.0	  0.1	0.743	0.000	0.000
80	  E	  0.2	  0.1	0.743	0.000	0.000
81	  R	  2.1	  0.1	0.476	0.000	0.000
82	  V	  4.1	  0.0	0.180	0.000	0.000
83	  M	  4.3	  0.1	0.180	0.000	0.000
84	  T	  2.9	  0.1	0.000	0.000	0.000
85	  D	  3.4	  0.1	0.585	0.000	0.000
86	  V	  4.0	  0.2	0.734	0.000	0.000
87	  E	  3.5	  0.2	0.734	0.000	0.000
88	  D	  1.4	  0.2	2.420	0.000	0.000
89	  L	  1.0	  0.2	2.420	0.000	0.000
90	  R	  1.3	  0.1	2.420	0.000	0.000
91	  S	  1.1	  0.2	2.420	0.000	0.000
92	  K	  4.6	  0.2	2.000	0.000	0.000
93	  L	  4.4	  0.1	1.831	0.000	0.000
94	  E	  4.3	  0.1	1.591	0.000	0.000
95	  P	  0.2	  0.0	0.175	0.000	0.000
96	  H	  0.4	  0.0	0.587	0.000	0.000
97	  R	  0.4	  0.0	0.840	0.000	0.000
98	  A	  0.5	  0.1	1.030	0.000	0.000
99	  E	  0.4	  0.1	1.698	0.000	0.000
100	  L	  0.4	  0.0	1.836	0.000	0.000
101	  Y	  9.3	  0.0	1.836	0.000	0.000
102	  E	  9.6	  0.0	1.836	0.000	0.000
103	  V	 11.8	  0.0	1.836	0.000	0.000
104	  L	  3.2	  0.0	1.836	0.000	0.000
105	  Q	  2.8	  0.1	1.836	0.000	0.000
106	  K	  0.6	  0.1	1.836	0.000	0.000
107	  H	  3.0	  0.1	0.176	0.000	0.000
108	  F	  3.1	  0.1	0.000	0.000	0.000
109	  D	  2.9	  0.2	1.097	0.000	0.000
110	  E	  1.1	  0.2	1.333	0.000	0.000
111	  Y	  1.4	  0.2	1.333	0.000	0.000
112	  R	  1.4	  0.2	1.333	0.000	0.000
113	  E	  0.8	  0.1	1.333	0.000	0.000
114	  K	  4.1	  0.1	1.333	0.000	0.000
115	  L	  4.2	  0.1	1.055	0.000	0.000
116	  E	  4.1	  0.0	0.795	0.000	0.000
117	  P	  0.1	  0.0	0.000	0.000	0.000
118	  V	  4.5	  0.0	0.000	0.000	0.000
119	  F	  5.7	  0.0	0.325	0.000	0.000
120	  Q	  6.1	  0.0	0.325	0.000	0.000
121	  E	  2.0	  0.0	0.325	0.000	0.000
122	  Y	  1.1	  0.6	0.325	0.000	0.000
123	  A	  0.8	  0.6	0.325	0.000	0.000
124	  N	  0.7	  1.4	0.325	0.000	0.000
125	  L	  0.5	  1.4	0.325	0.000	0.000
126	  N	  0.4	  0.9	4.818	0.000	0.000
127	  R	  0.2	  1.1	4.641	0.000	0.000
128	  E	  0.1	  0.4	4.493	0.000	0.000
129	  N	  0.2	  0.5	8.365	0.000	0.000
130	  A	  0.2	  0.5	8.365	0.000	0.000
131	  E	  0.2	  0.2	8.365	0.000	0.000
132	  K	  0.9	  0.2	7.937	0.000	0.000
133	  L	  1.0	  0.1	6.831	0.000	0.000
134	  R	  1.1	  0.1	6.202	0.000	0.000
135	  T	  1.3	  0.1	4.536	0.000	0.000
136	  K	  2.4	  0.1	4.536	0.000	0.000
137	  L	  2.3	  0.0	3.321	0.000	0.000
138	  Q	  1.4	  0.0	2.320	0.000	0.000
139	  P	  0.1	  0.0	0.000	0.000	0.000
140	  L	  0.4	  0.0	0.000	0.000	0.000
141	  L	  0.4	  0.0	0.443	0.000	0.000
142	  D	  0.4	  0.0	2.112	0.000	0.000
143	  E	  0.3	  0.0	2.373	0.000	0.000
144	  M	  0.7	  0.1	2.373	0.000	0.000
145	  R	  1.0	  0.1	2.373	0.000	0.000
146	  Q	  1.3	  0.1	2.373	0.000	0.000
147	  K	  8.2	  0.1	2.241	0.000	0.000
148	  V	  8.5	  0.1	0.942	0.000	0.000
149	  E	  8.0	  0.1	0.942	0.000	0.000
150	  T	  1.5	  0.1	0.440	0.000	0.000
151	  N	  5.0	  0.1	0.580	0.000	0.000
152	  V	  5.5	  0.1	0.140	0.000	0.000
153	  E	  4.8	  0.1	0.140	0.000	0.000
154	  E	  1.2	  0.1	0.140	0.000	0.000
155	  T	  4.1	  0.2	0.140	0.000	0.000
156	  K	  4.7	  0.2	0.140	0.000	0.000
157	  S	  4.3	  0.2	0.140	0.000	0.000
158	  K	  1.9	  0.2	0.000	0.000	0.000
159	  L	  1.4	  0.1	0.000	0.000	0.000
160	  V	  1.2	  0.1	0.000	0.000	0.000
161	  P	  0.2	  0.0	0.151	0.000	0.000
162	  M	  0.3	  0.0	0.151	0.000	0.000
163	  V	  2.2	  0.0	0.151	0.000	0.000
164	  E	  2.2	  0.0	0.151	0.000	0.000
165	  A	  2.5	  0.0	0.151	0.000	0.000
166	  V	  1.5	  0.0	0.151	0.000	0.000
167	  R	  1.6	  0.0	0.151	0.000	0.000
168	  T	  2.0	  0.1	0.000	0.000	0.000
169	  K	  3.4	  0.1	0.000	0.000	0.000
170	  L	  3.2	  0.1	0.000	0.000	0.000
171	  T	  2.4	  0.1	0.182	0.000	0.000
172	  E	  0.3	  0.1	0.182	0.000	0.000
173	  R	  0.7	  0.1	0.787	0.000	0.000
174	  L	  0.5	  0.1	0.787	0.000	0.000
175	  E	  0.5	  0.1	0.787	0.000	0.000
176	  E	  0.3	  0.1	0.787	0.000	0.000
177	  L	  0.5	  0.1	0.787	0.000	0.000
178	  R	  0.9	  0.1	0.787	0.000	0.000
179	  T	  1.2	  0.0	0.336	0.000	0.000
180	  M	  1.3	  0.0	0.336	0.000	0.000
181	  A	  1.0	  0.0	0.162	0.000	0.000
182	  A	  0.4	  0.2	0.000	0.000	0.000
183	  P	  0.0	  0.2	0.000	0.000	0.000
184	  Y	  0.4	  0.2	0.000	0.000	0.000
185	  A	  0.4	  0.2	0.000	0.000	0.000
186	  E	  0.5	  0.1	0.152	0.000	0.000
187	  E	  3.5	  0.1	0.299	0.000	0.000
188	  Y	  4.3	  0.1	0.412	0.000	0.000
189	  K	  4.4	  0.1	0.543	0.000	0.000
190	  E	  0.9	  0.1	0.543	0.000	0.000
191	  Q	  0.8	  0.1	0.543	0.000	0.000
192	  L	  1.3	  0.1	0.543	0.000	0.000
193	  V	 16.7	  0.0	0.543	0.000	0.000
194	  K	 17.8	  0.0	0.543	0.000	0.000
195	  V	 20.9	  0.0	0.000	0.000	0.000
196	  V	  6.6	  0.0	0.391	0.000	0.000
197	  E	  4.2	  0.0	0.886	0.000	0.000
198	  E	  0.6	  0.0	1.224	0.000	0.000
199	  A	  0.1	  0.1	1.224	0.000	0.000
200	  R	  0.1	  0.1	1.224	0.000	0.000
201	  E	  0.1	  0.1	1.224	0.000	0.000
202	  K	  1.0	  0.1	1.224	0.000	0.000
203	  L	  1.0	  0.1	0.891	0.000	0.000
204	  A	  1.0	  0.2	0.433	0.000	0.000
205	  P	  0.1	  0.2	0.000	0.000	0.000
206	  H	  1.1	  0.2	0.000	0.000	0.000
207	  T	  1.7	  0.4	0.300	0.000	0.000
208	  Q	  1.9	  0.3	0.300	0.000	0.000
209	  D	  0.9	  0.3	1.324	0.000	0.000
210	  L	  0.7	  0.3	1.324	0.000	0.000
211	  Q	  0.7	  0.0	1.324	0.000	0.000
212	  A	  0.8	  0.0	1.324	0.000	0.000
213	  R	  1.7	  0.0	1.324	0.000	0.000
214	  M	  1.6	  0.0	1.324	0.000	0.000
215	  E	  1.4	  0.0	0.707	0.000	0.000
216	  P	  0.1	  0.0	0.000	0.000	0.000
217	  Y	  0.8	  0.0	0.000	0.000	0.000
218	  M	  1.0	  0.2	0.000	0.000	0.000
219	  E	  1.0	  0.2	0.335	0.000	0.000
220	  N	  3.7	  0.2	1.987	0.000	0.000
221	  V	  4.9	  0.2	1.987	0.000	0.000
222	  R	  5.0	  0.0	1.987	0.000	0.000
223	  A	  1.8	  0.0	1.987	0.000	0.000
224	  R	  0.8	  0.0	1.987	0.000	0.000
225	  F	  1.2	  0.2	1.807	1.849	1.849
226	  A	  1.1	  0.2	0.216	1.849	1.849
227	  Q	  1.8	  0.2	0.216	1.849	1.849
228	  V	  4.4	  0.2	0.000	1.849	1.849
229	  Y	  4.7	  0.1	0.000	1.849	1.849
230	  E	  3.7	  0.1	0.000	0.000	0.000
231	  T	 14.0	  0.1	0.138	0.000	0.000
232	  I	 14.2	  0.1	0.138	0.000	0.000
233	  S	 14.2	  0.1	0.138	0.000	0.000
234	  K	  1.1	  0.1	0.138	0.000	0.000
235	  A	  0.5	  0.1	0.138	0.000	0.000
236	  I	  0.9	  0.0	0.138	0.000	0.000
237	  Q	  0.6	  0.0	0.138	0.000	0.000
238	  A	  0.4	  0.0	0.000	0.000	0.000
