res	aa	Beta	Turn	Helix	Aggregation	Conc-Stab_Aggregation
01	  E	  0.0	  0.0	0.000	0.000	0.000
02	  P	  0.0	  0.0	0.000	0.000	0.000
03	  P	  0.0	  0.2	0.000	0.000	0.000
04	  P	  0.0	  0.3	0.000	0.000	0.000
05	  Q	  1.2	  0.3	0.000	0.000	0.000
06	  L	  1.7	  0.3	0.000	0.000	0.000
07	  Q	  2.4	  0.1	0.000	0.000	0.000
08	  H	  3.5	  0.0	0.000	0.000	0.000
09	  V	  6.2	  0.1	0.000	0.000	0.000
10	  K	  5.8	  0.1	0.000	0.000	0.000
11	  S	  3.6	  0.1	0.270	0.000	0.000
12	  E	  0.7	  0.1	0.270	0.000	0.000
13	  L	  2.1	  0.1	0.270	0.000	0.000
14	  Q	  5.5	  0.1	0.270	0.000	0.000
15	  F	  7.0	  0.0	0.270	0.000	0.000
16	  Y	  5.5	  0.3	0.419	0.000	0.000
17	  A	  2.2	  0.3	0.569	0.000	0.000
18	  D	  0.3	  0.4	0.811	0.000	0.000
19	  Q	  1.1	  0.4	0.811	0.000	0.000
20	  L	  1.2	  0.3	0.811	0.000	0.000
21	  K	  1.2	  0.4	0.811	0.000	0.000
22	  Q	  0.2	  0.5	0.682	0.000	0.000
23	  G	  0.0	  0.5	0.241	0.000	0.000
24	  A	  0.3	  0.3	0.000	0.000	0.000
25	  Y	  1.6	  0.2	0.000	0.000	0.000
26	  K	  1.7	  0.1	0.000	0.000	0.000
27	  A	  1.6	  0.1	0.000	0.000	0.000
28	  L	  1.7	  0.1	0.000	0.000	0.000
29	  T	  2.6	  0.0	0.000	0.000	0.000
30	  H	  3.2	  0.3	0.000	0.000	0.000
31	  L	  2.0	  0.4	0.000	0.000	0.000
32	  D	  0.9	  0.5	0.000	0.000	0.000
33	  D	  0.3	  0.6	0.000	0.000	0.000
34	  T	  0.4	  0.3	0.000	0.000	0.000
35	  E	  3.7	  0.1	0.000	0.000	0.000
36	  F	  4.1	  0.3	0.000	0.000	0.000
37	  K	  3.9	  0.3	0.000	0.000	0.000
38	  D	  1.1	  0.3	4.368	0.000	0.000
39	  Y	  1.3	  0.4	4.368	0.196	0.196
40	  K	  1.4	  0.1	4.368	0.196	0.196
41	  E	  1.1	  0.1	4.368	0.196	0.196
42	  F	  0.7	  0.1	4.368	39.168	39.168
43	  L	  0.6	  0.1	4.368	39.707	39.707
44	  G	  0.5	  0.1	3.943	39.707	39.707
45	  L	  0.9	  0.1	1.157	39.707	39.707
46	  Y	  2.3	  0.2	0.380	39.707	39.707
47	  V	  2.8	  0.1	0.000	36.536	36.536
48	  D	  2.0	  0.2	0.240	0.000	0.000
49	  N	  0.6	  0.2	0.471	0.000	0.000
50	  L	  0.3	  0.1	0.471	0.000	0.000
51	  H	  1.1	  0.1	0.471	0.000	0.000
52	  R	  2.4	  0.0	0.471	0.000	0.000
53	  Y	  4.7	  0.0	0.471	0.000	0.000
54	  F	  5.6	  0.5	0.230	0.000	0.000
55	  Q	  4.2	  1.4	0.000	0.000	0.000
56	  N	  1.9	  1.5	0.000	0.000	0.000
57	  G	  0.1	  1.5	0.000	0.000	0.000
58	  I	  0.5	  1.0	0.000	0.000	0.000
59	  Q	  0.6	  0.0	0.000	0.000	0.000
60	  A	  1.3	  0.0	0.000	0.000	0.000
61	  I	  1.2	  0.0	0.000	0.000	0.000
62	  S	  1.1	  0.2	0.000	0.000	0.000
63	  P	  0.3	  0.2	0.000	0.000	0.000
64	  L	  0.1	  0.2	0.000	0.000	0.000
65	  A	  0.6	  0.2	0.000	0.000	0.000
66	  T	  1.7	  0.0	0.000	0.000	0.000
67	  H	  2.4	  0.0	0.000	0.000	0.000
68	  L	  1.9	  0.0	0.000	0.000	0.000
69	  M	  1.3	  0.1	0.000	0.000	0.000
70	  E	  1.3	  0.1	0.000	0.000	0.000
71	  H	  2.3	  0.1	0.000	0.000	0.000
72	  T	  2.3	  0.4	0.000	0.000	0.000
73	  K	  1.7	  0.4	0.000	0.000	0.000
74	  D	  0.7	  0.5	0.979	0.000	0.000
75	  K	  0.5	  0.5	0.979	0.000	0.000
76	  R	  0.5	  0.2	0.979	0.000	0.000
77	  E	  0.5	  0.2	0.979	0.000	0.000
78	  K	  0.9	  0.1	0.979	0.000	0.000
79	  L	  1.0	  0.1	0.979	0.000	0.000
80	  N	  1.1	  0.1	2.928	0.000	0.000
81	  K	  0.8	  0.1	3.236	0.000	0.000
82	  E	  2.8	  0.1	3.492	0.000	0.000
83	  V	  3.6	  0.2	4.307	0.000	0.000
84	  E	  3.1	  0.1	5.051	0.000	0.000
85	  D	  1.3	  0.1	8.909	0.000	0.000
86	  L	  0.6	  0.2	8.909	0.000	0.000
87	  R	  0.7	  0.1	8.909	0.000	0.000
88	  K	  0.5	  0.1	8.741	0.000	0.000
89	  K	  9.6	  0.1	7.374	0.000	0.000
90	  I	  9.9	  0.0	5.319	0.000	0.000
91	  E	  9.8	  0.0	5.319	0.000	0.000
92	  P	  0.5	  0.1	0.000	0.000	0.000
93	  K	  0.3	  0.1	0.000	0.000	0.000
94	  H	  0.7	  0.2	0.182	0.000	0.000
95	  K	  0.8	  0.2	0.182	0.000	0.000
96	  E	  0.8	  0.2	1.907	0.000	0.000
97	  L	  0.7	  0.2	1.907	0.000	0.000
98	  R	  1.3	  0.1	1.907	0.000	0.000
99	  Q	  1.6	  0.0	1.907	0.000	0.000
100	  V	  2.8	  0.0	1.907	0.000	0.000
101	  L	  2.3	  0.0	1.907	0.000	0.000
102	  E	  2.3	  0.1	1.907	0.000	0.000
103	  K	  1.0	  0.1	1.756	0.000	0.000
104	  H	  4.4	  0.1	0.342	0.000	0.000
105	  F	  5.0	  0.1	0.000	0.000	0.000
106	  Q	  5.1	  0.0	0.000	0.000	0.000
107	  E	  3.1	  0.0	0.000	0.000	0.000
108	  Y	  2.2	  0.3	0.000	0.000	0.000
109	  S	  1.8	  0.3	0.000	0.000	0.000
110	  D	  0.3	  0.4	0.000	0.000	0.000
111	  E	  3.0	  0.4	0.000	0.000	0.000
112	  L	  3.1	  0.2	0.000	0.000	0.000
113	  K	  3.1	  0.1	0.000	0.000	0.000
114	  P	  0.1	  0.0	0.140	0.000	0.000
115	  L	  0.1	  0.0	0.335	0.000	0.000
116	  L	  0.1	  0.1	0.754	0.000	0.000
117	  E	  0.2	  0.1	0.945	0.000	0.000
118	  E	  0.2	  0.1	1.327	0.000	0.000
119	  Y	  0.7	  0.1	1.327	0.000	0.000
120	  L	  1.2	  0.0	1.327	0.000	0.000
121	  T	  2.6	  0.1	3.114	0.000	0.000
122	  K	  2.3	  0.1	3.114	0.000	0.000
123	  Q	  2.1	  0.1	3.114	0.000	0.000
124	  R	  0.9	  0.2	1.966	0.000	0.000
125	  K	  1.0	  0.1	1.786	0.000	0.000
126	  L	  0.8	  0.1	1.786	0.000	0.000
127	  M	  0.4	  0.1	1.806	0.000	0.000
128	  E	  0.1	  0.0	1.847	0.000	0.000
129	  E	  1.9	  0.0	2.272	0.000	0.000
130	  V	  2.7	  0.1	2.078	0.000	0.000
131	  R	  2.9	  0.0	2.078	0.000	0.000
132	  T	  2.0	  0.1	1.902	0.000	0.000
133	  K	  2.9	  0.1	1.902	0.000	0.000
134	  L	  3.0	  0.1	1.670	0.000	0.000
135	  E	  2.2	  0.1	1.670	0.000	0.000
136	  H	  1.3	  0.1	1.670	0.000	0.000
137	  L	  1.6	  0.1	1.373	0.000	0.000
138	  V	  4.8	  0.1	1.373	0.000	0.000
139	  K	  4.2	  0.1	1.373	0.000	0.000
140	  S	  4.1	  0.1	0.507	0.000	0.000
141	  L	  0.9	  0.1	0.382	0.000	0.000
142	  K	  1.0	  0.1	0.382	0.000	0.000
143	  E	  0.5	  0.1	0.382	0.000	0.000
144	  K	  0.7	  0.1	0.382	0.000	0.000
145	  I	  0.5	  0.5	0.382	0.000	0.000
146	  G	  0.4	  0.4	0.382	0.000	0.000
147	  T	  0.7	  0.4	0.000	0.000	0.000
148	  N	  2.6	  0.4	0.150	0.000	0.000
149	  W	  3.0	  0.0	0.150	0.000	0.000
150	  E	  2.5	  0.1	0.150	0.000	0.000
151	  E	  1.0	  0.1	0.150	0.000	0.000
152	  T	  4.3	  0.2	0.310	0.000	0.000
153	  K	  4.8	  0.2	0.310	0.000	0.000
154	  S	  4.4	  0.2	0.310	0.000	0.000
155	  K	  1.4	  0.2	0.160	0.000	0.000
156	  L	  0.9	  0.1	0.160	0.000	0.000
157	  L	  0.7	  0.1	0.301	0.000	0.000
158	  P	  0.1	  0.0	2.466	0.000	0.000
159	  I	  2.8	  0.0	3.814	0.000	0.000
160	  V	  4.3	  0.0	7.900	0.000	0.000
161	  E	  4.3	  0.0	11.235	0.000	0.000
162	  A	  2.1	  0.0	11.939	0.000	0.000
163	  V	  1.2	  0.0	12.600	0.000	0.000
164	  R	  1.3	  0.0	12.962	0.000	0.000
165	  K	  0.9	  0.0	12.835	0.000	0.000
166	  K	  1.2	  0.0	13.763	0.000	0.000
167	  V	  2.6	  0.0	13.270	0.000	0.000
168	  M	  3.1	  0.0	13.598	0.000	0.000
169	  E	  2.3	  0.0	14.227	0.000	0.000
170	  L	  1.7	  0.0	14.227	19.147	19.147
171	  L	  2.0	  0.0	14.227	19.147	19.147
172	  L	  3.1	  0.0	14.227	19.147	19.147
173	  C	  4.4	  0.0	13.820	19.147	19.147
174	  L	  3.4	  0.1	12.140	19.147	19.147
175	  K	  2.4	  0.1	11.564	0.000	0.000
176	  N	  0.3	  0.2	3.877	0.000	0.000
177	  Q	  3.4	  0.2	0.299	0.000	0.000
178	  L	  3.4	  0.1	0.000	0.000	0.000
179	  E	  3.4	  0.0	0.000	0.000	0.000
180	  P	  0.1	  0.0	0.000	0.000	0.000
181	  Y	  1.2	  0.0	0.000	0.000	0.000
182	  I	  1.4	  0.1	0.000	0.000	0.000
183	  E	  1.5	  0.1	0.136	0.000	0.000
184	  E	  1.1	  0.1	0.312	0.000	0.000
185	  Y	  1.6	  0.2	0.482	0.000	0.000
186	  R	  1.7	  0.2	0.482	0.000	0.000
187	  D	  1.2	  0.2	0.482	0.000	0.000
188	  Q	  3.4	  0.2	0.482	0.000	0.000
189	  I	  4.0	  0.1	0.482	0.000	0.000
190	  E	  3.7	  0.6	0.675	0.000	0.000
191	  K	  0.7	  0.6	0.675	0.000	0.000
192	  G	  0.0	  0.6	0.675	0.000	0.000
193	  V	  1.3	  0.5	0.193	0.000	0.000
194	  L	  2.3	  0.0	0.193	0.000	0.000
195	  K	  3.2	  0.0	0.193	0.000	0.000
196	  F	  3.4	  0.0	0.193	0.000	0.000
197	  R	  2.7	  0.1	0.000	0.000	0.000
198	  K	  2.3	  0.1	0.000	0.000	0.000
199	  S	  2.6	  0.1	0.000	0.000	0.000
200	  V	  5.6	  0.3	0.000	0.000	0.000
201	  K	  5.1	  0.3	0.153	0.000	0.000
202	  S	  3.4	  0.6	0.333	0.000	0.000
203	  G	  0.2	  0.6	1.536	0.000	0.000
204	  E	  0.3	  0.5	1.734	0.000	0.000
205	  L	  0.6	  0.3	1.734	0.000	0.000
206	  R	  0.7	  0.1	1.734	0.000	0.000
207	  K	  0.5	  0.1	1.734	0.000	0.000
208	  K	  1.2	  0.1	1.401	0.000	0.000
209	  M	  1.1	  0.1	0.793	0.000	0.000
210	  N	  1.0	  0.2	0.317	0.000	0.000
211	  E	  0.0	  0.2	0.144	0.000	0.000
212	  L	  0.0	  0.3	0.144	0.000	0.000
213	  G	  0.0	  0.3	0.000	0.000	0.000
214	  E	  0.0	  0.1	0.000	0.000	0.000
215	  E	 25.7	  0.1	0.000	0.000	0.000
216	  V	 26.2	  0.1	0.000	0.000	0.000
217	  K	 26.2	  0.1	0.000	0.000	0.000
218	  P	  0.6	  0.1	0.000	0.000	0.000
219	  H	  2.8	  0.1	0.000	0.000	0.000
220	  F	  5.3	  0.2	0.000	6.168	6.168
221	  Q	  5.4	  0.0	0.000	6.448	6.448
222	  A	  2.9	  0.0	0.000	18.454	18.454
223	  I	  1.9	  0.0	0.000	30.289	30.289
224	  F	  7.6	  0.0	0.000	30.289	30.289
225	  T	  8.3	  0.0	0.000	28.907	28.907
226	  A	  7.3	  0.0	0.000	28.099	28.099
227	  V	  2.3	  0.0	0.000	25.366	25.366
228	  Q	  1.4	  0.0	0.000	0.872	0.872
229	  K	  1.1	  0.0	0.000	0.000	0.000
230	  A	  0.7	  0.0	0.000	0.000	0.000
231	  V	  2.0	  0.0	0.000	0.000	0.000
232	  E	  1.8	  0.0	0.000	0.000	0.000
233	  K	  1.4	  0.0	0.000	0.000	0.000
234	  E	  0.1	  0.0	0.000	0.000	0.000
