res	aa	Beta	Turn	Helix	Aggregation	Conc-Stab_Aggregation
01	  A	  0.0	  0.3	0.000	0.000	0.000
02	  P	  0.0	  0.4	0.000	0.000	0.000
03	  S	  0.2	  0.5	0.175	0.000	0.000
04	  Q	  1.8	  0.5	0.175	0.000	0.000
05	  L	  2.2	  0.3	0.175	0.000	0.000
06	  E	  2.5	  0.2	0.175	0.000	0.000
07	  H	  3.2	  0.2	0.175	0.000	0.000
08	  Y	  4.0	  0.2	0.175	0.000	0.000
09	  K	  3.7	  0.0	0.000	0.000	0.000
10	  A	  1.5	  0.0	0.000	9.820	9.820
11	  A	  0.4	  0.0	0.000	21.134	21.134
12	  A	  0.5	  0.0	0.000	51.106	51.106
13	  L	  1.9	  0.0	0.000	70.247	70.247
14	  V	  5.6	  0.0	0.000	72.099	72.099
15	  Y	  5.8	  0.0	0.000	72.029	72.029
16	  L	  4.8	  0.0	0.000	70.276	70.276
17	  T	  1.8	  0.0	0.166	47.538	47.538
18	  Q	  2.4	  0.0	0.166	24.646	24.646
19	  V	  3.8	  0.0	0.166	24.383	24.383
20	  K	  3.0	  0.1	0.166	0.000	0.000
21	  E	  1.9	  0.1	0.313	0.000	0.000
22	  Q	  0.4	  0.1	0.313	0.000	0.000
23	  A	  0.4	  0.1	0.313	0.000	0.000
24	  Q	  0.5	  0.1	0.313	0.000	0.000
25	  K	  0.3	  0.1	0.147	0.000	0.000
26	  A	  0.4	  0.1	0.147	0.000	0.000
27	  L	  0.4	  0.1	0.147	0.000	0.000
28	  D	  0.3	  0.2	0.147	0.000	0.000
29	  N	  0.4	  3.0	0.000	0.000	0.000
30	  L	  0.4	  3.3	0.000	0.000	0.000
31	  D	  0.4	  3.3	0.000	0.000	0.000
32	  G	  0.1	  3.3	0.000	0.000	0.000
33	  T	  0.5	  0.5	1.412	0.000	0.000
34	  D	  2.0	  0.3	2.665	0.000	0.000
35	  Y	  4.3	  0.1	2.665	0.000	0.000
36	  E	  4.1	  0.0	3.039	0.000	0.000
37	  L	  2.8	  0.0	3.039	0.000	0.000
38	  Y	  3.0	  0.0	3.039	0.000	0.000
39	  K	  4.4	  0.0	2.889	0.000	0.000
40	  V	  8.8	  0.0	2.079	0.000	0.000
41	  Q	  7.0	  0.0	2.079	0.000	0.000
42	  L	  5.5	  0.1	0.873	0.000	0.000
43	  S	  1.1	  0.8	0.873	0.000	0.000
44	  E	  0.3	  0.9	0.000	0.000	0.000
45	  S	  2.1	  0.9	0.447	0.000	0.000
46	  L	  2.4	  0.8	0.447	0.000	0.000
47	  T	  3.4	  0.1	0.447	0.000	0.000
48	  K	  2.2	  0.0	0.447	0.000	0.000
49	  L	  1.9	  0.5	0.447	0.000	0.000
50	  Q	  1.4	  0.5	0.447	0.000	0.000
51	  D	  0.9	  0.4	0.162	0.000	0.000
52	  Y	  1.2	  0.4	0.000	0.000	0.000
53	  A	  0.8	  0.1	0.000	0.000	0.000
54	  Q	  0.9	  0.1	0.000	0.000	0.000
55	  S	  2.5	  0.3	0.000	0.000	0.000
56	  T	  3.7	  0.3	0.000	0.000	0.000
57	  S	  3.9	  0.4	0.000	0.000	0.000
58	  Q	  1.8	  0.3	0.000	0.000	0.000
59	  T	  5.6	  0.1	0.000	0.000	0.000
60	  L	  5.4	  0.1	0.000	0.000	0.000
61	  T	  5.2	  0.2	0.000	0.000	0.000
62	  P	  0.2	  0.2	0.000	0.000	0.000
63	  Y	  0.4	  0.2	0.000	0.000	0.000
64	  A	  0.4	  0.2	0.000	0.000	0.000
65	  E	  0.4	  0.1	0.000	0.000	0.000
66	  T	 13.8	  0.1	0.000	0.000	0.000
67	  I	 13.9	  0.1	0.000	0.000	0.000
68	  S	 13.9	  0.1	0.162	0.000	0.000
69	  N	  1.2	  0.1	0.366	0.000	0.000
70	  Q	  2.2	  0.1	0.366	0.000	0.000
71	  F	  3.0	  0.0	0.366	0.000	0.000
72	  L	  1.9	  0.2	0.366	0.000	0.000
73	  E	  1.0	  0.2	0.366	0.000	0.000
74	  N	  0.8	  0.2	0.366	0.000	0.000
75	  T	  2.3	  0.3	0.744	0.000	0.000
76	  K	  2.3	  0.1	0.744	0.000	0.000
77	  Q	  2.7	  0.1	0.744	0.000	0.000
78	  L	  1.1	  0.1	0.744	0.000	0.000
79	  R	  1.0	  0.1	0.744	0.000	0.000
80	  E	  0.2	  0.1	0.744	0.000	0.000
81	  R	  2.1	  0.1	0.477	0.000	0.000
82	  V	  4.1	  0.0	0.181	0.000	0.000
83	  M	  4.3	  0.1	0.181	0.000	0.000
84	  T	  3.0	  0.1	0.000	0.000	0.000
85	  D	  3.5	  0.1	0.000	0.000	0.000
86	  V	  4.1	  0.2	0.000	0.000	0.000
87	  E	  3.6	  0.2	0.000	0.000	0.000
88	  D	  1.1	  0.2	0.416	0.000	0.000
89	  L	  0.3	  0.2	0.416	0.000	0.000
90	  H	  0.4	  0.1	0.416	0.000	0.000
91	  S	  0.5	  0.2	0.416	0.000	0.000
92	  K	  4.6	  0.2	0.416	0.000	0.000
93	  L	  4.6	  0.2	0.416	0.000	0.000
94	  E	  4.4	  0.1	0.269	0.000	0.000
95	  P	  0.2	  0.0	0.000	0.000	0.000
96	  H	  0.4	  0.1	0.171	0.000	0.000
97	  R	  0.5	  0.1	0.171	0.000	0.000
98	  A	  0.6	  0.1	0.171	0.000	0.000
99	  E	  0.4	  0.1	0.370	0.000	0.000
100	  L	  0.5	  0.1	0.370	11.652	11.652
101	  Y	  0.6	  0.1	0.370	11.652	11.652
102	  G	  0.4	  0.1	0.510	11.652	11.652
103	  V	  2.9	  0.1	0.339	11.652	11.652
104	  L	  2.9	  0.1	0.339	11.652	11.652
105	  Q	  3.1	  0.1	0.339	0.405	0.405
106	  K	  0.6	  0.1	0.339	0.000	0.000
107	  H	  3.1	  0.1	0.139	0.000	0.000
108	  F	  3.2	  0.1	0.000	0.000	0.000
109	  D	  3.0	  0.2	1.097	0.000	0.000
110	  E	  1.1	  0.2	1.333	0.000	0.000
111	  Y	  1.4	  0.2	1.333	0.000	0.000
112	  R	  1.4	  0.2	1.333	0.000	0.000
113	  E	  0.8	  0.1	1.333	0.000	0.000
114	  K	  4.1	  0.1	1.333	0.000	0.000
115	  L	  4.2	  0.1	1.056	0.000	0.000
116	  E	  4.1	  0.0	0.796	0.000	0.000
117	  P	  0.1	  0.0	0.000	0.000	0.000
118	  V	  4.5	  0.0	0.000	0.000	0.000
119	  F	  5.7	  0.0	0.332	0.000	0.000
120	  Q	  6.1	  0.0	0.332	0.000	0.000
121	  E	  2.0	  0.0	0.332	0.000	0.000
122	  Y	  1.1	  0.6	0.332	0.000	0.000
123	  A	  0.8	  0.6	0.332	0.000	0.000
124	  N	  0.7	  1.4	0.332	0.000	0.000
125	  L	  0.5	  1.4	0.332	0.000	0.000
126	  N	  0.4	  0.9	2.573	0.000	0.000
127	  R	  0.2	  1.1	2.392	0.000	0.000
128	  E	  0.1	  0.4	2.241	0.000	0.000
129	  N	  0.1	  2.7	4.259	0.000	0.000
130	  A	  0.1	  2.7	4.805	0.000	0.000
131	  D	  0.1	  2.5	7.409	0.000	0.000
132	  Q	  0.9	  2.5	7.525	0.000	0.000
133	  L	  1.3	  0.1	7.236	0.000	0.000
134	  R	  1.4	  0.1	7.236	0.000	0.000
135	  A	  0.8	  0.0	7.081	0.000	0.000
136	  K	  1.6	  0.0	6.892	0.000	0.000
137	  L	  1.6	  0.0	4.710	0.000	0.000
138	  Q	  1.4	  0.0	3.915	0.000	0.000
139	  P	  0.1	  0.0	0.000	0.000	0.000
140	  L	  0.1	  0.0	0.516	0.000	0.000
141	  L	  0.1	  0.1	1.502	0.000	0.000
142	  E	  0.1	  0.1	1.906	0.000	0.000
143	  E	  0.3	  0.1	2.295	0.000	0.000
144	  M	  0.7	  0.1	2.295	0.000	0.000
145	  R	  1.0	  0.1	2.295	0.000	0.000
146	  Q	  1.5	  0.1	2.295	0.000	0.000
147	  K	  4.7	  0.1	1.884	0.000	0.000
148	  F	  4.9	  0.1	0.960	0.000	0.000
149	  E	  4.3	  0.1	0.132	0.000	0.000
150	  T	  1.4	  0.1	0.000	0.000	0.000
151	  N	  5.2	  0.1	0.147	0.000	0.000
152	  V	  5.7	  0.1	0.147	0.000	0.000
153	  E	  5.0	  0.1	0.147	0.000	0.000
154	  E	  1.2	  0.1	0.147	0.000	0.000
155	  T	  4.1	  0.2	0.147	0.000	0.000
156	  K	  4.7	  0.2	0.147	0.000	0.000
157	  S	  4.3	  0.2	0.147	0.000	0.000
158	  K	  1.9	  0.2	0.000	0.000	0.000
159	  L	  1.4	  0.1	0.000	0.000	0.000
160	  V	  1.2	  0.1	0.000	0.000	0.000
161	  P	  0.2	  0.0	0.151	0.000	0.000
162	  M	  0.3	  0.0	0.151	0.000	0.000
163	  V	  2.2	  0.0	0.151	0.000	0.000
164	  E	  2.2	  0.0	0.151	0.000	0.000
165	  A	  2.5	  0.0	0.151	0.000	0.000
166	  V	  1.5	  0.0	0.151	0.000	0.000
167	  R	  1.6	  0.0	0.151	0.000	0.000
168	  T	  2.0	  0.1	0.000	0.000	0.000
169	  K	  3.2	  0.1	0.000	0.000	0.000
170	  L	  3.8	  0.0	0.000	0.000	0.000
171	  T	  5.8	  0.2	0.000	0.000	0.000
172	  A	  4.3	  0.2	0.000	0.000	0.000
173	  S	  4.6	  0.2	3.916	0.000	0.000
174	  L	  1.6	  0.2	3.916	0.000	0.000
175	  E	  1.1	  0.1	3.916	0.000	0.000
176	  E	  1.4	  0.1	3.916	0.000	0.000
177	  L	  1.6	  0.1	3.916	0.000	0.000
178	  K	  1.9	  0.1	3.916	0.000	0.000
179	  T	  1.0	  0.1	1.898	0.000	0.000
180	  M	  1.2	  0.1	1.898	0.000	0.000
181	  A	  0.9	  0.0	1.043	0.000	0.000
182	  A	  0.3	  0.2	0.481	0.000	0.000
183	  P	  0.0	  0.2	0.000	0.000	0.000
184	  Y	  0.4	  0.2	0.000	0.000	0.000
185	  A	  0.4	  0.2	0.152	0.000	0.000
186	  E	  0.5	  0.1	0.517	0.000	0.000
187	  E	  3.5	  0.1	0.878	0.000	0.000
188	  Y	  4.3	  0.1	1.038	0.000	0.000
189	  K	  4.4	  0.1	1.224	0.000	0.000
190	  E	  1.0	  0.1	1.224	0.000	0.000
191	  Q	  0.8	  0.1	1.224	0.000	0.000
192	  L	  1.0	  0.1	1.224	0.000	0.000
193	  M	  1.4	  0.0	1.224	0.000	0.000
194	  K	  1.1	  0.0	0.922	0.000	0.000
195	  A	  1.1	  0.0	0.000	0.000	0.000
196	  V	  1.3	  0.1	0.000	0.000	0.000
197	  E	  1.0	  0.1	0.622	0.000	0.000
198	  E	  0.8	  0.1	0.986	0.000	0.000
199	  A	  0.1	  0.1	0.986	0.000	0.000
200	  R	  0.2	  0.1	0.986	0.000	0.000
201	  E	  0.1	  0.1	0.986	0.000	0.000
202	  K	  1.0	  0.1	0.986	0.000	0.000
203	  L	  1.0	  0.1	0.760	0.000	0.000
204	  A	  1.0	  0.2	0.368	0.000	0.000
205	  P	  0.1	  0.2	0.000	0.000	0.000
206	  H	  1.1	  0.2	0.000	0.000	0.000
207	  T	  1.7	  0.4	0.000	0.000	0.000
208	  Q	  1.9	  0.3	0.000	0.000	0.000
209	  D	  0.9	  0.3	1.256	0.000	0.000
210	  L	  0.4	  0.3	1.256	0.000	0.000
211	  Q	  0.4	  0.1	1.256	0.000	0.000
212	  T	  0.8	  0.1	1.256	0.000	0.000
213	  R	  1.9	  0.1	1.256	0.000	0.000
214	  M	  1.9	  0.0	1.256	0.000	0.000
215	  E	  1.4	  0.0	0.514	0.000	0.000
216	  P	  0.1	  0.0	0.000	0.000	0.000
217	  Y	  0.9	  0.0	0.000	0.000	0.000
218	  M	  1.0	  0.2	0.599	0.000	0.000
219	  E	  1.0	  0.3	1.302	0.000	0.000
220	  N	  0.3	  0.4	5.783	0.000	0.000
221	  A	  0.2	  0.4	5.783	0.000	0.000
222	  R	  0.4	  0.2	5.783	0.000	0.000
223	  A	  0.5	  0.2	5.783	0.000	0.000
224	  R	  0.8	  0.0	5.613	0.000	0.000
225	  F	  1.2	  0.2	5.043	1.754	1.754
226	  A	  1.1	  0.2	1.728	1.754	1.754
227	  Q	  1.8	  0.2	1.343	1.754	1.754
228	  V	  4.4	  0.2	0.480	1.754	1.754
229	  Y	  4.6	  0.1	0.480	1.754	1.754
230	  E	  3.6	  0.1	0.194	0.000	0.000
231	  T	 13.9	  0.1	0.137	0.000	0.000
232	  I	 14.1	  0.1	0.137	0.000	0.000
233	  S	 14.2	  0.1	0.137	0.000	0.000
234	  K	  1.1	  0.1	0.137	0.000	0.000
235	  A	  0.5	  0.1	0.137	0.000	0.000
236	  I	  0.9	  0.0	0.137	0.000	0.000
237	  Q	  0.6	  0.0	0.137	0.000	0.000
238	  A	  0.4	  0.0	0.000	0.000	0.000
