res	aa	Beta	Turn	Helix	Aggregation	Conc-Stab_Aggregation
01	  P	  0.0	  0.4	0.000	0.000	0.000
02	  P	  0.0	  0.5	0.000	0.000	0.000
03	  S	  0.2	  0.5	0.000	0.000	0.000
04	  Q	  1.8	  0.5	0.000	0.000	0.000
05	  L	  2.2	  0.2	0.000	0.000	0.000
06	  E	  2.0	  0.1	0.000	0.000	0.000
07	  H	  2.8	  0.1	0.000	0.000	0.000
08	  V	  5.7	  0.1	0.000	0.000	0.000
09	  K	  6.0	  0.1	0.000	0.000	0.000
10	  S	  3.9	  0.1	0.000	0.000	0.000
11	  A	  0.8	  0.1	0.000	0.849	0.849
12	  L	  1.3	  0.0	0.000	0.849	0.849
13	  Q	  2.4	  0.0	0.000	0.849	0.849
14	  V	  2.1	  0.0	0.000	0.849	0.849
15	  Y	  1.3	  0.0	0.000	0.849	0.849
16	  A	  0.0	  0.0	0.000	0.000	0.000
17	  D	  0.0	  0.0	0.000	0.000	0.000
18	  Q	  0.0	  0.0	0.000	0.000	0.000
19	  L	  0.0	  0.0	0.000	0.000	0.000
20	  K	  0.0	  0.0	0.000	0.000	0.000
21	  Q	  0.0	  0.0	 -nan	0.000	0.000
22	  A	  0.0	  0.0	 -nan	0.000	0.000
23	  A	  0.0	  0.0	 -nan	0.000	0.000
24	  Q	  0.0	  0.0	 -nan	0.000	0.000
25	  Q	  0.0	  0.0	 -nan	0.000	0.000
26	  A	  0.0	  0.0	 -nan	0.000	0.000
27	  L	  0.0	  0.0	 -nan	0.000	0.000
28	  T	  0.0	  0.0	 -nan	0.000	0.000
29	  H	  0.0	  0.0	 -nan	0.000	0.000
30	  L	  0.0	  0.0	 -nan	0.000	0.000
31	  D	  0.0	  0.0	 -nan	0.000	0.000
32	  D	  0.0	  0.0	 -nan	0.000	0.000
33	  T	  0.0	  0.0	 -nan	0.000	0.000
34	  E	  0.0	  0.0	0.000	0.000	0.000
35	  F	  0.0	  0.0	0.000	0.000	0.000
36	  K	  0.1	  0.0	0.000	0.000	0.000
37	  D	  0.6	  0.0	5.024	0.000	0.000
38	  Y	  1.3	  0.1	5.024	0.000	0.000
39	  K	  1.4	  0.1	5.024	0.000	0.000
40	  E	  1.1	  0.1	5.024	0.000	0.000
41	  F	  1.0	  0.1	5.024	0.000	0.000
42	  L	  0.8	  0.0	5.024	0.000	0.000
43	  A	  0.8	  0.1	4.603	0.000	0.000
44	  Q	  0.5	  0.1	3.910	0.000	0.000
45	  S	  4.9	  0.5	0.903	0.000	0.000
46	  V	  5.3	  0.5	0.000	0.000	0.000
47	  D	  4.9	  0.5	0.000	0.000	0.000
48	  N	  0.6	  0.7	0.000	0.000	0.000
49	  L	  0.3	  1.7	0.000	0.000	0.000
50	  H	  0.4	  1.7	0.000	0.000	0.000
51	  G	  0.3	  1.6	0.000	0.000	0.000
52	  Y	  2.6	  1.5	0.000	0.000	0.000
53	  F	  4.0	  0.6	0.000	0.000	0.000
54	  Q	  3.9	  0.8	0.000	0.000	0.000
55	  D	  1.6	  0.8	0.000	0.000	0.000
56	  G	  0.1	  0.8	0.000	0.000	0.000
57	  F	  0.5	  0.2	0.000	0.000	0.000
58	  Q	  0.6	  0.1	0.000	0.000	0.000
59	  T	 23.2	  0.1	0.000	0.000	0.000
60	  I	 23.0	  0.1	0.000	0.000	0.000
61	  S	 22.9	  0.3	0.000	0.000	0.000
62	  P	  0.3	  0.3	0.000	0.000	0.000
63	  F	  0.1	  0.5	0.000	0.000	0.000
64	  G	  0.1	  0.6	0.000	0.000	0.000
65	  T	  1.2	  0.2	0.000	0.000	0.000
66	  Q	  1.2	  0.2	0.000	0.000	0.000
67	  M	  1.2	  0.0	0.000	0.000	0.000
68	  L	  0.0	  0.0	0.000	0.000	0.000
69	  D	  0.0	  0.0	0.000	0.000	0.000
70	  A	  0.0	  0.0	 -nan	0.000	0.000
71	  T	  0.0	  0.0	 -nan	0.000	0.000
72	  K	  0.0	  0.0	 -nan	0.000	0.000
73	  D	  0.0	  0.0	 -nan	0.000	0.000
74	  K	  0.0	  0.0	 -nan	0.000	0.000
75	  R	  0.0	  0.0	 -nan	0.000	0.000
76	  E	  0.0	  0.0	 -nan	0.000	0.000
77	  K	  0.0	  0.0	 -nan	0.000	0.000
78	  L	  0.0	  0.0	 -nan	0.000	0.000
79	  I	  0.0	  0.0	 -nan	0.000	0.000
80	  K	  0.0	  0.0	 -nan	0.000	0.000
81	  D	  0.0	  0.0	 -nan	0.000	0.000
82	  V	  0.0	  0.0	 -nan	0.000	0.000
83	  E	  0.0	  0.0	0.000	0.000	0.000
84	  E	  0.0	  0.0	0.000	0.000	0.000
85	  L	  0.2	  0.0	0.000	0.000	0.000
86	  R	  0.3	  0.1	0.000	0.000	0.000
87	  K	  0.5	  0.1	0.000	0.000	0.000
88	  K	  8.7	  0.1	0.000	0.000	0.000
89	  I	  9.0	  0.0	0.000	0.000	0.000
90	  E	  8.9	  0.0	0.000	0.000	0.000
91	  P	  0.4	  0.0	0.000	0.000	0.000
92	  M	  0.3	  0.0	0.000	0.000	0.000
93	  H	  0.6	  0.1	0.439	0.000	0.000
94	  K	  0.8	  0.2	0.439	0.000	0.000
95	  E	  1.9	  0.2	1.598	0.000	0.000
96	  L	  1.7	  0.2	1.598	0.000	0.000
97	  K	  1.8	  0.1	1.598	0.000	0.000
98	  Q	  0.9	  0.0	1.598	0.000	0.000
99	  V	  2.3	  0.0	1.454	0.000	0.000
100	  L	  2.3	  0.0	1.454	0.000	0.000
101	  E	  2.3	  0.1	1.454	0.000	0.000
102	  K	  1.0	  0.1	1.318	0.000	0.000
103	  H	  4.4	  0.1	0.209	0.000	0.000
104	  F	  5.9	  0.1	0.000	0.000	0.000
105	  Q	  6.4	  0.0	0.000	0.000	0.000
106	  K	  3.6	  0.0	0.000	0.000	0.000
107	  Y	  1.9	  0.3	0.000	0.000	0.000
108	  S	  1.1	  0.3	0.000	0.000	0.000
109	  D	  0.3	  0.4	0.000	0.000	0.000
110	  E	  2.9	  0.4	0.000	0.000	0.000
111	  L	  3.0	  0.2	0.000	0.000	0.000
112	  K	  3.0	  0.1	0.000	0.000	0.000
113	  P	  0.1	  0.0	0.000	0.000	0.000
114	  F	  2.5	  0.0	0.724	0.000	0.000
115	  F	  3.2	  0.1	2.530	0.000	0.000
116	  E	  3.3	  0.1	4.572	0.000	0.000
117	  E	  0.9	  0.1	6.119	0.000	0.000
118	  Y	  0.8	  0.1	6.119	0.000	0.000
119	  L	  0.9	  0.0	6.300	0.000	0.000
120	  A	  0.8	  0.1	6.300	0.000	0.000
121	  K	  0.3	  0.1	6.300	0.000	0.000
122	  Q	  0.8	  0.1	5.387	0.000	0.000
123	  R	  1.3	  0.1	3.450	0.000	0.000
124	  Q	  1.7	  0.1	2.033	0.000	0.000
125	  H	  6.4	  0.1	0.287	0.000	0.000
126	  I	  6.1	  0.1	0.000	0.000	0.000
127	  E	  5.6	  0.0	0.000	0.000	0.000
128	  E	  1.8	  0.0	0.000	0.000	0.000
129	  M	  1.7	  0.1	0.000	0.000	0.000
130	  K	  2.5	  0.1	0.000	0.000	0.000
131	  T	  2.1	  0.1	0.000	0.000	0.000
132	  K	  5.9	  0.1	0.000	0.000	0.000
133	  L	  5.2	  0.0	0.000	0.000	0.000
134	  E	  4.2	  0.0	0.000	0.000	0.000
135	  P	  0.1	  0.0	0.000	0.000	0.000
136	  V	  3.0	  0.0	0.000	0.000	0.000
137	  V	  6.3	  0.1	0.000	0.000	0.000
138	  K	  6.6	  0.1	0.000	0.000	0.000
139	  S	  4.2	  0.1	0.381	0.000	0.000
140	  L	  0.9	  0.1	0.381	0.000	0.000
141	  K	  1.0	  0.1	0.381	0.000	0.000
142	  E	  0.5	  0.1	0.381	0.000	0.000
143	  K	  0.7	  0.1	0.381	0.000	0.000
144	  I	  0.5	  0.5	0.381	0.000	0.000
145	  G	  0.4	  0.4	0.381	0.000	0.000
146	  T	  0.7	  0.4	0.000	0.000	0.000
147	  N	  2.6	  0.4	0.149	0.000	0.000
148	  W	  3.0	  0.0	0.149	0.000	0.000
149	  E	  2.5	  0.1	0.149	0.000	0.000
150	  E	  1.0	  0.1	0.149	0.000	0.000
151	  T	  4.2	  0.2	0.149	0.000	0.000
152	  K	  4.8	  0.2	0.149	0.000	0.000
153	  S	  4.4	  0.2	0.149	0.000	0.000
154	  K	  1.9	  0.2	0.000	0.000	0.000
155	  L	  1.3	  0.1	0.000	0.000	0.000
156	  V	  1.2	  0.0	0.000	0.000	0.000
157	  P	  0.2	  0.0	0.000	0.000	0.000
158	  V	  4.5	  0.0	0.000	0.000	0.000
159	  V	  6.3	  0.0	0.164	0.000	0.000
160	  E	  6.3	  0.0	0.296	0.000	0.000
161	  A	  2.5	  0.0	0.296	0.000	0.000
162	  V	  1.1	  0.0	0.296	0.000	0.000
163	  R	  1.1	  0.1	0.296	0.000	0.000
164	  E	  0.6	  0.1	0.296	0.000	0.000
165	  K	  6.1	  0.1	0.296	0.000	0.000
166	  V	  6.9	  0.1	0.000	0.000	0.000
167	  T	  7.0	  0.1	0.000	0.000	0.000
168	  E	  1.1	  0.1	0.000	0.000	0.000
169	  H	  0.9	  0.1	0.441	0.000	0.000
170	  L	  1.0	  0.2	0.441	0.000	0.000
171	  Q	  1.0	  0.2	0.441	0.000	0.000
172	  D	  0.6	  0.2	1.574	0.000	0.000
173	  L	  0.5	  0.4	1.574	0.000	0.000
174	  K	  0.5	  0.2	1.574	0.000	0.000
175	  N	  0.3	  0.2	1.574	0.000	0.000
176	  L	  0.3	  0.2	1.337	0.000	0.000
177	  L	  0.3	  0.0	1.337	0.000	0.000
178	  E	  0.3	  0.0	1.102	0.000	0.000
179	  P	  0.1	  0.0	0.000	0.000	0.000
180	  Y	  1.0	  0.0	0.000	0.000	0.000
181	  M	  1.3	  0.4	0.000	0.000	0.000
182	  Q	  1.8	  0.4	0.000	0.000	0.000
183	  D	  2.1	  0.4	4.029	0.000	0.000
184	  Y	  2.4	  0.5	4.269	0.000	0.000
185	  R	  1.9	  0.1	4.269	0.000	0.000
186	  E	  0.7	  0.1	4.269	0.000	0.000
187	  Q	  1.8	  0.1	4.269	0.000	0.000
188	  M	  2.0	  0.1	4.269	0.000	0.000
189	  E	  2.1	  0.1	4.269	0.000	0.000
190	  K	  0.6	  0.1	4.064	0.000	0.000
191	  R	  0.5	  0.1	3.608	0.000	0.000
192	  A	  0.4	  0.3	1.918	0.000	0.000
193	  Q	  0.7	  0.2	1.606	0.000	0.000
194	  D	  1.8	  0.2	0.966	0.000	0.000
195	  F	  4.0	  0.2	0.741	0.000	0.000
196	  R	  3.7	  0.1	0.341	0.000	0.000
197	  Q	  2.8	  0.1	0.167	0.000	0.000
198	  S	  6.6	  0.4	0.000	0.000	0.000
199	  M	  6.7	  0.7	0.000	0.000	0.000
200	  S	  6.5	  0.9	5.839	0.000	0.000
201	  S	  0.6	  1.1	6.650	0.000	0.000
202	  G	  0.1	  0.8	7.993	0.000	0.000
203	  E	  0.3	  0.6	8.322	0.000	0.000
204	  L	  0.5	  0.3	8.322	0.000	0.000
205	  R	  0.6	  0.1	8.322	0.000	0.000
206	  K	  0.4	  0.1	8.322	0.000	0.000
207	  K	  1.1	  0.1	5.228	0.000	0.000
208	  M	  1.0	  0.1	2.500	0.000	0.000
209	  N	  1.0	  0.3	1.389	0.000	0.000
210	  E	  0.1	  0.3	0.913	0.000	0.000
211	  L	  0.0	  0.4	0.779	0.000	0.000
212	  G	  0.1	  0.4	0.173	0.000	0.000
213	  T	  1.0	  0.1	0.000	0.000	0.000
214	  Q	  3.3	  0.1	0.000	0.000	0.000
215	  V	  3.9	  0.0	0.000	0.000	0.000
216	  K	  3.0	  0.2	0.000	0.000	0.000
217	  P	  0.7	  0.2	0.000	0.000	0.000
218	  H	  4.0	  0.2	0.000	0.000	0.000
219	  F	  6.4	  0.2	0.000	0.000	0.000
220	  E	  6.5	  0.1	0.000	0.000	0.000
221	  A	  2.8	  0.1	0.000	0.000	0.000
222	  I	  1.2	  0.1	0.000	0.000	0.000
223	  F	  3.7	  0.1	0.000	0.000	0.000
224	  E	  3.5	  0.1	0.499	0.000	0.000
225	  A	  3.1	  0.1	0.499	0.000	0.000
226	  V	  1.4	  0.1	0.499	0.000	0.000
227	  Q	  1.4	  0.0	0.499	0.000	0.000
228	  K	  1.2	  0.0	0.499	0.000	0.000
229	  A	  0.8	  0.0	0.499	0.000	0.000
230	  V	  1.1	  0.0	0.499	0.000	0.000
231	  N	  0.9	  0.0	0.499	0.000	0.000
232	  K	  0.5	  0.0	0.174	0.000	0.000
233	  E	  0.1	  0.0	0.000	0.000	0.000
