res	aa	Beta	Turn	Helix	Aggregation	Conc-Stab_Aggregation
01	  D	  0.0	  0.0	0.000	0.000	0.000
02	  D	  0.0	  0.3	0.000	0.000	0.000
03	  A	  0.1	  0.4	0.000	0.000	0.000
04	  Q	  1.2	  0.4	0.000	0.000	0.000
05	  S	  2.2	  0.3	0.806	0.000	0.000
06	  Y	  3.3	  0.2	0.806	0.000	0.000
07	  W	  2.5	  0.1	0.955	0.000	0.000
08	  D	  1.5	  0.1	1.885	0.000	0.000
09	  R	  4.4	  0.1	1.885	0.000	0.000
10	  I	  4.4	  0.2	1.885	0.000	0.000
11	  R	  4.4	  0.1	1.885	0.000	0.000
12	  D	  0.3	  0.1	1.727	0.000	0.000
13	  L	  0.2	  0.3	1.529	1.572	1.572
14	  A	  0.1	  0.2	1.132	1.572	1.572
15	  G	  0.1	  0.2	0.933	1.572	1.572
16	  V	  2.4	  0.2	0.000	1.572	1.572
17	  Y	  2.8	  0.0	0.000	1.572	1.572
18	  A	  2.8	  0.1	0.000	0.719	0.719
19	  E	  0.5	  0.2	0.000	0.000	0.000
20	  S	  0.7	  0.2	0.000	0.000	0.000
21	  L	  0.8	  0.3	0.000	0.000	0.000
22	  K	  1.1	  0.2	0.000	0.000	0.000
23	  D	  0.7	  0.6	0.000	0.000	0.000
24	  T	  1.1	  0.7	0.000	0.000	0.000
25	  S	  1.1	  1.6	0.000	0.000	0.000
26	  R	  1.0	  1.6	0.000	0.000	0.000
27	  D	  0.5	  1.2	0.167	0.000	0.000
28	  Q	  0.4	  1.1	0.167	0.000	0.000
29	  V	  2.1	  0.0	0.167	0.000	0.000
30	  A	  2.3	  0.0	0.167	0.000	0.000
31	  Q	  3.6	  0.0	0.167	0.000	0.000
32	  L	  2.2	  0.0	0.167	0.000	0.000
33	  E	  2.0	  0.3	0.167	0.000	0.000
34	  A	  0.5	  0.4	0.167	0.000	0.000
35	  S	  0.3	  0.5	0.990	0.000	0.000
36	  G	  0.2	  0.4	1.713	0.000	0.000
37	  L	  0.2	  0.2	1.713	0.000	0.000
38	  A	  0.3	  0.1	1.713	0.000	0.000
39	  K	  0.3	  0.1	1.713	0.000	0.000
40	  Q	  1.2	  0.1	1.713	0.000	0.000
41	  L	  2.8	  0.1	1.370	0.000	0.000
42	  N	  3.0	  0.0	2.184	0.000	0.000
43	  L	  3.5	  0.0	1.727	0.000	0.000
44	  K	  2.2	  0.0	1.318	0.000	0.000
45	  L	  2.2	  0.0	0.814	0.000	0.000
46	  L	  0.8	  0.3	0.814	0.000	0.000
47	  D	  0.6	  0.3	0.814	0.000	0.000
48	  N	  1.0	  0.6	0.354	0.000	0.000
49	  F	  1.6	  0.7	0.000	0.000	0.000
50	  D	  1.5	  0.4	0.000	0.000	0.000
51	  T	  7.3	  0.4	0.000	0.000	0.000
52	  M	  7.1	  0.2	0.000	0.000	0.000
53	  S	  8.1	  0.8	0.000	0.000	0.000
54	  S	  1.6	  1.0	0.000	0.000	0.000
55	  S	  1.3	  1.2	0.346	0.000	0.000
56	  L	  0.3	  1.2	0.346	0.000	0.000
57	  G	  0.2	  0.6	0.511	0.000	0.000
58	  K	  0.7	  0.4	0.511	0.000	0.000
59	  L	  0.7	  0.2	0.511	0.000	0.000
60	  Q	  0.8	  0.1	0.511	0.000	0.000
61	  E	  0.2	  0.1	0.511	0.000	0.000
62	  Q	  1.1	  0.1	0.364	0.000	0.000
63	  V	  1.5	  0.0	0.000	0.000	0.000
64	  S	  1.4	  0.0	0.000	0.000	0.000
65	  P	  0.4	  0.0	0.000	0.000	0.000
66	  V	  1.7	  0.0	0.000	0.000	0.000
67	  A	  1.8	  0.0	0.000	0.000	0.000
68	  Q	  1.9	  0.1	0.000	0.000	0.000
69	  E	  0.2	  0.1	0.000	0.000	0.000
70	  L	  0.4	  0.1	0.000	3.659	3.659
71	  L	  0.4	  0.0	0.000	3.659	3.659
72	  A	  0.9	  0.0	0.000	3.659	3.659
73	  T	  1.8	  0.0	0.000	3.659	3.659
74	  L	  1.9	  0.1	0.000	3.659	3.659
75	  E	  1.5	  0.1	0.000	0.000	0.000
76	  K	  0.5	  0.1	0.000	0.000	0.000
77	  E	  0.4	  0.2	0.000	0.000	0.000
78	  T	  0.4	  0.3	0.665	0.000	0.000
79	  A	  0.2	  0.3	0.665	0.000	0.000
80	  G	  0.2	  0.2	0.822	0.000	0.000
81	  L	  0.5	  0.2	0.822	0.000	0.000
82	  R	  0.7	  0.0	0.822	0.000	0.000
83	  A	  1.5	  0.0	0.822	0.000	0.000
84	  T	  7.1	  0.0	0.822	0.000	0.000
85	  V	  7.3	  0.0	0.822	0.000	0.000
86	  N	  6.5	  1.0	0.822	0.000	0.000
87	  K	  0.5	  1.0	0.153	0.000	0.000
88	  D	  0.2	  1.6	0.509	0.000	0.000
89	  L	  1.3	  1.6	0.509	0.000	0.000
90	  D	  1.5	  0.6	1.361	0.000	0.000
91	  L	  2.0	  0.6	1.361	0.000	0.000
92	  V	  2.6	  0.0	1.361	0.000	0.000
93	  K	  2.7	  0.1	1.361	0.000	0.000
94	  E	  2.1	  0.1	1.060	0.000	0.000
95	  K	  3.8	  0.1	1.060	0.000	0.000
96	  V	  3.9	  0.0	0.346	0.000	0.000
97	  Q	  3.8	  0.0	0.346	0.000	0.000
98	  P	  0.4	  0.0	0.000	0.000	0.000
99	  Y	  1.0	  0.1	0.000	0.000	0.000
100	  L	  1.1	  0.2	0.000	0.000	0.000
101	  D	  1.1	  0.2	0.304	0.000	0.000
102	  R	  1.5	  0.2	0.304	0.000	0.000
103	  F	  3.6	  0.1	0.304	0.000	0.000
104	  Q	  3.7	  0.1	0.304	0.000	0.000
105	  K	  2.5	  0.1	0.304	0.000	0.000
106	  K	  2.1	  0.1	0.304	0.000	0.000
107	  V	  2.4	  0.0	0.000	0.000	0.000
108	  Q	  2.3	  0.0	0.000	0.000	0.000
109	  E	  0.6	  0.0	0.000	0.000	0.000
110	  E	  2.1	  0.0	0.000	0.000	0.000
111	  V	 20.9	  0.0	0.211	0.000	0.000
112	  E	 22.5	  0.0	0.211	0.000	0.000
113	  V	 22.6	  0.0	0.211	0.000	0.000
114	  Y	  6.2	  0.0	0.211	0.000	0.000
115	  R	  4.1	  0.1	0.211	0.000	0.000
116	  Q	  2.7	  0.1	0.211	0.000	0.000
117	  K	  6.0	  0.1	0.000	0.000	0.000
118	  V	  6.2	  0.0	0.000	0.000	0.000
119	  A	  5.6	  0.2	0.000	0.000	0.000
120	  P	  0.5	  0.5	0.000	0.000	0.000
121	  L	  0.1	  2.4	0.000	0.000	0.000
122	  N	  0.1	  2.5	0.144	0.000	0.000
123	  G	  0.1	  2.4	0.144	0.000	0.000
124	  E	  0.3	  2.0	0.144	0.000	0.000
125	  L	  0.3	  0.2	0.144	0.000	0.000
126	  R	  0.3	  0.6	0.428	0.000	0.000
127	  E	  0.1	  0.5	0.428	0.000	0.000
128	  G	  0.1	  0.5	0.451	0.000	0.000
129	  M	  0.5	  0.4	0.451	0.000	0.000
130	  R	  0.9	  0.1	0.451	0.000	0.000
131	  Q	  1.2	  0.1	0.451	0.000	0.000
132	  Q	  1.7	  0.1	0.451	0.000	0.000
133	  L	  1.5	  0.1	0.167	0.000	0.000
134	  V	  4.5	  0.0	0.383	0.000	0.000
135	  E	  4.7	  0.0	0.383	0.000	0.000
136	  W	  6.0	  0.0	0.383	0.000	0.000
137	  Q	  3.0	  0.0	0.383	0.000	0.000
138	  A	  2.1	  0.1	0.216	0.000	0.000
139	  K	  1.6	  0.1	0.216	0.000	0.000
140	  L	  1.5	  0.0	0.000	0.000	0.000
141	  V	  1.2	  0.2	0.000	0.000	0.000
142	  P	  0.2	  0.2	0.000	0.000	0.000
143	  L	  0.0	  0.3	0.000	0.000	0.000
144	  G	  0.0	  0.3	4.983	0.000	0.000
145	  E	  0.0	  0.2	5.163	0.000	0.000
146	  E	  0.3	  0.2	5.769	0.000	0.000
147	  L	  0.5	  0.3	5.769	0.000	0.000
148	  R	  0.5	  0.2	5.941	0.000	0.000
149	  D	  0.3	  0.2	5.941	0.000	0.000
150	  H	  0.9	  0.2	5.647	0.000	0.000
151	  L	  1.1	  0.1	5.443	0.000	0.000
152	  R	  1.3	  0.1	5.443	0.000	0.000
153	  K	  0.6	  0.1	4.914	0.000	0.000
154	  Q	  2.2	  0.1	3.232	0.000	0.000
155	  V	  3.8	  0.1	2.701	0.000	0.000
156	  E	  3.6	  0.0	3.208	0.000	0.000
157	  A	  2.1	  0.0	3.048	0.000	0.000
158	  L	  2.0	  0.0	2.890	0.000	0.000
159	  R	  2.4	  0.0	2.399	0.000	0.000
160	  L	  2.8	  0.1	2.018	0.000	0.000
161	  E	  1.4	  0.1	1.487	0.000	0.000
162	  L	  1.0	  0.0	0.906	0.000	0.000
163	  A	  0.3	  0.2	0.736	0.000	0.000
164	  P	  0.0	  0.1	0.000	0.000	0.000
165	  Y	  0.3	  0.4	0.000	0.000	0.000
166	  S	  0.3	  1.3	3.337	0.000	0.000
167	  D	  0.3	  1.2	5.117	0.000	0.000
168	  D	  1.9	  1.2	7.456	0.000	0.000
169	  V	  3.2	  0.9	7.456	0.000	0.000
170	  R	  3.3	  0.0	7.456	0.000	0.000
171	  R	  1.7	  0.0	7.456	0.000	0.000
172	  A	  1.2	  0.0	7.275	0.000	0.000
173	  V	  5.1	  0.0	6.073	0.000	0.000
174	  V	  5.8	  0.0	5.816	0.000	0.000
175	  Q	  5.4	  0.0	5.694	0.000	0.000
176	  R	  1.8	  0.0	3.926	0.000	0.000
177	  M	  1.0	  0.0	2.907	0.000	0.000
178	  E	  0.7	  0.0	2.121	0.000	0.000
179	  A	  0.5	  0.0	1.854	0.000	0.000
180	  L	  0.4	  0.2	1.854	0.000	0.000
181	  K	  0.5	  0.4	1.292	0.000	0.000
182	  D	  0.2	  1.2	0.129	0.000	0.000
183	  S	  0.4	  1.5	0.000	0.000	0.000
184	  G	  0.3	  1.3	0.000	0.000	0.000
185	  S	  1.0	  1.1	0.000	0.000	0.000
186	  V	  2.0	  0.2	0.000	0.000	0.000
187	  L	  2.0	  0.7	0.000	0.000	0.000
188	  A	  1.4	  0.7	0.000	0.000	0.000
189	  D	  0.3	  0.7	0.000	0.000	0.000
190	  Y	  1.0	  0.8	0.000	0.000	0.000
191	  H	  1.0	  0.1	0.000	0.000	0.000
192	  S	  0.9	  0.2	0.225	0.000	0.000
193	  K	  0.4	  0.2	0.225	0.000	0.000
194	  A	  0.3	  0.2	0.225	0.000	0.000
195	  S	  0.2	  0.2	0.447	0.000	0.000
196	  E	  0.1	  0.2	0.447	0.000	0.000
197	  Q	  0.9	  0.2	0.447	0.000	0.000
198	  L	  1.6	  0.2	0.222	0.000	0.000
199	  S	  1.8	  0.0	0.427	0.000	0.000
200	  A	  1.2	  0.0	0.427	0.000	0.000
201	  L	  0.7	  0.2	0.427	0.000	0.000
202	  R	  0.6	  0.2	0.427	0.000	0.000
203	  D	  0.3	  0.4	0.206	0.000	0.000
204	  R	  0.5	  0.4	0.206	0.000	0.000
205	  T	  0.7	  0.2	0.000	0.000	0.000
206	  K	  0.7	  0.2	0.000	0.000	0.000
207	  P	  0.2	  0.0	0.000	0.000	0.000
208	  A	  0.2	  0.0	0.000	0.000	0.000
209	  L	  0.3	  0.1	0.000	0.000	0.000
210	  D	  0.3	  0.2	0.911	0.000	0.000
211	  D	  0.3	  0.2	1.483	0.000	0.000
212	  L	  2.5	  0.2	1.483	1.308	1.308
213	  V	  3.2	  0.0	1.483	1.308	1.308
214	  L	  3.1	  0.0	1.483	1.308	1.308
215	  G	  0.8	  0.0	1.483	1.308	1.308
216	  L	  0.2	  0.0	1.284	1.308	1.308
217	  L	  0.1	  0.0	0.761	0.000	0.000
218	  P	  0.1	  0.0	0.000	0.000	0.000
219	  V	  2.6	  0.0	0.000	0.000	0.000
220	  W	  3.2	  0.4	0.000	0.000	0.000
221	  E	  3.2	  0.4	0.000	0.000	0.000
222	  N	  2.8	  0.4	0.000	0.000	0.000
223	  I	  3.7	  0.5	0.000	0.000	0.000
224	  K	  3.8	  0.2	0.000	0.000	0.000
225	  S	  1.8	  0.3	0.000	0.000	0.000
226	  S	  0.4	  0.7	0.000	0.000	0.000
227	  A	  0.3	  0.6	0.000	0.000	0.000
228	  G	  0.4	  0.5	0.000	0.000	0.000
229	  V	  2.1	  0.4	0.000	0.000	0.000
230	  A	  2.2	  0.0	0.000	0.000	0.000
231	  W	  2.6	  0.1	0.000	0.000	0.000
232	  D	  1.0	  0.1	0.000	0.000	0.000
233	  Q	  1.4	  0.1	0.000	0.000	0.000
234	  V	  3.3	  0.1	0.000	0.000	0.000
235	  H	  3.6	  0.1	0.000	0.000	0.000
236	  Q	  3.3	  0.1	0.000	0.000	0.000
237	  Q	  2.4	  0.1	0.000	0.000	0.000
238	  L	  2.1	  0.2	0.000	0.000	0.000
239	  E	  1.9	  0.1	0.000	0.000	0.000
240	  S	  0.3	  0.1	0.000	0.000	0.000
241	  Q	  0.1	  0.1	0.000	0.000	0.000
