res	aa	Beta	Turn	Helix	Aggregation	Conc-Stab_Aggregation
01	  D	  0.0	  0.0	0.000	0.000	0.000
02	  A	  0.0	  0.4	0.000	0.000	0.000
03	  P	  0.0	  0.4	0.000	0.000	0.000
04	  S	  0.2	  0.5	0.000	0.000	0.000
05	  Q	  1.0	  0.5	0.000	0.000	0.000
06	  L	  1.4	  0.2	0.000	0.000	0.000
07	  D	  1.2	  0.1	0.161	0.000	0.000
08	  H	  0.7	  0.2	0.161	0.000	0.000
09	  A	  0.4	  0.2	0.161	0.000	0.000
10	  R	  0.7	  0.2	0.161	0.000	0.000
11	  A	  1.3	  0.2	0.161	0.316	0.316
12	  V	  4.2	  0.0	0.161	0.692	0.692
13	  L	  6.2	  0.0	0.161	0.692	0.692
14	  D	  7.7	  0.0	0.000	0.692	0.692
15	  V	  8.5	  0.0	0.000	3.869	3.869
16	  Y	  6.6	  0.0	0.000	4.101	4.101
17	  L	  4.5	  0.0	0.000	4.101	4.101
18	  T	  1.7	  0.0	0.000	4.101	4.101
19	  Q	  2.3	  0.0	0.000	4.101	4.101
20	  V	  3.5	  0.1	0.000	3.541	3.541
21	  K	  2.7	  0.1	0.000	0.692	0.692
22	  D	  1.8	  0.5	0.000	0.000	0.000
23	  M	  2.6	  0.5	0.000	0.000	0.000
24	  S	  4.7	  0.4	0.674	0.000	0.000
25	  L	  4.9	  0.4	0.674	0.000	0.000
26	  R	  3.0	  0.0	0.674	0.000	0.000
27	  A	  1.2	  0.0	0.674	0.000	0.000
28	  V	  2.6	  0.0	0.674	0.000	0.000
29	  N	  2.3	  0.1	0.674	0.000	0.000
30	  Q	  2.8	  0.1	0.229	0.000	0.000
31	  L	  1.0	  0.1	0.000	0.000	0.000
32	  D	  1.0	  0.1	0.000	0.000	0.000
33	  D	  0.2	  0.3	3.099	0.000	0.000
34	  P	  0.0	  0.3	3.099	0.000	0.000
35	  Q	  0.5	  0.3	3.099	0.000	0.000
36	  Y	  0.9	  0.3	3.099	0.000	0.000
37	  A	  1.0	  0.0	3.099	0.000	0.000
38	  E	  3.9	  0.0	3.099	0.000	0.000
39	  F	  3.9	  0.1	2.826	0.000	0.000
40	  K	  4.0	  0.1	2.437	0.000	0.000
41	  T	  0.9	  0.2	1.873	0.000	0.000
42	  N	  0.5	  0.2	2.008	0.000	0.000
43	  L	  0.3	  0.1	1.666	0.000	0.000
44	  A	  0.2	  0.0	1.387	0.000	0.000
45	  Q	  0.6	  0.0	1.142	0.000	0.000
46	  R	  4.1	  0.0	0.287	0.000	0.000
47	  I	  4.2	  0.1	0.135	0.000	0.000
48	  E	  3.8	  0.0	0.135	0.000	0.000
49	  E	  0.5	  0.0	0.135	0.000	0.000
50	  M	  0.6	  0.0	0.135	0.000	0.000
51	  Y	  5.0	  0.0	0.000	0.000	0.000
52	  T	  5.7	  0.0	0.000	0.000	0.000
53	  Q	  7.1	  0.0	0.000	0.000	0.000
54	  I	  4.4	  0.1	0.000	0.000	0.000
55	  K	  3.7	  0.0	0.000	0.000	0.000
56	  T	  4.4	  0.0	0.000	0.000	0.000
57	  L	  2.8	  0.3	0.000	0.000	0.000
58	  Q	  2.6	  0.3	0.000	0.000	0.000
59	  G	  0.1	  0.3	0.000	0.000	0.000
60	  S	 18.3	  0.3	0.000	0.000	0.000
61	  V	 18.6	  0.1	0.000	0.000	0.000
62	  S	 18.6	  0.0	0.127	0.000	0.000
63	  P	  0.4	  0.0	0.127	0.000	0.000
64	  M	  0.3	  0.1	0.127	0.000	0.000
65	  T	  1.0	  0.1	0.127	0.000	0.000
66	  D	  1.6	  0.1	0.127	0.000	0.000
67	  S	  2.6	  0.1	0.127	0.000	0.000
68	  F	  4.0	  0.1	0.000	0.000	0.000
69	  Y	  4.2	  0.1	0.000	0.000	0.000
70	  N	  4.0	  0.1	0.000	0.000	0.000
71	  T	  5.9	  0.1	0.000	0.000	0.000
72	  V	  6.6	  0.0	0.000	0.000	0.000
73	  M	  7.8	  0.0	0.000	0.000	0.000
74	  E	  9.1	  0.0	0.000	0.000	0.000
75	  V	  9.4	  0.0	0.000	0.000	0.000
76	  T	  7.7	  0.2	0.000	0.000	0.000
77	  K	  2.7	  0.2	0.000	0.000	0.000
78	  D	  1.1	  0.3	0.000	0.000	0.000
79	  T	  0.9	  0.3	0.000	0.000	0.000
80	  R	  0.6	  0.2	0.000	0.000	0.000
81	  E	  0.3	  0.2	0.000	0.000	0.000
82	  S	  3.1	  0.8	0.000	0.000	0.000
83	  L	  3.4	  0.8	0.000	0.000	0.000
84	  N	  3.4	  2.0	1.162	0.000	0.000
85	  A	  0.4	  2.0	1.162	0.000	0.000
86	  D	  0.3	  1.3	6.492	0.000	0.000
87	  L	  0.5	  1.4	6.949	0.000	0.000
88	  E	  0.5	  0.0	6.949	0.000	0.000
89	  A	  0.5	  0.0	6.949	0.000	0.000
90	  L	  0.7	  0.1	6.949	0.000	0.000
91	  K	  0.8	  0.2	6.765	0.000	0.000
92	  S	  0.7	  0.2	4.549	0.000	0.000
93	  S	  0.6	  0.2	1.844	0.000	0.000
94	  L	  0.5	  0.2	0.546	0.000	0.000
95	  A	  0.4	  0.3	0.339	0.000	0.000
96	  P	  0.0	  0.4	0.000	0.000	0.000
97	  Q	  0.1	  0.4	0.000	0.000	0.000
98	  N	  0.1	  0.5	2.173	0.000	0.000
99	  E	  0.1	  0.3	2.362	0.000	0.000
100	  Q	  1.1	  0.1	2.362	0.000	0.000
101	  L	  1.2	  0.1	2.362	0.000	0.000
102	  K	  1.4	  0.1	2.362	0.000	0.000
103	  Q	  0.7	  0.0	2.362	0.000	0.000
104	  V	  4.1	  0.0	1.472	0.000	0.000
105	  I	  4.6	  0.0	1.472	0.000	0.000
106	  E	  4.9	  0.1	1.472	0.000	0.000
107	  K	  1.5	  0.1	1.256	0.000	0.000
108	  H	  1.7	  0.3	0.250	0.000	0.000
109	  L	  1.2	  0.4	0.000	0.000	0.000
110	  N	  1.2	  0.4	0.000	0.000	0.000
111	  D	  1.6	  0.4	0.582	0.000	0.000
112	  Y	  2.0	  0.3	0.582	0.000	0.000
113	  R	  2.2	  0.1	0.582	0.000	0.000
114	  T	  1.9	  0.1	0.582	0.000	0.000
115	  L	  1.7	  0.1	0.582	0.000	0.000
116	  L	  1.5	  0.0	0.582	0.000	0.000
117	  T	  0.6	  0.0	0.233	0.000	0.000
118	  P	  0.2	  0.0	0.000	0.000	0.000
119	  I	  0.4	  0.0	0.000	0.000	0.000
120	  Y	  0.9	  0.1	0.000	0.000	0.000
121	  N	  1.0	  0.1	0.000	0.000	0.000
122	  D	  1.1	  0.1	4.847	0.000	0.000
123	  Y	  1.1	  0.1	4.847	0.000	0.000
124	  K	  1.7	  0.1	4.847	0.000	0.000
125	  T	  1.8	  0.2	5.546	0.000	0.000
126	  K	  1.5	  0.2	5.546	0.000	0.000
127	  H	  0.8	  0.2	5.947	0.000	0.000
128	  D	  0.1	  0.3	7.126	0.000	0.000
129	  E	  0.0	  0.2	8.194	0.000	0.000
130	  E	  0.1	  0.1	9.203	0.000	0.000
131	  M	  0.2	  0.1	9.036	0.000	0.000
132	  A	  0.4	  0.0	8.828	0.000	0.000
133	  A	  0.5	  0.0	8.828	0.000	0.000
134	  L	  0.5	  0.1	8.828	0.000	0.000
135	  K	  0.7	  0.1	7.336	0.000	0.000
136	  T	  0.9	  0.1	2.168	0.000	0.000
137	  R	  1.7	  0.1	2.168	0.000	0.000
138	  L	  1.5	  0.0	1.273	0.000	0.000
139	  E	  1.1	  0.0	0.859	0.000	0.000
140	  P	  0.1	  0.0	0.000	0.000	0.000
141	  V	  1.8	  0.0	0.341	0.000	0.000
142	  M	  1.8	  0.1	0.884	0.000	0.000
143	  E	  1.8	  0.1	0.884	0.000	0.000
144	  E	  0.3	  0.1	1.229	0.000	0.000
145	  L	  0.5	  0.1	1.229	0.000	0.000
146	  R	  0.7	  0.1	1.229	0.000	0.000
147	  T	  1.4	  0.1	1.229	0.000	0.000
148	  K	  1.8	  0.1	1.229	0.000	0.000
149	  I	  2.0	  0.0	1.042	0.000	0.000
150	  Q	  1.1	  0.2	1.042	0.000	0.000
151	  A	  0.6	  0.2	0.463	0.000	0.000
152	  N	  4.9	  0.2	0.727	0.000	0.000
153	  V	  5.4	  0.2	0.264	0.000	0.000
154	  E	  5.3	  0.1	0.264	0.000	0.000
155	  E	  1.2	  0.1	0.264	0.000	0.000
156	  T	  0.6	  0.4	0.264	0.000	0.000
157	  K	  0.6	  0.4	0.264	0.000	0.000
158	  G	  0.1	  0.3	0.264	0.000	0.000
159	  V	  8.6	  0.3	0.000	0.000	0.000
160	  L	  8.7	  0.0	0.000	0.000	0.000
161	  M	  8.7	  0.0	0.000	0.000	0.000
162	  P	  0.1	  0.0	0.000	0.000	0.000
163	  M	  0.3	  0.0	0.000	0.000	0.000
164	  V	  1.0	  0.0	0.000	0.000	0.000
165	  E	  1.0	  0.0	0.000	0.000	0.000
166	  T	  8.5	  0.0	0.000	0.000	0.000
167	  V	  8.5	  0.1	0.000	0.000	0.000
168	  R	  8.7	  0.0	0.000	0.000	0.000
169	  T	  2.9	  0.0	0.000	0.000	0.000
170	  K	  7.6	  0.0	0.000	0.000	0.000
171	  V	  8.2	  0.0	0.000	0.000	0.000
172	  T	  6.6	  0.1	0.137	0.000	0.000
173	  E	  1.1	  0.1	0.137	0.000	0.000
174	  R	  0.7	  0.1	0.137	0.000	0.000
175	  L	  0.6	  0.2	0.137	0.000	0.000
176	  E	  0.6	  0.1	0.137	0.000	0.000
177	  S	  2.2	  0.1	0.351	0.000	0.000
178	  L	  2.1	  0.2	0.214	0.000	0.000
179	  R	  2.3	  0.0	0.214	0.000	0.000
180	  E	  0.9	  0.0	0.214	0.000	0.000
181	  V	  9.5	  0.0	0.214	0.000	0.000
182	  V	  9.6	  0.0	0.214	0.000	0.000
183	  Q	  9.0	  0.0	0.214	0.000	0.000
184	  P	  0.4	  0.0	0.000	0.000	0.000
185	  Y	  1.5	  0.0	0.000	0.000	0.000
186	  V	  2.1	  0.1	0.000	0.000	0.000
187	  Q	  2.5	  0.1	0.000	0.000	0.000
188	  E	  4.5	  0.1	0.000	0.000	0.000
189	  Y	  4.6	  0.1	0.000	0.000	0.000
190	  K	  4.3	  0.1	0.000	0.000	0.000
191	  E	  1.0	  0.1	0.000	0.000	0.000
192	  Q	  1.3	  0.1	0.000	0.000	0.000
193	  M	  1.4	  0.1	0.000	0.000	0.000
194	  K	  1.5	  0.1	0.000	0.000	0.000
195	  Q	  1.8	  0.1	0.000	0.000	0.000
196	  M	  2.2	  0.1	0.000	0.000	0.000
197	  Y	  3.2	  0.0	0.000	0.000	0.000
198	  D	  1.7	  0.1	0.000	0.000	0.000
199	  Q	  1.4	  0.1	0.000	0.000	0.000
200	  A	  0.3	  0.1	0.000	0.000	0.000
201	  Q	  0.7	  0.1	0.000	0.000	0.000
202	  T	  5.5	  0.1	0.000	0.000	0.000
203	  V	  6.4	  0.1	0.000	0.000	0.000
204	  D	  6.0	  0.9	0.817	0.000	0.000
205	  T	  1.1	  1.0	2.570	0.000	0.000
206	  D	  0.2	  1.1	3.032	0.000	0.000
207	  A	  0.4	  1.0	3.032	0.000	0.000
208	  L	  0.4	  0.2	3.032	0.000	0.000
209	  R	  0.6	  0.2	3.032	0.000	0.000
210	  T	  1.3	  0.1	2.587	0.000	0.000
211	  K	 10.3	  0.1	2.363	0.000	0.000
212	  I	 10.9	  0.0	0.225	0.000	0.000
213	  T	 10.0	  0.0	0.461	0.000	0.000
214	  P	  0.9	  0.0	0.235	0.000	0.000
215	  L	  0.2	  0.0	0.235	0.000	0.000
216	  V	  0.7	  0.0	0.805	0.000	0.000
217	  E	  0.7	  0.0	1.204	0.000	0.000
218	  E	  6.7	  0.0	1.322	0.000	0.000
219	  I	 13.6	  0.0	1.322	0.000	0.000
220	  K	 17.4	  0.0	1.322	0.000	0.000
221	  V	 18.5	  0.0	1.207	0.002	0.002
222	  K	 11.9	  0.0	1.207	0.002	0.002
223	  M	  8.2	  0.0	0.628	0.006	0.006
224	  N	  1.4	  0.0	0.512	0.006	0.006
225	  A	  0.7	  0.0	0.000	0.006	0.006
226	  I	  1.3	  0.0	0.000	0.007	0.007
227	  F	  6.8	  0.0	0.000	0.007	0.007
228	  E	  6.8	  0.0	0.160	0.003	0.003
229	  I	  9.1	  0.0	0.160	28.093	28.093
230	  I	  4.4	  0.0	0.160	30.917	30.917
231	  A	  4.2	  0.0	0.160	31.587	31.587
232	  A	  1.6	  0.0	0.160	32.383	32.383
233	  S	  4.6	  0.0	0.160	33.328	33.328
234	  V	  6.5	  0.0	0.000	41.063	41.063
235	  T	  6.2	  0.0	0.000	41.731	41.731
236	  N	  2.5	  0.0	0.000	42.898	42.898
237	  L	  1.4	  0.0	0.000	74.551	74.551
238	  C	  2.0	  0.0	0.000	80.737	80.737
239	  V	  4.1	  0.0	0.000	99.108	99.108
240	  F	  4.8	  0.0	0.000	99.753	99.753
241	  F	  5.0	  0.0	0.000	99.724	99.724
242	  F	  3.1	  0.0	0.000	99.028	99.028
243	  L	  1.8	  0.0	0.000	90.467	90.467
244	  T	  1.3	  0.1	0.000	36.019	36.019
245	  Q	  1.7	  0.1	0.000	3.639	3.639
246	  T	 32.2	  0.1	0.000	2.475	2.475
247	  Y	 33.3	  0.1	0.000	1.795	1.795
248	  S	 32.8	  0.1	0.000	0.086	0.086
249	  H	  3.4	  0.1	0.000	0.001	0.001
250	  K	  1.0	  0.1	0.000	0.000	0.000
251	  L	  1.8	  0.1	0.000	1.208	1.208
252	  M	  1.9	  0.1	0.000	1.208	1.208
253	  V	  4.8	  0.0	0.000	1.208	1.208
254	  T	  4.2	  0.0	0.000	1.208	1.208
255	  S	  3.6	  0.0	0.000	1.208	1.208
256	  I	  0.5	  0.0	0.000	0.000	0.000
