res	aa	Beta	Turn	Helix	Aggregation	Conc-Stab_Aggregation
01	  D	  0.0	  0.0	0.000	0.000	0.000
02	  E	  0.0	  0.0	0.000	0.000	0.000
03	  P	  0.0	  0.0	0.000	0.000	0.000
04	  Q	  0.2	  0.1	0.000	0.000	0.000
05	  Q	  0.2	  0.1	0.000	0.000	0.000
06	  T	  1.2	  0.1	0.000	0.000	0.000
07	  A	  1.6	  0.1	0.000	0.000	0.000
08	  V	  2.7	  0.0	0.000	0.000	0.000
09	  Q	  2.1	  0.0	0.000	0.000	0.000
10	  R	  2.0	  0.0	0.000	0.000	0.000
11	  L	  1.1	  0.2	0.000	0.000	0.000
12	  Q	  0.9	  0.2	0.000	0.000	0.000
13	  D	  0.4	  0.2	0.000	0.000	0.000
14	  M	  0.8	  0.2	0.000	0.000	0.000
15	  L	  2.1	  0.0	0.000	0.000	0.000
16	  H	  4.0	  0.0	0.000	0.000	0.000
17	  V	  6.6	  0.0	0.000	0.000	0.000
18	  Y	  5.8	  0.0	0.000	0.000	0.000
19	  L	  3.9	  0.0	0.000	0.000	0.000
20	  E	  0.8	  0.0	0.135	0.000	0.000
21	  T	 16.3	  0.0	0.135	0.000	0.000
22	  V	 18.3	  0.1	0.135	0.000	0.000
23	  K	 18.4	  0.0	0.135	0.000	0.000
24	  A	  2.7	  0.0	0.135	0.000	0.000
25	  S	  0.6	  0.0	0.135	0.000	0.000
26	  A	  0.4	  0.1	0.000	0.000	0.000
27	  K	  0.4	  0.1	0.000	0.000	0.000
28	  E	  0.2	  0.1	0.000	0.000	0.000
29	  A	  0.7	  0.1	0.000	0.000	0.000
30	  V	  1.4	  0.0	0.000	0.000	0.000
31	  T	  1.6	  0.0	0.000	0.000	0.000
32	  E	  3.3	  0.0	0.000	0.000	0.000
33	  F	  3.5	  0.1	0.000	0.000	0.000
34	  D	  3.3	  1.6	0.000	0.000	0.000
35	  S	  1.2	  1.6	0.000	0.000	0.000
36	  S	  0.5	  1.6	0.000	0.000	0.000
37	  A	  0.6	  1.7	0.000	0.000	0.000
38	  V	  0.6	  0.2	0.000	0.000	0.000
39	  G	  0.3	  0.3	0.143	0.000	0.000
40	  Q	  0.5	  0.3	0.143	0.000	0.000
41	  Q	  1.4	  0.1	0.143	0.000	0.000
42	  L	  3.1	  0.1	0.143	0.000	0.000
43	  N	  3.0	  0.0	0.672	0.000	0.000
44	  L	  3.6	  0.0	0.672	0.000	0.000
45	  K	  2.3	  0.0	0.672	0.000	0.000
46	  L	  2.0	  0.4	0.529	0.000	0.000
47	  A	  0.4	  0.5	0.529	0.000	0.000
48	  D	  0.0	  0.5	0.529	0.000	0.000
49	  N	  0.3	  1.5	0.173	0.000	0.000
50	  L	  0.7	  1.2	0.000	0.000	0.000
51	  D	  0.7	  1.4	0.000	0.000	0.000
52	  S	  0.5	  1.5	0.000	0.000	0.000
53	  L	  0.2	  0.9	0.000	0.000	0.000
54	  G	  0.2	  0.8	0.000	0.000	0.000
55	  A	  0.2	  0.4	0.000	0.284	0.284
56	  T	  1.2	  0.3	0.000	0.621	0.621
57	  A	  1.3	  0.0	0.000	0.621	0.621
58	  V	  1.3	  0.0	0.000	0.621	0.621
59	  G	  0.4	  0.0	0.000	0.621	0.621
60	  F	  2.4	  0.0	0.000	0.621	0.621
61	  Q	  2.6	  0.1	0.000	0.000	0.000
62	  Q	  2.6	  0.1	0.000	0.000	0.000
63	  E	  0.6	  0.1	0.000	0.000	0.000
64	  L	  0.4	  0.1	0.000	0.000	0.000
65	  V	  0.3	  0.3	0.000	0.000	0.000
66	  P	  0.2	  0.2	0.000	0.000	0.000
67	  H	  3.2	  0.2	0.000	0.000	0.000
68	  Y	  4.2	  0.3	0.000	0.000	0.000
69	  Q	  4.6	  0.1	0.000	0.000	0.000
70	  E	 15.7	  0.1	0.000	0.000	0.000
71	  V	 16.0	  0.2	0.000	0.000	0.000
72	  K	 15.6	  0.1	0.000	0.000	0.000
73	  D	  1.6	  0.1	0.000	0.000	0.000
74	  R	  0.5	  0.1	0.000	0.000	0.000
75	  W	  0.9	  0.0	0.000	0.000	0.000
76	  L	  1.0	  0.1	0.000	0.000	0.000
77	  K	  0.9	  0.2	0.605	0.000	0.000
78	  D	  0.6	  0.2	3.528	0.000	0.000
79	  T	  0.5	  0.2	13.895	0.000	0.000
80	  E	  0.2	  0.1	14.021	0.000	0.000
81	  A	  0.4	  0.1	14.021	0.000	0.000
82	  L	  0.6	  0.1	14.021	0.000	0.000
83	  R	  0.8	  0.1	14.021	0.000	0.000
84	  Q	  0.6	  0.1	13.602	0.000	0.000
85	  E	  0.4	  0.1	7.756	0.000	0.000
86	  L	  0.4	  0.1	5.640	0.000	0.000
87	  V	  1.1	  0.1	4.853	0.000	0.000
88	  R	  1.1	  0.1	4.674	0.000	0.000
89	  D	  1.1	  0.1	5.352	0.000	0.000
90	  L	  0.3	  0.1	4.930	0.000	0.000
91	  E	  0.3	  0.1	4.933	0.000	0.000
92	  E	 13.9	  0.0	4.746	0.000	0.000
93	  V	 16.6	  0.1	4.426	0.000	0.000
94	  K	 17.0	  0.1	4.426	0.000	0.000
95	  S	  4.0	  0.1	3.041	0.000	0.000
96	  K	  1.9	  0.1	2.450	0.000	0.000
97	  I	  1.5	  0.0	0.631	0.000	0.000
98	  Q	  1.2	  0.0	0.631	0.000	0.000
99	  P	  0.1	  0.0	0.000	0.000	0.000
100	  Y	  0.8	  0.0	0.353	0.000	0.000
101	  L	  0.7	  0.1	0.697	0.000	0.000
102	  E	  0.8	  0.1	2.891	0.000	0.000
103	  E	  1.6	  0.1	3.591	0.000	0.000
104	  F	  3.6	  0.2	3.591	0.000	0.000
105	  Q	  3.7	  0.0	3.591	0.000	0.000
106	  K	  2.3	  0.0	3.591	0.000	0.000
107	  K	  0.9	  0.0	3.591	0.000	0.000
108	  W	  1.9	  0.0	3.275	0.000	0.000
109	  Q	  2.2	  0.1	3.085	0.000	0.000
110	  Q	  1.8	  0.1	1.482	0.000	0.000
111	  E	  2.8	  0.1	0.312	0.000	0.000
112	  V	  4.0	  0.2	0.144	0.000	0.000
113	  E	  3.8	  0.1	0.144	0.000	0.000
114	  S	  8.5	  0.1	0.144	0.000	0.000
115	  Y	  9.3	  0.2	0.144	0.000	0.000
116	  R	  9.5	  0.1	0.000	0.000	0.000
117	  Q	  3.2	  0.1	0.000	0.000	0.000
118	  Q	  2.1	  0.1	0.000	0.000	0.000
119	  L	  1.8	  0.1	0.000	0.000	0.000
120	  V	  1.6	  0.0	0.000	0.000	0.000
121	  P	  0.2	  0.2	0.000	0.000	0.000
122	  V	  0.2	  0.3	0.000	0.000	0.000
123	  G	  0.2	  0.3	2.090	0.000	0.000
124	  Q	  0.3	  0.3	2.090	0.000	0.000
125	  E	  0.4	  0.1	2.090	0.000	0.000
126	  L	  0.6	  0.3	2.090	0.000	0.000
127	  R	  0.6	  0.2	2.242	0.000	0.000
128	  D	  0.5	  0.8	2.242	0.000	0.000
129	  L	  0.4	  0.8	1.751	0.000	0.000
130	  S	  0.6	  0.7	2.823	0.000	0.000
131	  R	  1.0	  0.7	2.307	0.000	0.000
132	  Q	  1.2	  0.2	1.874	0.000	0.000
133	  H	  1.5	  0.1	1.351	0.000	0.000
134	  L	  1.2	  0.1	1.351	0.000	0.000
135	  E	  0.8	  0.0	1.351	0.000	0.000
136	  A	  0.8	  0.0	1.195	0.000	0.000
137	  V	  2.2	  0.0	0.946	0.000	0.000
138	  Q	  2.5	  0.1	0.946	0.000	0.000
139	  Q	  2.3	  0.1	0.515	0.000	0.000
140	  K	  1.7	  0.1	0.313	0.000	0.000
141	  L	  1.5	  0.1	0.000	0.000	0.000
142	  S	  1.1	  0.0	0.360	0.000	0.000
143	  P	  0.1	  0.0	0.360	0.000	0.000
144	  V	  1.4	  0.0	0.360	0.000	0.000
145	  A	  1.4	  0.3	0.360	0.000	0.000
146	  A	  1.5	  0.3	0.360	0.000	0.000
147	  D	  2.1	  0.3	1.968	0.000	0.000
148	  V	  3.0	  0.4	1.607	0.000	0.000
149	  R	  2.9	  0.1	1.607	0.000	0.000
150	  D	  0.9	  0.2	1.607	0.000	0.000
151	  K	  0.8	  0.2	1.607	0.000	0.000
152	  L	  1.0	  0.3	1.607	0.000	0.000
153	  R	  1.1	  0.3	1.370	0.000	0.000
154	  G	  0.3	  0.2	1.031	0.000	0.000
155	  H	  2.3	  0.2	0.618	0.000	0.000
156	  V	  3.2	  0.1	0.464	0.000	0.000
157	  E	  3.2	  0.2	0.689	0.000	0.000
158	  D	  1.4	  0.2	1.955	0.000	0.000
159	  L	  0.7	  0.2	1.955	0.000	0.000
160	  R	  1.3	  0.3	1.955	0.000	0.000
161	  K	  1.0	  0.3	1.955	0.000	0.000
162	  N	  1.2	  0.3	1.491	0.000	0.000
163	  L	  0.7	  0.2	1.266	0.000	0.000
164	  V	  0.7	  0.0	0.667	0.000	0.000
165	  P	  0.1	  0.0	0.000	0.000	0.000
166	  Y	  0.3	  0.2	0.000	0.000	0.000
167	  S	  0.2	  0.2	13.677	0.000	0.000
168	  D	  0.2	  0.3	23.064	0.000	0.000
169	  E	  0.2	  0.3	24.728	0.000	0.000
170	  L	  0.5	  0.2	24.728	0.000	0.000
171	  R	  0.9	  0.2	24.728	0.000	0.000
172	  Q	  0.9	  0.1	24.728	0.000	0.000
173	  R	  1.2	  0.1	23.391	0.000	0.000
174	  L	  1.1	  0.0	21.651	0.000	0.000
175	  T	  2.4	  0.1	19.989	0.000	0.000
176	  Q	  2.2	  0.0	19.780	0.000	0.000
177	  K	  3.4	  0.0	15.524	0.000	0.000
178	  M	  1.9	  0.1	10.629	0.000	0.000
179	  E	  1.6	  0.1	10.246	0.000	0.000
180	  E	  0.3	  0.1	9.828	0.000	0.000
181	  L	  0.4	  0.1	9.540	0.000	0.000
182	  R	  0.6	  0.1	8.877	0.000	0.000
183	  T	  0.5	  0.2	6.924	0.000	0.000
184	  R	  0.6	  0.2	6.924	0.000	0.000
185	  G	  0.4	  0.1	6.242	0.000	0.000
186	  I	  0.3	  0.1	0.000	0.000	0.000
187	  P	  0.0	  0.0	0.000	0.000	0.000
188	  Q	  0.1	  0.0	0.000	0.000	0.000
189	  A	  0.1	  0.0	0.000	0.000	0.000
190	  A	  0.2	  0.0	0.000	0.000	0.000
191	  E	  1.7	  0.0	0.000	0.000	0.000
192	  Y	  4.5	  0.0	0.000	0.000	0.000
193	  Q	  4.6	  0.0	0.000	0.000	0.000
194	  A	  3.1	  0.0	0.000	0.000	0.000
195	  K	  0.9	  0.0	0.000	0.000	0.000
196	  A	  0.9	  0.0	0.000	0.000	0.000
197	  T	  3.5	  0.0	0.000	0.000	0.000
198	  Q	  4.2	  0.0	0.000	0.000	0.000
199	  Y	  5.0	  0.1	0.000	0.902	0.902
200	  L	  2.5	  0.1	0.000	0.902	0.902
201	  S	  1.5	  0.1	0.000	0.902	0.902
202	  T	  3.0	  0.1	0.642	0.902	0.902
203	  L	  2.8	  0.1	0.642	0.902	0.902
204	  R	  2.7	  0.1	0.642	0.000	0.000
205	  E	  0.2	  0.1	0.642	0.000	0.000
206	  R	  0.6	  0.1	0.642	0.000	0.000
207	  A	  0.6	  0.1	0.642	0.000	0.000
208	  T	  0.5	  0.0	0.407	0.000	0.000
209	  P	  0.1	  0.0	0.165	0.000	0.000
210	  F	  0.9	  0.0	0.570	0.000	0.000
211	  M	  0.9	  0.1	1.305	0.000	0.000
212	  E	  0.9	  0.1	2.004	0.000	0.000
213	  E	  1.4	  0.1	2.804	0.000	0.000
214	  L	  1.5	  0.1	2.804	0.000	0.000
215	  K	  1.8	  0.1	2.804	0.000	0.000
216	  E	  0.5	  0.1	2.804	0.000	0.000
217	  K	  2.7	  0.1	2.804	0.000	0.000
218	  L	  2.5	  0.1	2.388	0.000	0.000
219	  K	  2.5	  0.0	2.200	0.000	0.000
220	  P	  0.1	  0.0	0.000	0.000	0.000
221	  I	  1.5	  0.0	0.000	0.000	0.000
222	  I	  1.9	  0.0	0.750	0.000	0.000
223	  E	  1.9	  0.0	1.343	0.000	0.000
224	  T	  3.2	  0.0	18.087	0.000	0.000
225	  L	  2.9	  0.1	18.353	0.000	0.000
226	  K	  3.1	  0.1	18.741	0.000	0.000
227	  T	  0.8	  0.1	20.243	0.000	0.000
228	  R	  1.0	  0.1	20.350	0.000	0.000
229	  L	  1.0	  0.0	20.350	38.317	38.317
230	  L	  0.9	  0.0	20.018	38.317	38.317
231	  A	  0.8	  0.0	19.615	38.317	38.317
232	  L	  0.6	  0.0	18.953	38.317	38.317
233	  L	  0.4	  0.1	17.638	38.317	38.317
234	  E	  0.2	  0.1	16.634	0.000	0.000
235	  N	  3.0	  0.1	11.963	0.000	0.000
236	  V	  3.7	  0.2	7.206	0.000	0.000
237	  R	  4.1	  0.4	7.021	0.000	0.000
238	  K	  1.2	  0.4	3.751	0.000	0.000
239	  D	  0.5	  0.4	1.084	0.000	0.000
240	  L	  0.1	  0.4	0.416	0.000	0.000
241	  A	  0.1	  0.0	0.416	0.000	0.000
242	  E	  0.1	  0.0	0.416	0.000	0.000
243	  A	  0.0	  0.0	0.000	0.000	0.000
