res	aa	Beta	Turn	Helix	Aggregation	Conc-Stab_Aggregation
01	  M	  0.1	  0.0	0.000	0.000	0.000
02	  A	  0.1	  0.2	0.000	0.000	0.000
03	  P	  0.1	  0.2	0.000	0.000	0.000
04	  Y	  1.5	  0.2	0.000	0.000	0.000
05	  Y	  2.3	  0.3	0.000	0.000	0.000
06	  K	  2.9	  0.1	0.000	0.000	0.000
07	  E	  3.4	  0.1	0.000	0.000	0.000
08	  V	  3.1	  0.1	0.000	0.000	0.000
09	  R	  2.5	  0.0	0.108	0.000	0.000
10	  E	  0.8	  0.0	0.108	0.000	0.000
11	  M	  0.9	  0.0	0.108	0.000	0.000
12	  W	  1.3	  0.0	0.108	0.000	0.000
13	  L	  1.2	  0.1	0.108	0.000	0.000
14	  K	  0.8	  0.2	1.698	0.000	0.000
15	  D	  0.5	  0.2	6.892	0.000	0.000
16	  T	  0.4	  0.2	24.771	0.000	0.000
17	  E	  0.2	  0.1	25.274	0.000	0.000
18	  A	  0.3	  0.1	25.274	0.000	0.000
19	  L	  0.5	  0.0	25.274	0.000	0.000
20	  R	  0.6	  0.1	25.274	0.000	0.000
21	  K	  0.4	  0.1	24.770	0.000	0.000
22	  E	  0.6	  0.1	17.283	0.000	0.000
23	  L	  0.7	  0.1	13.196	0.000	0.000
24	  S	  1.0	  1.2	11.165	0.000	0.000
25	  K	  0.8	  1.2	6.337	0.000	0.000
26	  D	  0.6	  2.1	1.497	0.000	0.000
27	  L	  0.2	  2.1	1.034	0.000	0.000
28	  D	  0.2	  0.9	2.174	0.000	0.000
29	  E	 13.9	  0.9	2.174	0.000	0.000
30	  V	 15.4	  0.0	2.174	0.000	0.000
31	  K	 15.6	  0.1	2.174	0.000	0.000
32	  E	  2.0	  0.1	1.827	0.000	0.000
33	  K	  3.0	  0.1	1.827	0.000	0.000
34	  I	  3.3	  0.0	0.821	0.000	0.000
35	  R	  3.2	  0.0	0.821	0.000	0.000
36	  P	  0.6	  0.0	0.000	0.000	0.000
37	  F	  0.8	  0.0	0.000	0.000	0.000
38	  L	  0.8	  0.1	0.000	0.000	0.000
39	  E	  0.9	  0.1	0.000	0.000	0.000
40	  Q	  2.9	  0.1	0.000	0.000	0.000
41	  F	  5.1	  0.2	0.000	0.000	0.000
42	  S	  5.2	  0.1	0.000	0.000	0.000
43	  Q	  3.3	  0.1	0.000	0.000	0.000
44	  K	  3.3	  0.1	0.000	0.000	0.000
45	  W	  3.8	  0.0	0.000	0.000	0.000
46	  T	  3.2	  0.1	0.353	0.000	0.000
47	  E	  0.8	  0.1	0.353	0.000	0.000
48	  E	  0.2	  0.1	0.491	0.000	0.000
49	  L	  0.2	  0.2	0.491	0.000	0.000
50	  E	  0.4	  0.2	0.491	0.000	0.000
51	  Q	  2.6	  0.2	0.491	0.000	0.000
52	  Y	  3.2	  0.2	0.307	0.000	0.000
53	  R	  3.1	  0.1	0.138	0.000	0.000
54	  E	  0.8	  0.1	0.138	0.000	0.000
55	  R	  0.5	  0.1	0.138	0.000	0.000
56	  L	  0.5	  0.1	0.138	0.000	0.000
57	  A	  0.4	  0.0	0.138	0.000	0.000
58	  P	  0.1	  0.0	0.000	0.000	0.000
59	  V	  1.7	  0.0	0.000	0.000	0.000
60	  A	  1.8	  0.0	0.000	0.000	0.000
61	  Q	  1.9	  0.1	0.000	0.000	0.000
62	  E	  1.6	  0.1	0.000	0.000	0.000
63	  L	  1.6	  0.1	0.000	0.000	0.000
64	  K	  1.6	  0.1	0.281	0.000	0.000
65	  E	  0.9	  0.1	0.281	0.000	0.000
66	  L	  1.3	  0.1	0.281	0.000	0.000
67	  T	  2.6	  0.1	0.667	0.000	0.000
68	  K	  2.2	  0.1	0.667	0.000	0.000
69	  Q	  2.4	  0.1	0.667	0.000	0.000
70	  K	  8.5	  0.1	0.387	0.000	0.000
71	  V	 12.7	  0.0	0.387	0.000	0.000
72	  E	 12.2	  0.0	0.387	0.000	0.000
73	  L	  5.0	  0.0	0.387	0.000	0.000
74	  M	  0.3	  0.1	0.387	0.000	0.000
75	  Q	  0.4	  0.1	0.217	0.000	0.000
76	  E	  0.3	  0.1	0.000	0.000	0.000
77	  K	  3.8	  0.1	0.000	0.000	0.000
78	  L	  3.8	  0.1	0.000	0.000	0.000
79	  T	  3.8	  0.0	0.000	0.000	0.000
80	  P	  0.2	  0.0	0.000	0.000	0.000
81	  V	  0.8	  0.0	0.321	0.000	0.000
82	  A	  0.8	  0.1	1.508	0.000	0.000
83	  E	  0.8	  0.1	2.817	0.000	0.000
84	  E	  0.1	  0.1	3.687	0.000	0.000
85	  A	  0.1	  0.3	3.687	0.000	0.000
86	  R	  0.1	  0.2	3.687	0.000	0.000
87	  D	  0.1	  0.3	3.687	0.000	0.000
88	  R	  0.7	  0.3	3.687	0.000	0.000
89	  L	  0.9	  0.3	3.687	0.000	0.000
90	  R	  0.9	  0.2	2.808	0.000	0.000
91	  G	  0.3	  0.2	3.109	0.000	0.000
92	  H	  2.2	  0.2	3.630	0.000	0.000
93	  V	  2.7	  0.0	5.461	0.000	0.000
94	  E	  2.7	  0.1	8.109	0.000	0.000
95	  E	  0.9	  0.1	8.267	0.000	0.000
96	  L	  0.5	  0.1	8.267	0.000	0.000
97	  R	  1.1	  0.3	8.267	0.000	0.000
98	  K	  0.9	  0.2	8.267	0.000	0.000
99	  N	  0.7	  0.2	7.316	0.000	0.000
100	  L	  0.2	  0.2	3.105	0.000	0.000
101	  A	  0.1	  0.1	2.008	0.000	0.000
102	  P	  0.0	  0.1	0.000	0.000	0.000
103	  Y	  0.6	  0.1	0.137	0.000	0.000
104	  S	  0.6	  0.2	18.275	0.000	0.000
105	  E	  0.6	  0.1	19.338	0.000	0.000
106	  E	  0.3	  0.1	20.962	0.000	0.000
107	  L	  0.5	  0.1	20.962	0.000	0.000
108	  R	  0.8	  0.1	20.962	0.000	0.000
109	  Q	  0.8	  0.1	20.962	0.000	0.000
110	  K	  1.0	  0.1	17.956	0.000	0.000
111	  L	  0.9	  0.1	15.299	0.000	0.000
112	  S	  0.8	  0.1	14.498	0.000	0.000
113	  Q	  0.7	  0.1	10.706	0.000	0.000
114	  K	  2.0	  0.1	5.852	0.000	0.000
115	  L	  1.8	  0.1	3.772	0.000	0.000
116	  E	  1.5	  0.1	3.718	0.000	0.000
117	  E	  1.1	  0.0	3.472	0.000	0.000
118	  I	  1.5	  0.1	3.162	0.000	0.000
119	  R	  1.5	  0.2	3.162	0.000	0.000
120	  E	  0.4	  0.5	2.295	0.000	0.000
121	  K	  0.1	  0.5	1.969	0.000	0.000
122	  G	  0.1	  0.5	1.065	0.000	0.000
123	  I	  0.1	  0.3	0.000	0.000	0.000
124	  P	  0.0	  0.0	0.000	0.000	0.000
125	  Q	  0.1	  0.0	0.000	0.000	0.000
126	  A	  0.1	  0.0	0.000	0.000	0.000
127	  A	  0.2	  0.0	0.000	0.000	0.000
128	  E	  1.7	  0.0	0.000	0.000	0.000
129	  Y	  4.3	  0.0	0.000	0.000	0.000
130	  Q	  4.4	  0.0	0.000	0.000	0.000
131	  A	  3.2	  0.0	0.000	0.000	0.000
132	  K	  3.1	  0.0	0.000	0.000	0.000
133	  V	  6.4	  0.0	0.000	0.000	0.000
134	  I	  6.7	  0.0	0.000	0.000	0.000
135	  E	  4.2	  0.0	0.000	0.000	0.000
136	  Q	  1.4	  0.0	0.000	0.000	0.000
137	  L	  1.1	  0.3	0.000	0.000	0.000
138	  S	  1.4	  0.2	0.000	0.000	0.000
139	  S	  7.5	  0.2	0.627	0.000	0.000
140	  F	  7.8	  0.3	0.627	0.000	0.000
141	  R	  7.5	  0.1	0.627	0.000	0.000
142	  E	  0.8	  0.1	0.627	0.000	0.000
143	  K	  3.9	  0.1	0.627	0.000	0.000
144	  M	  4.1	  0.0	0.627	0.000	0.000
145	  T	  4.0	  0.0	0.203	0.000	0.000
146	  P	  0.2	  0.0	0.000	0.000	0.000
147	  L	  0.3	  0.0	0.000	0.000	0.000
148	  V	  1.6	  0.2	0.000	0.000	0.000
149	  Q	  2.2	  0.2	0.000	0.000	0.000
150	  D	  2.3	  0.2	0.000	0.000	0.000
151	  F	  1.9	  0.4	0.000	0.000	0.000
152	  K	  1.4	  0.3	0.000	0.000	0.000
153	  E	  0.9	  0.4	0.000	0.000	0.000
154	  G	  0.1	  0.4	0.000	0.000	0.000
155	  L	  0.2	  0.2	0.000	0.000	0.000
156	  Q	  0.2	  0.0	0.000	0.000	0.000
157	  P	  0.1	  0.0	0.000	0.000	0.000
158	  R	  0.7	  0.0	0.000	0.000	0.000
159	  L	  0.9	  0.0	0.000	0.000	0.000
160	  Y	  2.1	  0.2	0.000	0.000	0.000
161	  Q	  1.6	  0.2	0.000	0.000	0.000
162	  D	  1.3	  7.7	0.293	0.000	0.000
163	  S	  0.1	  7.8	12.967	0.000	0.000
164	  D	  0.0	  7.7	13.603	0.000	0.000
165	  G	  0.0	  7.6	14.860	0.000	0.000
166	  L	  0.3	  0.2	14.860	0.000	0.000
167	  R	  0.6	  0.1	14.860	0.000	0.000
168	  K	  1.1	  0.0	14.860	0.000	0.000
169	  L	  1.0	  0.0	14.713	0.000	0.000
170	  I	  1.5	  0.0	13.222	0.000	0.000
171	  R	  1.1	  0.1	13.094	0.000	0.000
172	  K	  1.0	  0.1	8.094	0.000	0.000
173	  E	  0.4	  0.1	4.792	0.000	0.000
174	  L	  0.4	  0.2	4.085	0.000	0.000
175	  E	  0.3	  0.1	4.124	0.000	0.000
176	  S	  2.1	  0.1	5.213	0.000	0.000
177	  L	  4.0	  0.1	4.036	0.000	0.000
178	  R	  5.5	  0.0	3.738	0.000	0.000
179	  V	 10.8	  0.0	3.014	0.000	0.000
180	  K	  9.5	  0.0	2.916	0.000	0.000
181	  L	  8.2	  0.0	1.904	0.000	0.000
182	  S	  1.2	  0.2	1.643	0.000	0.000
183	  P	  0.1	  0.2	0.000	0.000	0.000
184	  Y	  1.3	  0.2	0.000	0.000	0.000
185	  V	  1.5	  0.2	0.000	0.000	0.000
186	  D	  1.6	  0.1	0.175	0.000	0.000
187	  E	 12.2	  0.1	0.175	0.000	0.000
188	  V	 14.8	  0.0	0.175	0.000	0.000
189	  H	 15.4	  0.0	0.175	0.000	0.000
190	  H	  4.9	  0.0	0.175	0.000	0.000
191	  K	  2.2	  0.2	0.175	0.000	0.000
192	  V	  1.7	  0.3	0.175	0.000	0.000
193	  G	  0.5	  0.4	0.175	0.000	0.000
194	  K	  0.2	  0.4	0.000	0.000	0.000
195	  H	  0.7	  0.3	0.207	0.000	0.000
196	  L	  0.8	  0.3	0.207	0.000	0.000
197	  E	  0.7	  0.3	0.207	0.000	0.000
198	  D	  0.5	  0.3	0.678	0.000	0.000
199	  L	  1.8	  0.3	0.678	0.000	0.000
200	  R	  3.2	  0.0	0.678	0.000	0.000
201	  F	  6.6	  0.0	0.678	0.000	0.000
202	  Q	  7.5	  0.0	0.471	0.000	0.000
203	  L	  6.2	  0.0	0.471	0.000	0.000
204	  Q	  2.7	  0.0	0.471	0.000	0.000
205	  P	  0.1	  0.0	0.000	0.000	0.000
206	  F	  1.4	  0.0	0.000	0.000	0.000
207	  T	  1.4	  0.1	0.151	0.000	0.000
208	  E	  1.4	  0.1	0.151	0.000	0.000
209	  E	  0.1	  0.1	0.151	0.000	0.000
210	  L	  0.5	  0.1	0.151	0.000	0.000
211	  L	  0.8	  0.1	0.151	0.000	0.000
212	  D	  0.8	  0.0	0.698	0.000	0.000
213	  H	  2.2	  0.0	0.547	0.000	0.000
214	  V	  6.8	  0.0	0.547	0.000	0.000
215	  S	  7.3	  0.0	2.994	0.000	0.000
216	  L	  5.9	  0.0	2.994	0.000	0.000
217	  K	  1.2	  0.0	3.344	0.000	0.000
218	  A	  0.5	  0.1	2.955	0.000	0.000
219	  R	  0.3	  0.1	2.955	0.000	0.000
220	  E	  0.5	  0.1	2.797	0.000	0.000
221	  L	  1.0	  0.1	2.171	0.000	0.000
222	  Q	  1.4	  0.1	1.717	0.000	0.000
223	  H	  1.7	  0.1	0.833	0.000	0.000
224	  H	  2.5	  0.1	0.143	0.000	0.000
225	  L	  2.2	  0.0	0.000	0.000	0.000
226	  L	  1.4	  0.3	0.000	0.000	0.000
227	  P	  0.1	  0.4	0.000	0.000	0.000
228	  S	  0.3	  1.6	0.173	0.000	0.000
229	  R	  0.4	  1.6	0.173	0.000	0.000
230	  D	  0.6	  1.2	0.820	0.000	0.000
231	  M	  1.4	  1.2	0.820	0.000	0.000
232	  T	  2.6	  0.0	1.552	0.000	0.000
233	  A	  2.7	  0.0	1.552	0.000	0.000
234	  Q	  2.2	  0.0	1.552	0.000	0.000
235	  L	  1.1	  0.0	1.379	0.000	0.000
236	  L	  0.7	  0.3	1.379	0.000	0.000
237	  E	  0.1	  0.3	1.220	0.000	0.000
238	  G	  0.1	  0.3	0.742	0.000	0.000
239	  V	  0.3	  0.3	0.350	0.000	0.000
240	  D	  0.3	  0.0	3.549	0.000	0.000
241	  E	  3.1	  0.0	3.549	0.000	0.000
242	  V	  4.1	  0.1	3.549	0.000	0.000
243	  Q	  4.9	  0.0	3.549	0.000	0.000
244	  R	  2.7	  0.0	3.549	0.000	0.000
245	  F	  2.3	  0.0	3.549	0.000	0.000
246	  M	  1.7	  0.2	2.157	0.000	0.000
247	  A	  1.4	  0.2	1.814	0.000	0.000
248	  H	  2.3	  0.2	1.609	0.000	0.000
249	  Y	  2.4	  0.5	1.284	0.000	0.000
250	  A	  1.9	  0.3	0.769	0.000	0.000
251	  D	  0.4	  0.3	1.690	0.000	0.000
252	  K	  4.3	  0.3	1.661	0.000	0.000
253	  I	  7.4	  0.1	1.712	0.000	0.000
254	  E	  8.6	  0.0	1.712	0.000	0.000
255	  L	  4.6	  0.0	1.712	0.000	0.000
256	  H	  1.9	  0.3	1.712	0.000	0.000
257	  R	  0.8	  0.3	1.165	0.000	0.000
258	  N	  4.1	  0.3	0.980	0.000	0.000
259	  V	  4.5	  0.3	0.000	0.000	0.000
260	  V	  4.2	  0.0	0.000	0.000	0.000
261	  P	  0.7	  0.0	0.000	0.000	0.000
262	  H	  1.1	  0.1	0.000	0.000	0.000
263	  T	  1.6	  0.1	0.000	0.000	0.000
264	  Q	  2.0	  0.1	0.000	0.000	0.000
265	  A	  1.0	  0.1	0.000	0.000	0.000
266	  S	  0.5	  0.3	0.876	0.000	0.000
267	  P	  0.1	  0.4	0.876	0.000	0.000
268	  E	  0.1	  0.4	0.876	0.000	0.000
269	  K	  0.9	  0.4	0.876	0.000	0.000
270	  L	  1.2	  0.1	0.876	0.000	0.000
271	  N	  2.5	  0.1	0.876	0.000	0.000
272	  Q	  2.2	  0.0	0.632	0.000	0.000
273	  Y	  2.5	  0.0	0.230	0.000	0.000
274	  I	  1.3	  0.0	0.000	0.000	0.000
275	  Q	  0.8	  0.1	0.000	0.000	0.000
276	  E	  0.7	  0.1	0.000	0.000	0.000
277	  L	  0.8	  0.1	0.000	0.000	0.000
278	  S	  1.0	  0.1	0.000	0.000	0.000
279	  T	  1.6	  0.1	0.000	0.000	0.000
280	  K	  3.6	  0.1	0.000	0.000	0.000
281	  L	  3.6	  0.1	0.000	0.000	0.000
282	  T	  3.3	  0.2	0.000	0.000	0.000
283	  Q	  1.2	  0.2	0.000	0.000	0.000
284	  N	  0.8	  0.9	0.000	0.000	0.000
285	  A	  0.0	  1.8	0.000	0.000	0.000
286	  G	  0.0	  1.7	0.000	0.000	0.000
287	  D	  0.1	  1.6	0.000	0.000	0.000
288	  L	  0.3	  0.9	0.000	0.000	0.000
289	  H	  0.7	  0.1	0.000	0.000	0.000
290	  Q	  0.9	  0.1	0.000	0.000	0.000
291	  K	  1.3	  0.1	0.000	0.000	0.000
292	  I	  1.4	  0.1	0.000	0.000	0.000
293	  Q	  1.3	  0.1	0.000	0.000	0.000
294	  R	  0.8	  0.2	0.000	0.000	0.000
295	  N	  0.7	  0.2	2.455	0.000	0.000
296	  L	  0.7	  0.2	2.747	0.000	0.000
297	  E	  0.6	  0.1	4.017	0.000	0.000
298	  Q	  1.1	  0.1	4.172	0.000	0.000
299	  L	  2.5	  0.1	4.172	0.000	0.000
300	  K	  3.6	  0.0	4.172	0.000	0.000
301	  L	  4.0	  0.1	3.815	0.000	0.000
302	  K	  3.1	  0.1	3.484	0.000	0.000
303	  L	  5.7	  0.0	2.272	0.000	0.000
304	  S	  4.4	  0.0	1.874	0.000	0.000
305	  L	  3.9	  0.0	0.704	0.000	0.000
306	  P	  0.1	  0.0	0.000	0.000	0.000
307	  A	  0.3	  0.0	0.000	0.944	0.944
308	  C	  2.2	  0.0	0.000	2.075	2.075
309	  F	  3.4	  0.1	0.000	3.790	3.790
310	  L	  5.1	  0.2	0.000	3.790	3.790
311	  S	  3.3	  0.2	0.000	3.790	3.790
312	  L	  2.4	  0.2	0.000	3.790	3.790
313	  A	  0.4	  0.0	0.000	2.663	2.663
314	  S	  0.3	  0.0	0.000	0.000	0.000
315	  P	  0.0	  0.2	0.000	0.000	0.000
316	  P	  0.0	  0.2	0.000	0.000	0.000
317	  L	  0.1	  0.2	0.000	0.000	0.000
318	  S	  0.6	  0.3	0.000	0.000	0.000
319	  R	  2.0	  0.1	0.000	0.000	0.000
320	  C	  2.9	  0.1	0.000	0.000	0.000
321	  V	  3.2	  0.0	0.000	0.000	0.000
322	  C	  1.8	  0.0	0.000	0.000	0.000
323	  D	  0.8	  0.0	0.000	0.000	0.000
