res	aa	Beta	Turn	Helix	Aggregation	Conc-Stab_Aggregation
01	  D	  0.0	  0.0	0.000	0.000	0.000
02	  D	  0.0	  0.6	0.000	0.000	0.000
03	  P	  0.0	  0.6	0.000	0.000	0.000
04	  Q	  0.0	  0.6	0.000	0.000	0.000
05	  S	  0.0	  0.9	0.173	0.000	0.000
06	  P	  0.0	  0.3	0.173	0.000	0.000
07	  W	  0.2	  0.3	0.173	0.000	0.000
08	  D	  0.3	  0.3	0.382	0.000	0.000
09	  R	  2.0	  0.1	0.382	0.000	0.000
10	  V	  3.4	  0.4	0.382	0.702	0.702
11	  K	  3.4	  0.3	0.382	0.840	0.840
12	  D	  1.8	  0.3	0.930	0.840	0.840
13	  F	  0.5	  0.5	0.930	60.997	60.997
14	  A	  1.1	  0.2	0.722	61.824	61.824
15	  T	  7.2	  0.2	0.722	61.824	61.824
16	  V	 12.9	  0.2	0.722	61.824	61.824
17	  Y	 13.6	  0.0	0.722	61.824	61.824
18	  V	  8.4	  0.1	0.191	56.918	56.918
19	  D	  2.2	  0.1	0.387	0.486	0.486
20	  A	  1.2	  0.1	0.387	0.486	0.486
21	  I	  0.9	  0.1	0.387	0.486	0.486
22	  K	  0.8	  0.3	0.387	0.486	0.486
23	  D	  0.3	  1.1	0.196	0.000	0.000
24	  S	  0.2	  1.5	0.196	0.000	0.000
25	  G	  0.1	  1.7	0.000	0.000	0.000
26	  R	  0.4	  1.5	0.000	0.000	0.000
27	  D	  0.7	  0.7	0.000	0.000	0.000
28	  Y	  3.3	  0.3	0.000	0.778	0.778
29	  V	  4.6	  0.0	0.000	0.778	0.778
30	  A	  4.5	  0.0	0.000	0.778	0.778
31	  Q	  9.0	  0.0	0.000	0.778	0.778
32	  F	  9.9	  0.0	0.139	0.778	0.778
33	  E	  9.7	  0.0	0.405	0.000	0.000
34	  A	  2.9	  0.1	0.405	0.000	0.000
35	  S	  0.5	  0.3	0.550	0.000	0.000
36	  A	  0.4	  0.4	0.550	0.000	0.000
37	  L	  0.2	  0.5	0.550	0.000	0.000
38	  G	  0.1	  0.6	0.550	0.000	0.000
39	  K	  0.1	  0.4	0.410	0.000	0.000
40	  H	  1.1	  0.4	0.145	0.000	0.000
41	  L	  2.8	  0.3	0.000	0.000	0.000
42	  N	  3.0	  0.2	0.793	0.000	0.000
43	  L	  3.6	  0.2	0.793	0.000	0.000
44	  K	  2.2	  0.0	0.793	0.000	0.000
45	  L	  2.3	  0.0	0.793	0.000	0.000
46	  L	  0.8	  0.3	0.793	0.000	0.000
47	  D	  0.6	  0.3	0.793	0.000	0.000
48	  N	  0.8	  0.9	0.344	0.000	0.000
49	  W	  1.3	  1.1	0.000	0.000	0.000
50	  D	  1.2	  1.1	0.000	0.000	0.000
51	  S	  0.8	  1.3	0.000	0.000	0.000
52	  L	  0.2	  1.2	0.000	0.000	0.000
53	  G	  0.2	  1.1	0.000	0.000	0.000
54	  S	  0.7	  0.8	0.000	0.000	0.000
55	  T	 20.1	  0.7	0.000	0.000	0.000
56	  F	 23.7	  0.1	0.000	0.000	0.000
57	  T	 24.7	  0.0	0.298	0.000	0.000
58	  K	  7.5	  0.0	0.298	0.000	0.000
59	  V	  3.6	  0.0	0.298	0.000	0.000
60	  R	  1.9	  0.1	0.298	0.000	0.000
61	  E	  0.5	  0.1	0.298	0.000	0.000
62	  Q	  0.1	  0.1	0.298	0.000	0.000
63	  L	  0.1	  0.1	0.140	0.000	0.000
64	  G	  0.1	  0.1	0.140	0.000	0.000
65	  P	  0.0	  0.0	0.000	0.000	0.000
66	  V	  4.1	  0.0	0.000	0.000	0.000
67	  T	  4.6	  0.1	0.000	0.000	0.000
68	  Q	  5.0	  0.1	0.000	0.000	0.000
69	  E	  1.4	  0.1	0.000	0.000	0.000
70	  F	  2.1	  0.1	0.000	0.000	0.000
71	  W	  2.0	  0.4	0.000	0.000	0.000
72	  D	  1.5	  0.5	0.155	0.000	0.000
73	  N	  0.8	  0.5	0.403	0.000	0.000
74	  L	  0.6	  0.4	0.403	0.000	0.000
75	  E	  0.8	  0.1	0.561	0.000	0.000
76	  K	  0.5	  0.1	1.185	0.000	0.000
77	  E	  0.4	  0.1	1.457	0.000	0.000
78	  T	  0.3	  0.1	9.378	0.000	0.000
79	  E	  0.1	  0.1	9.507	0.000	0.000
80	  A	  0.4	  0.0	9.507	0.000	0.000
81	  L	  0.6	  0.1	9.507	0.000	0.000
82	  R	  0.8	  0.1	9.507	0.000	0.000
83	  Q	  0.7	  0.1	9.314	0.000	0.000
84	  E	  0.8	  0.1	3.819	0.000	0.000
85	  M	  0.8	  0.1	2.117	0.000	0.000
86	  S	  1.2	  1.3	2.423	0.000	0.000
87	  K	  0.9	  1.3	2.105	0.000	0.000
88	  D	  0.7	  1.3	10.883	0.000	0.000
89	  L	  0.3	  1.3	11.627	0.000	0.000
90	  E	  0.2	  0.0	12.938	0.000	0.000
91	  E	 12.4	  0.0	13.117	0.000	0.000
92	  V	 12.9	  0.1	12.997	0.000	0.000
93	  K	 13.0	  0.0	12.997	0.000	0.000
94	  K	  0.9	  0.0	11.809	0.000	0.000
95	  K	  2.8	  0.0	10.303	0.000	0.000
96	  V	  3.1	  0.0	3.887	0.000	0.000
97	  Q	  3.0	  0.0	3.669	0.000	0.000
98	  P	  0.4	  0.0	0.000	0.000	0.000
99	  Y	  1.0	  0.1	0.000	0.000	0.000
100	  L	  1.1	  0.5	0.000	0.000	0.000
101	  D	  1.1	  0.5	0.000	0.000	0.000
102	  D	  0.8	  0.5	1.204	0.000	0.000
103	  F	  2.6	  0.6	1.204	0.000	0.000
104	  Q	  2.6	  0.2	1.204	0.000	0.000
105	  N	  2.1	  0.2	1.204	0.000	0.000
106	  K	  1.0	  0.2	1.204	0.000	0.000
107	  W	  1.6	  0.0	1.204	0.000	0.000
108	  Q	  1.6	  0.1	0.946	0.000	0.000
109	  E	  0.8	  0.1	0.187	0.000	0.000
110	  E	  0.3	  0.1	0.000	0.000	0.000
111	  M	  0.2	  0.2	0.000	0.000	0.000
112	  E	  0.5	  0.2	0.000	0.000	0.000
113	  T	 13.4	  0.2	0.794	0.000	0.000
114	  Y	 15.5	  0.2	0.794	0.000	0.000
115	  R	 15.6	  0.1	0.794	0.000	0.000
116	  Q	  3.2	  0.1	0.794	0.000	0.000
117	  K	  1.5	  0.1	0.794	0.000	0.000
118	  M	  1.3	  0.0	0.794	0.000	0.000
119	  A	  0.9	  0.4	0.378	0.000	0.000
120	  P	  0.1	  0.4	0.000	0.000	0.000
121	  L	  0.0	  0.5	0.000	0.000	0.000
122	  G	  0.0	  0.5	0.000	0.000	0.000
123	  A	  0.2	  0.1	0.000	0.000	0.000
124	  E	  1.0	  0.1	0.000	0.000	0.000
125	  F	  1.6	  0.1	0.000	0.000	0.000
126	  R	  1.5	  0.5	0.298	0.000	0.000
127	  E	  0.7	  0.7	0.298	0.000	0.000
128	  G	  0.0	  0.7	0.491	0.000	0.000
129	  A	  0.2	  0.6	0.491	0.000	0.000
130	  R	  0.6	  0.3	0.491	0.000	0.000
131	  Q	  1.2	  0.1	0.491	0.000	0.000
132	  K	  2.7	  0.1	0.491	0.000	0.000
133	  V	  3.1	  0.1	0.193	0.000	0.000
134	  Q	  2.5	  0.1	0.193	0.000	0.000
135	  E	  1.2	  0.1	0.000	0.000	0.000
136	  L	  0.5	  0.1	0.000	0.000	0.000
137	  Q	  0.6	  0.1	0.000	0.000	0.000
138	  E	  0.3	  0.1	0.000	0.000	0.000
139	  K	  1.1	  0.1	0.000	0.000	0.000
140	  L	  1.1	  0.1	0.000	0.000	0.000
141	  S	  1.1	  0.2	3.210	0.000	0.000
142	  P	  0.1	  0.2	4.810	0.000	0.000
143	  L	  0.0	  0.2	6.532	0.000	0.000
144	  A	  0.0	  0.3	10.422	0.000	0.000
145	  E	  0.0	  0.1	13.027	0.000	0.000
146	  E	  0.3	  0.1	15.622	0.000	0.000
147	  L	  0.4	  0.2	15.627	0.000	0.000
148	  R	  0.4	  0.2	16.105	0.000	0.000
149	  D	  0.2	  0.2	16.326	0.000	0.000
150	  R	  0.6	  0.2	16.326	0.000	0.000
151	  L	  1.0	  0.1	16.326	0.000	0.000
152	  R	  1.1	  0.1	15.698	0.000	0.000
153	  A	  0.8	  0.0	13.367	0.000	0.000
154	  H	  1.4	  0.0	10.323	0.000	0.000
155	  R	  1.3	  0.0	3.280	0.000	0.000
156	  R	  1.2	  0.0	1.347	0.000	0.000
157	  P	  0.1	  0.0	0.000	0.000	0.000
158	  A	  0.0	  0.0	0.000	0.000	0.000
159	  P	  0.0	  0.3	0.000	0.000	0.000
160	  A	  0.1	  1.0	0.000	0.000	0.000
161	  H	  0.3	  1.0	0.000	0.000	0.000
162	  G	  0.3	  1.0	0.000	0.000	0.000
163	  R	  0.2	  0.6	0.000	0.000	0.000
164	  P	  0.0	  0.0	0.000	0.000	0.000
165	  L	  0.3	  0.1	0.000	0.000	0.000
166	  R	  0.3	  0.2	0.000	0.000	0.000
167	  G	  0.3	  0.5	0.000	0.000	0.000
168	  A	  0.1	  0.7	0.000	0.000	0.000
169	  Q	  0.0	  1.2	0.000	0.000	0.000
170	  G	  0.0	  1.3	0.000	0.000	0.000
171	  G	  0.0	  1.0	0.000	0.000	0.000
172	  R	  1.1	  0.8	0.000	0.000	0.000
173	  R	  1.2	  0.2	0.000	0.000	0.000
174	  Q	  1.2	  1.4	0.000	0.000	0.000
175	  P	  0.1	  1.4	0.000	0.000	0.000
176	  G	  0.0	  1.4	0.000	0.000	0.000
177	  R	  0.3	  1.4	0.000	0.000	0.000
178	  V	  0.3	  1.0	0.000	0.000	0.000
179	  P	  0.3	  1.1	0.000	0.000	0.000
180	  G	  0.0	  1.1	0.000	0.000	0.000
181	  Q	  0.0	  1.2	0.000	0.000	0.000
182	  G	  0.0	  2.0	0.000	0.000	0.000
183	  P	  0.0	  2.0	0.000	0.000	0.000
184	  G	  0.1	  2.0	0.000	0.000	0.000
185	  A	  0.1	  1.9	0.000	0.000	0.000
186	  A	  0.1	  0.2	0.000	0.000	0.000
187	  E	  0.1	  0.2	0.000	0.000	0.000
188	  S	  0.3	  0.9	0.242	0.000	0.000
189	  A	  0.2	  1.0	0.242	0.000	0.000
190	  G	  0.2	  1.1	0.242	0.000	0.000
191	  R	  0.0	  1.6	0.242	0.000	0.000
192	  E	  0.0	  0.9	0.242	0.000	0.000
193	  G	  0.1	  0.9	0.242	0.000	0.000
194	  Q	  0.1	  0.9	0.242	0.000	0.000
195	  A	  0.1	  0.7	0.000	0.000	0.000
196	  G	  0.0	  0.9	0.000	0.000	0.000
197	  A	  0.0	  0.9	0.000	0.000	0.000
198	  G	  0.0	  0.6	0.000	0.000	0.000
199	  G	  0.0	  0.3	0.000	0.000	0.000
200	  P	  0.0	  0.0	0.000	0.000	0.000
201	  P	  0.0	  0.0	0.000	0.000	0.000
202	  P	  0.0	  0.0	0.000	0.000	0.000
203	  G	  0.0	  0.0	0.669	0.000	0.000
204	  P	  0.0	  0.0	0.669	0.000	0.000
205	  A	  0.1	  0.0	0.669	0.000	0.000
206	  A	  0.2	  0.1	0.669	0.000	0.000
207	  R	  0.2	  0.4	0.669	0.000	0.000
208	  A	  0.2	  0.4	0.669	0.000	0.000
209	  G	  0.1	  0.4	0.426	0.000	0.000
210	  E	  0.0	  0.7	0.174	0.000	0.000
211	  P	  0.0	  0.8	0.000	0.000	0.000
212	  Q	  0.0	  0.8	0.000	0.000	0.000
213	  G	  0.0	  0.8	0.000	0.000	0.000
214	  Q	  0.1	  0.5	0.000	0.000	0.000
215	  H	  0.1	  3.7	0.000	0.000	0.000
216	  P	  0.1	  3.9	0.000	0.000	0.000
217	  G	  0.0	  3.9	0.000	0.000	0.000
218	  R	  0.6	  4.0	0.000	0.000	0.000
219	  H	  1.2	  0.5	0.000	0.000	0.000
220	  R	  1.3	  0.4	0.000	0.000	0.000
221	  R	  0.9	  0.3	0.000	0.000	0.000
222	  G	  0.3	  0.3	0.000	0.000	0.000
223	  L	  0.2	  0.1	0.000	0.000	0.000
224	  Q	  0.1	  0.1	0.000	0.000	0.000
225	  E	  0.1	  0.1	0.000	0.000	0.000
226	  A	  0.2	  0.1	0.000	0.000	0.000
227	  E	  0.2	  0.0	0.000	0.000	0.000
228	  R	  0.2	  0.0	0.000	0.000	0.000
229	  P	  0.1	  0.0	0.000	0.000	0.000
230	  V	  3.0	  0.0	0.000	0.000	0.000
231	  R	  3.0	  0.0	0.000	0.000	0.000
232	  R	  3.0	  0.0	0.000	0.000	0.000
233	  P	  0.0	  0.0	0.000	0.000	0.000
234	  P	  0.0	  0.0	0.000	0.000	0.000
235	  P	  0.0	  0.0	0.000	0.000	0.000
236	  A	  0.0	  0.0	0.000	0.000	0.000
237	  L	  0.1	  0.0	0.000	0.000	0.000
238	  P	  0.1	  0.0	0.000	0.000	0.000
239	  S	  0.1	  2.0	0.206	0.000	0.000
240	  P	  0.0	  2.0	0.206	0.000	0.000
241	  S	  3.9	  2.0	0.362	0.000	0.000
242	  V	  7.9	  2.1	0.362	0.000	0.000
243	  R	  8.3	  0.0	0.362	0.000	0.000
244	  L	  4.6	  0.0	0.362	0.000	0.000
245	  L	  0.8	  0.1	0.362	0.000	0.000
246	  G	  0.3	  0.1	0.362	0.000	0.000
247	  I	  1.0	  0.1	0.000	0.000	0.000
248	  S	  1.9	  2.5	0.000	0.000	0.000
249	  S	  1.8	  2.7	0.000	0.000	0.000
250	  S	  1.1	  3.3	0.000	0.000	0.000
251	  G	  0.1	  3.8	0.000	0.000	0.000
252	  A	  0.0	  1.6	0.000	0.000	0.000
253	  G	  0.0	  1.3	0.000	0.000	0.000
254	  R	  0.0	  0.7	0.000	0.000	0.000
255	  L	  0.0	  0.2	0.000	0.000	0.000
