res	aa	Beta	Turn	Helix	Aggregation	Conc-Stab_Aggregation
01	  P	  0.0	  0.4	0.000	0.000	0.000
02	  P	  0.0	  0.5	0.000	0.000	0.000
03	  S	  0.0	  0.6	0.300	0.000	0.000
04	  E	  0.2	  0.6	0.300	0.000	0.000
05	  L	  0.6	  0.3	0.300	0.000	0.000
06	  E	  1.1	  0.2	0.300	0.000	0.000
07	  H	  4.3	  0.2	0.300	0.000	0.000
08	  F	  6.0	  0.3	0.300	0.000	0.000
09	  R	  5.7	  0.1	0.000	0.000	0.000
10	  S	  2.5	  0.1	0.000	0.000	0.000
11	  A	  0.7	  0.1	0.000	0.783	0.783
12	  L	  2.5	  0.0	0.000	2.306	2.306
13	  S	  2.7	  0.0	0.000	2.306	2.306
14	  M	  3.5	  0.0	0.000	2.306	2.306
15	  Y	  2.5	  0.1	0.000	2.306	2.306
16	  L	  2.1	  0.1	0.307	2.053	2.053
17	  D	  1.1	  0.2	2.698	0.000	0.000
18	  R	  0.1	  0.2	2.863	0.000	0.000
19	  A	  0.2	  0.1	2.863	0.000	0.000
20	  K	  0.3	  0.2	2.863	0.000	0.000
21	  E	  0.4	  0.1	2.863	0.000	0.000
22	  R	  0.5	  0.1	2.696	0.000	0.000
23	  A	  0.4	  0.1	1.660	0.000	0.000
24	  H	  0.4	  0.1	1.175	0.000	0.000
25	  S	  0.4	  0.1	0.172	0.000	0.000
26	  A	  0.4	  0.1	0.000	0.110	0.110
27	  L	  0.3	  0.1	0.000	0.110	0.110
28	  A	  0.5	  0.0	0.000	0.110	0.110
29	  T	  1.6	  0.1	0.000	0.110	0.110
30	  L	  1.6	  0.2	0.000	0.110	0.110
31	  D	  1.2	  0.2	15.891	0.000	0.000
32	  D	  0.1	  0.2	28.578	0.000	0.000
33	  A	  0.1	  0.1	29.022	0.000	0.000
34	  E	  2.4	  0.0	30.600	0.000	0.000
35	  Y	  2.9	  0.1	31.642	0.000	0.000
36	  K	  2.9	  0.1	31.642	0.000	0.000
37	  E	  1.6	  0.1	31.625	0.000	0.000
38	  L	  1.1	  0.2	31.096	0.000	0.000
39	  K	  1.1	  0.2	30.838	0.000	0.000
40	  D	  0.1	  0.2	29.903	0.000	0.000
41	  R	  0.1	  0.2	29.317	0.000	0.000
42	  L	  0.1	  0.1	28.687	0.000	0.000
43	  A	  0.2	  0.1	27.329	0.000	0.000
44	  Q	  0.6	  0.0	24.014	0.000	0.000
45	  R	  4.7	  0.0	10.821	0.000	0.000
46	  V	  4.9	  0.1	2.190	0.000	0.000
47	  D	  4.5	  0.1	1.903	0.000	0.000
48	  D	  0.7	  0.1	0.682	0.000	0.000
49	  I	  0.7	  0.1	0.093	0.000	0.000
50	  H	  0.8	  0.1	0.093	0.000	0.000
51	  S	  0.9	  0.1	0.000	0.000	0.000
52	  Q	  2.5	  0.1	0.000	0.000	0.000
53	  I	  4.0	  0.1	0.000	0.000	0.000
54	  K	  3.9	  0.0	0.000	0.000	0.000
55	  T	  4.5	  0.0	0.000	0.000	0.000
56	  L	  2.8	  0.3	0.000	0.000	0.000
57	  Q	  2.6	  0.3	0.000	0.000	0.000
58	  G	  0.1	  0.3	0.000	0.000	0.000
59	  S	 18.3	  0.3	0.000	0.000	0.000
60	  V	 18.6	  0.1	0.000	0.000	0.000
61	  S	 18.6	  0.0	0.000	0.000	0.000
62	  P	  0.4	  0.0	0.000	0.000	0.000
63	  I	  0.5	  0.0	0.000	0.000	0.000
64	  T	  1.1	  0.1	0.000	0.000	0.000
65	  D	  1.3	  0.1	0.000	0.000	0.000
66	  S	  1.7	  0.1	0.000	0.000	0.000
67	  V	  5.4	  0.1	0.000	0.937	0.937
68	  V	  6.1	  0.0	0.000	0.937	0.937
69	  S	  5.7	  0.0	0.000	0.937	0.937
70	  T	 14.6	  0.0	0.000	0.937	0.937
71	  I	 13.7	  0.1	0.000	0.937	0.937
72	  S	 13.3	  0.1	0.184	0.000	0.000
73	  D	  0.1	  0.4	0.184	0.000	0.000
74	  A	  0.2	  0.4	0.184	0.000	0.000
75	  T	  0.4	  0.3	0.184	0.000	0.000
76	  S	  0.4	  0.4	0.184	0.000	0.000
77	  E	  0.5	  0.2	0.184	0.000	0.000
78	  L	  0.5	  0.2	0.000	0.000	0.000
79	  R	  0.7	  0.1	0.000	0.000	0.000
80	  T	  0.8	  0.1	0.000	0.000	0.000
81	  S	  1.1	  0.1	0.000	0.000	0.000
82	  I	  1.1	  0.1	0.000	0.000	0.000
83	  Q	  0.8	  0.1	0.000	0.000	0.000
84	  T	  0.8	  0.1	0.000	0.000	0.000
85	  D	  1.0	  0.1	0.375	0.000	0.000
86	  F	  1.4	  0.2	0.375	0.000	0.000
87	  K	  1.2	  0.2	0.375	0.000	0.000
88	  T	  3.8	  0.2	0.504	0.000	0.000
89	  L	  3.5	  0.3	0.504	0.000	0.000
90	  Q	  3.4	  0.2	0.504	0.000	0.000
91	  D	  0.3	  0.4	2.410	0.000	0.000
92	  E	  0.1	  0.4	2.410	0.000	0.000
93	  T	  0.4	  0.3	8.123	0.000	0.000
94	  A	  0.5	  0.2	8.123	0.000	0.000
95	  A	  0.5	  0.0	8.123	0.000	0.000
96	  Q	  0.5	  0.1	8.123	0.000	0.000
97	  R	  0.4	  0.1	7.548	0.000	0.000
98	  E	  0.4	  0.1	7.185	0.000	0.000
99	  K	  0.8	  0.1	6.277	0.000	0.000
100	  L	  1.2	  0.1	5.170	0.000	0.000
101	  R	  1.5	  0.0	4.399	0.000	0.000
102	  A	  1.5	  0.0	3.463	0.000	0.000
103	  V	  5.3	  0.0	2.474	0.000	0.000
104	  V	  6.4	  0.0	2.338	0.000	0.000
105	  E	  5.9	  0.1	2.338	0.000	0.000
106	  Q	  2.1	  0.1	1.920	0.000	0.000
107	  H	  1.6	  0.1	0.439	0.000	0.000
108	  L	  1.2	  0.2	0.000	0.000	0.000
109	  S	  0.9	  0.1	0.214	0.000	0.000
110	  E	  0.9	  0.1	0.214	0.000	0.000
111	  Y	  1.5	  0.2	0.214	0.000	0.000
112	  R	  1.8	  0.1	0.214	0.000	0.000
113	  T	  1.9	  0.1	0.214	0.000	0.000
114	  L	  1.7	  0.1	0.214	0.000	0.000
115	  L	  1.4	  0.0	0.214	0.000	0.000
116	  Q	  0.5	  0.0	0.214	0.000	0.000
117	  P	  0.1	  0.0	0.000	0.000	0.000
118	  I	  3.3	  0.0	0.000	0.000	0.000
119	  V	  3.7	  0.1	0.000	0.000	0.000
120	  S	  3.8	  0.1	1.567	0.000	0.000
121	  E	  2.0	  0.1	2.130	0.000	0.000
122	  Y	  4.2	  0.1	2.130	0.000	0.000
123	  Q	  4.3	  0.0	2.130	0.000	0.000
124	  A	  3.0	  0.1	2.130	0.000	0.000
125	  K	  0.7	  0.1	2.130	0.000	0.000
126	  H	  0.8	  0.2	2.481	0.000	0.000
127	  K	  0.9	  0.2	1.279	0.000	0.000
128	  E	  0.6	  0.1	0.727	0.000	0.000
129	  E	  1.1	  0.1	1.355	0.000	0.000
130	  M	  1.2	  0.1	2.083	0.000	0.000
131	  D	  1.2	  0.2	7.276	0.000	0.000
132	  A	  0.5	  0.2	7.406	0.000	0.000
133	  L	  1.7	  0.2	7.406	0.000	0.000
134	  K	  2.8	  0.2	7.406	0.000	0.000
135	  L	  4.0	  0.1	7.045	0.000	0.000
136	  K	  3.8	  0.1	6.434	0.000	0.000
137	  L	  2.7	  0.0	3.231	0.000	0.000
138	  D	  1.3	  0.0	3.791	0.000	0.000
139	  P	  0.1	  0.0	1.378	0.000	0.000
140	  V	  1.7	  0.0	2.119	0.000	0.000
141	  M	  1.7	  0.1	2.277	0.000	0.000
142	  E	  1.8	  0.1	2.750	0.000	0.000
143	  E	  1.4	  0.1	2.750	0.000	0.000
144	  L	  1.6	  0.1	2.750	0.000	0.000
145	  H	  1.8	  0.1	2.750	0.000	0.000
146	  K	  0.6	  0.1	2.585	0.000	0.000
147	  K	  1.6	  0.1	2.161	0.000	0.000
148	  I	  4.7	  0.1	0.975	11.893	11.893
149	  A	  4.8	  0.0	0.975	11.893	11.893
150	  V	 16.4	  0.0	0.677	11.893	11.893
151	  N	 17.0	  0.0	0.677	11.893	11.893
152	  V	 17.2	  0.0	0.000	11.893	11.893
153	  E	  5.5	  0.1	0.000	0.000	0.000
154	  E	  1.0	  0.1	0.000	0.000	0.000
155	  T	  0.6	  0.5	0.000	0.000	0.000
156	  K	  0.6	  0.6	0.000	0.000	0.000
157	  G	  0.1	  0.5	0.000	0.000	0.000
158	  A	  0.7	  0.5	0.000	0.000	0.000
159	  L	  0.8	  0.1	0.000	0.000	0.000
160	  M	  0.8	  0.0	0.000	0.000	0.000
161	  P	  0.1	  0.0	0.000	0.000	0.000
162	  I	  3.2	  0.0	0.000	0.000	0.000
163	  V	  4.4	  0.0	0.000	0.000	0.000
164	  E	  4.5	  0.0	0.000	0.000	0.000
165	  K	  3.4	  0.0	0.000	0.000	0.000
166	  V	  3.9	  0.0	0.000	0.000	0.000
167	  H	  4.9	  0.0	0.000	0.000	0.000
168	  T	  3.9	  0.1	0.578	0.000	0.000
169	  K	  2.4	  0.1	0.578	0.000	0.000
170	  L	  1.4	  0.2	0.578	0.000	0.000
171	  A	  0.5	  0.2	0.578	0.000	0.000
172	  E	  0.3	  0.2	0.578	0.000	0.000
173	  Y	  2.5	  0.2	0.578	0.000	0.000
174	  V	  3.7	  0.0	0.144	0.000	0.000
175	  E	  3.6	  0.0	0.144	0.000	0.000
176	  Q	  3.2	  0.0	0.144	0.000	0.000
177	  I	  3.5	  0.0	0.144	0.000	0.000
178	  K	  3.7	  0.0	0.144	0.000	0.000
179	  A	  2.7	  0.0	0.000	0.000	0.000
180	  V	  6.2	  0.0	0.000	0.000	0.000
181	  V	  6.6	  0.0	0.000	0.000	0.000
182	  T	  5.8	  0.0	0.000	0.000	0.000
183	  P	  0.7	  0.0	0.000	0.000	0.000
184	  Y	  1.8	  0.0	0.000	0.000	0.000
185	  V	  2.1	  0.1	0.000	0.000	0.000
186	  N	  2.2	  0.1	0.000	0.000	0.000
187	  E	  3.8	  0.1	0.000	0.000	0.000
188	  Y	  4.4	  0.1	0.000	0.000	0.000
189	  K	  4.5	  0.1	0.000	0.000	0.000
190	  E	  1.1	  0.1	0.000	0.000	0.000
191	  E	  0.5	  0.1	0.000	0.000	0.000
192	  L	  0.5	  0.2	0.000	0.000	0.000
193	  R	  0.6	  0.2	0.000	0.000	0.000
194	  D	  2.2	  0.2	0.000	0.000	0.000
195	  T	  4.6	  0.2	0.904	0.000	0.000
196	  Y	  5.9	  0.0	0.904	0.000	0.000
197	  I	  5.4	  0.0	0.904	0.000	0.000
198	  R	  3.0	  0.0	0.904	0.000	0.000
199	  A	  1.8	  0.0	0.904	0.000	0.000
200	  M	  2.8	  0.0	0.904	0.000	0.000
201	  S	  8.0	  0.3	0.519	0.000	0.000
202	  L	  7.8	  0.4	0.151	0.000	0.000
203	  S	  6.0	  1.7	4.119	0.000	0.000
204	  R	  0.5	  1.9	3.968	0.000	0.000
205	  D	  0.3	  1.8	5.216	0.000	0.000
206	  D	  0.2	  3.0	7.252	0.000	0.000
207	  L	  0.4	  1.7	7.584	0.000	0.000
208	  D	  0.4	  1.4	8.285	0.000	0.000
209	  A	  0.5	  1.3	7.909	0.000	0.000
210	  M	  1.0	  0.1	7.709	0.000	0.000
211	  R	  1.3	  0.1	6.689	0.000	0.000
212	  S	  1.4	  0.1	5.221	0.000	0.000
213	  K	  3.1	  0.1	3.376	0.000	0.000
214	  I	  3.1	  0.0	0.279	0.000	0.000
215	  D	  2.7	  0.0	0.402	0.000	0.000
216	  P	  0.2	  0.0	0.124	0.000	0.000
217	  I	  2.8	  0.0	0.124	1.188	1.188
218	  V	 21.5	  0.0	0.124	1.470	1.470
219	  E	 22.0	  0.0	0.124	1.470	1.470
220	  V	 21.8	  0.0	0.124	1.470	1.470
221	  I	  3.6	  0.0	0.124	1.470	1.470
222	  K	  3.3	  0.1	0.124	1.470	1.470
223	  E	  1.1	  0.1	0.000	0.000	0.000
224	  K	  0.8	  0.1	0.000	0.000	0.000
225	  V	  0.7	  0.1	0.000	0.000	0.000
226	  G	  0.6	  0.1	0.000	0.000	0.000
227	  E	  0.2	  0.1	0.000	0.000	0.000
228	  I	  0.2	  0.1	0.000	0.000	0.000
229	  G	  0.2	  0.0	0.000	0.000	0.000
230	  Q	  1.9	  0.0	0.000	0.000	0.000
231	  I	  4.2	  0.0	0.000	0.479	0.479
232	  V	  5.1	  0.0	0.000	0.479	0.479
233	  S	  3.7	  0.1	0.000	0.479	0.479
234	  S	  1.9	  0.1	0.000	0.479	0.479
235	  T	 30.7	  0.1	0.000	0.479	0.479
236	  F	 32.3	  0.1	0.000	0.479	0.479
237	  S	 33.6	  0.0	0.000	0.200	0.200
238	  K	  4.7	  0.0	0.000	0.000	0.000
239	  S	  2.0	  0.0	0.000	0.000	0.000
