res	aa	Beta	Turn	Helix	Aggregation	Conc-Stab_Aggregation
01	  D	  0.0	  0.0	0.000	0.000	0.000
02	  D	  0.0	  0.5	0.000	0.000	0.000
03	  P	  0.0	  0.5	0.000	0.000	0.000
04	  Q	  0.0	  0.5	0.000	0.000	0.000
05	  T	  0.0	  0.7	1.061	0.000	0.000
06	  P	  0.0	  0.2	1.061	0.000	0.000
07	  L	  0.0	  0.2	1.061	0.000	0.000
08	  D	  0.0	  0.3	1.747	0.000	0.000
09	  R	  0.4	  0.1	1.747	0.000	0.000
10	  L	  0.6	  0.3	1.747	0.000	0.000
11	  K	  0.6	  0.3	1.346	0.000	0.000
12	  D	  0.4	  0.2	1.265	0.000	0.000
13	  M	  0.6	  0.2	1.082	5.573	5.573
14	  V	  5.2	  0.0	0.790	6.351	6.351
15	  Q	  6.2	  0.0	0.790	6.351	6.351
16	  V	  9.0	  0.0	0.390	6.351	6.351
17	  Y	  5.1	  0.0	0.390	6.351	6.351
18	  L	  3.8	  0.0	0.254	5.433	5.433
19	  E	  0.7	  0.0	0.388	0.000	0.000
20	  T	 16.2	  0.0	0.273	0.000	0.000
21	  V	 18.2	  0.1	0.273	0.000	0.000
22	  K	 18.3	  0.3	0.273	0.000	0.000
23	  A	  2.6	  0.6	0.135	0.000	0.000
24	  S	  0.3	  0.7	0.135	0.000	0.000
25	  G	  0.1	  0.8	0.000	0.000	0.000
26	  K	  0.2	  0.5	0.000	0.000	0.000
27	  E	  0.2	  0.2	0.000	0.000	0.000
28	  A	  0.6	  0.1	0.000	0.000	0.000
29	  I	  5.0	  0.0	0.000	0.000	0.000
30	  T	  7.5	  0.0	0.000	0.000	0.000
31	  Q	 14.1	  0.0	0.000	0.000	0.000
32	  F	 10.2	  0.1	0.000	0.000	0.000
33	  E	  7.7	  0.1	0.000	0.000	0.000
34	  T	  1.0	  0.1	0.000	0.000	0.000
35	  S	  0.9	  0.1	0.000	0.000	0.000
36	  A	  0.9	  0.2	0.000	0.000	0.000
37	  V	  0.5	  0.3	0.000	0.000	0.000
38	  G	  0.2	  0.4	0.000	0.000	0.000
39	  K	  0.3	  0.4	0.000	0.000	0.000
40	  Q	  1.0	  0.2	0.000	0.000	0.000
41	  L	  2.1	  0.1	0.000	0.000	0.000
42	  D	  2.2	  0.1	0.000	0.000	0.000
43	  L	  2.9	  0.1	0.000	0.000	0.000
44	  K	  2.3	  0.1	0.000	0.000	0.000
45	  L	  2.2	  0.3	0.000	0.000	0.000
46	  S	  0.6	  1.3	0.000	0.000	0.000
47	  D	  0.1	  1.3	0.000	0.000	0.000
48	  N	  0.3	  2.2	0.000	0.000	0.000
49	  L	  0.6	  2.0	0.000	0.000	0.000
50	  D	  0.7	  1.1	0.225	0.000	0.000
51	  S	  2.2	  1.2	0.225	0.000	0.000
52	  L	  2.0	  0.4	0.225	0.000	0.000
53	  T	  2.1	  0.4	0.388	0.000	0.000
54	  G	  0.3	  0.4	1.015	0.000	0.000
55	  A	  0.2	  0.2	1.015	0.000	0.000
56	  A	  0.3	  0.2	0.790	0.000	0.000
57	  Q	  0.6	  0.1	0.790	0.000	0.000
58	  K	  1.1	  0.1	0.790	0.000	0.000
59	  L	  1.1	  0.1	0.627	0.000	0.000
60	  Q	  0.7	  0.3	0.441	0.000	0.000
61	  E	  0.1	  0.3	0.278	0.000	0.000
62	  D	  0.6	  0.3	0.450	0.000	0.000
63	  Y	  1.3	  0.3	0.304	0.000	0.000
64	  K	  1.5	  0.0	0.304	0.000	0.000
65	  E	  1.2	  0.0	0.172	0.000	0.000
66	  T	  8.7	  0.0	0.421	0.000	0.000
67	  W	  9.8	  0.0	0.421	0.000	0.000
68	  E	  9.8	  0.0	0.421	0.000	0.000
69	  L	  2.1	  0.0	0.421	0.000	0.000
70	  W	  1.7	  0.0	0.421	0.000	0.000
71	  V	  2.9	  0.1	0.421	0.000	0.000
72	  K	  2.7	  0.1	1.123	0.000	0.000
73	  D	  1.8	  0.1	4.178	0.000	0.000
74	  T	  0.5	  0.2	16.577	0.000	0.000
75	  E	  0.2	  0.1	16.746	0.000	0.000
76	  A	  0.3	  0.1	16.746	0.000	0.000
77	  L	  0.3	  0.1	16.746	0.000	0.000
78	  K	  0.5	  0.1	16.746	0.000	0.000
79	  K	  0.4	  0.1	16.059	0.000	0.000
80	  E	  0.9	  0.1	10.435	0.000	0.000
81	  L	  1.1	  0.1	7.123	0.000	0.000
82	  T	  1.7	  0.1	6.031	0.000	0.000
83	  K	  1.2	  0.1	5.860	0.000	0.000
84	  E	  1.0	  0.1	2.951	0.000	0.000
85	  M	  0.3	  0.1	2.446	0.000	0.000
86	  E	  0.2	  0.0	2.571	0.000	0.000
87	  E	 14.3	  0.0	2.583	0.000	0.000
88	  V	 16.2	  0.1	2.460	0.000	0.000
89	  K	 16.5	  0.0	2.460	0.000	0.000
90	  Q	  2.7	  0.0	1.867	0.000	0.000
91	  K	  1.6	  0.0	1.585	0.000	0.000
92	  I	  1.4	  0.0	0.590	0.000	0.000
93	  Q	  1.2	  0.0	0.590	0.000	0.000
94	  P	  0.1	  0.0	0.000	0.000	0.000
95	  F	  0.8	  0.0	0.000	0.000	0.000
96	  L	  0.8	  0.1	0.000	0.000	0.000
97	  E	  1.0	  0.1	0.000	0.000	0.000
98	  Q	  3.6	  0.1	0.000	0.000	0.000
99	  F	  5.0	  0.1	0.000	0.000	0.000
100	  Y	  5.3	  0.0	0.000	0.000	0.000
101	  K	  2.0	  0.0	0.000	0.000	0.000
102	  K	  2.9	  0.0	0.000	0.000	0.000
103	  W	  3.2	  0.0	0.000	0.000	0.000
104	  T	  3.2	  0.1	0.424	0.000	0.000
105	  E	  0.8	  0.1	0.424	0.000	0.000
106	  E	  0.2	  0.1	0.735	0.000	0.000
107	  L	  1.7	  0.1	1.256	0.000	0.000
108	  E	  2.3	  0.0	1.256	0.000	0.000
109	  I	  3.7	  0.0	1.256	0.000	0.000
110	  Y	  4.6	  0.1	1.256	0.000	0.000
111	  R	  4.3	  0.1	1.084	0.000	0.000
112	  Q	  3.1	  0.1	1.084	0.000	0.000
113	  K	  1.6	  0.1	0.136	0.000	0.000
114	  L	  1.3	  0.1	0.000	0.000	0.000
115	  A	  0.9	  0.0	0.000	0.000	0.000
116	  P	  0.1	  0.0	0.000	0.000	0.000
117	  I	  0.1	  0.1	0.000	0.000	0.000
118	  G	  0.1	  0.2	1.217	0.000	0.000
119	  E	  0.1	  0.3	1.379	0.000	0.000
120	  E	  1.5	  0.3	1.498	0.000	0.000
121	  L	  1.5	  0.2	1.498	0.000	0.000
122	  K	  1.6	  0.1	1.743	0.000	0.000
123	  E	  1.0	  0.0	1.743	0.000	0.000
124	  M	  1.5	  0.1	1.461	0.000	0.000
125	  T	  2.6	  0.1	1.001	0.000	0.000
126	  K	  2.0	  0.1	1.001	0.000	0.000
127	  Q	  2.0	  0.1	0.848	0.000	0.000
128	  K	  7.8	  0.1	0.151	0.000	0.000
129	  V	 25.1	  0.0	0.151	0.000	0.000
130	  E	 25.0	  0.0	0.151	0.000	0.000
131	  V	 21.0	  0.0	0.151	0.000	0.000
132	  L	  2.7	  0.0	0.151	0.000	0.000
133	  Q	  2.4	  0.1	0.151	0.000	0.000
134	  Q	  0.8	  0.1	0.151	0.000	0.000
135	  K	  4.1	  0.1	0.000	0.000	0.000
136	  L	  4.0	  0.0	0.000	0.000	0.000
137	  T	  3.7	  0.0	0.000	0.000	0.000
138	  P	  0.2	  0.0	0.000	0.000	0.000
139	  V	  0.8	  0.0	0.335	0.000	0.000
140	  A	  0.8	  0.1	1.554	0.000	0.000
141	  E	  0.8	  0.1	2.896	0.000	0.000
142	  E	  0.1	  0.1	3.789	0.000	0.000
143	  A	  0.1	  0.3	3.789	0.000	0.000
144	  R	  0.1	  0.2	3.789	0.000	0.000
145	  D	  0.1	  0.3	3.789	0.000	0.000
146	  R	  0.7	  0.3	3.789	0.000	0.000
147	  L	  0.9	  0.3	3.789	0.000	0.000
148	  R	  1.0	  0.2	2.900	0.000	0.000
149	  G	  0.3	  0.2	2.134	0.000	0.000
150	  H	  1.5	  0.2	1.127	0.000	0.000
151	  V	  1.6	  0.0	1.385	0.000	0.000
152	  D	  1.6	  0.1	10.924	0.000	0.000
153	  E	  0.4	  0.1	10.924	0.000	0.000
154	  L	  0.5	  0.2	10.924	0.000	0.000
155	  R	  1.1	  0.3	10.924	0.000	0.000
156	  K	  0.9	  0.2	10.924	0.000	0.000
157	  N	  1.2	  0.2	10.616	0.000	0.000
158	  L	  0.8	  0.2	2.781	0.000	0.000
159	  T	  0.7	  0.1	1.107	0.000	0.000
160	  P	  0.2	  0.1	0.000	0.000	0.000
161	  Y	  0.3	  0.3	0.000	0.000	0.000
162	  S	  0.3	  0.3	11.363	0.000	0.000
163	  D	  0.3	  0.3	18.279	0.000	0.000
164	  E	  0.2	  0.3	20.013	0.000	0.000
165	  L	  0.5	  0.2	20.013	0.000	0.000
166	  R	  0.8	  0.2	20.013	0.000	0.000
167	  Q	  0.8	  0.1	20.013	0.000	0.000
168	  K	  2.3	  0.1	18.487	0.000	0.000
169	  L	  2.3	  0.1	15.877	0.000	0.000
170	  T	  3.7	  0.1	14.914	0.000	0.000
171	  Q	  2.3	  0.1	14.777	0.000	0.000
172	  K	  2.5	  0.1	11.533	0.000	0.000
173	  L	  0.9	  0.1	8.132	0.000	0.000
174	  Q	  0.7	  0.0	7.857	0.000	0.000
175	  E	  1.2	  0.0	6.710	0.000	0.000
176	  I	  1.5	  0.0	6.047	0.000	0.000
177	  R	  1.5	  0.2	6.047	0.000	0.000
178	  E	  0.4	  0.5	4.404	0.000	0.000
179	  K	  0.1	  0.5	3.837	0.000	0.000
180	  G	  0.1	  0.5	1.849	0.000	0.000
181	  I	  0.1	  0.3	0.000	0.000	0.000
182	  P	  0.0	  0.0	0.000	0.000	0.000
183	  Q	  0.1	  0.0	0.000	0.000	0.000
184	  A	  0.1	  0.0	0.000	0.000	0.000
185	  A	  0.2	  0.0	0.000	0.000	0.000
186	  E	  1.7	  0.0	0.000	0.000	0.000
187	  Y	  4.4	  0.0	0.000	0.000	0.000
188	  Q	  4.5	  0.0	0.000	0.000	0.000
189	  A	  3.3	  0.0	0.000	0.000	0.000
190	  K	  3.2	  0.0	0.000	0.000	0.000
191	  V	  5.2	  0.0	0.000	0.000	0.000
192	  I	  5.1	  0.0	0.000	0.000	0.000
193	  Q	  2.9	  0.0	0.000	0.000	0.000
194	  H	  1.3	  0.0	0.000	0.000	0.000
195	  L	  1.9	  0.0	0.000	0.000	0.000
196	  T	  2.5	  0.0	0.000	0.000	0.000
197	  A	  2.3	  0.0	0.000	0.000	0.000
198	  F	  2.0	  0.1	0.000	0.000	0.000
199	  R	  1.1	  0.1	0.000	0.000	0.000
200	  E	  0.8	  0.1	0.000	0.000	0.000
201	  K	  9.8	  0.1	0.000	0.000	0.000
202	  V	 10.4	  0.0	0.000	0.000	0.000
203	  T	 10.3	  0.0	0.000	0.000	0.000
204	  P	  0.7	  0.0	0.000	0.000	0.000
205	  L	  0.2	  0.0	0.000	0.000	0.000
206	  M	  0.5	  0.5	0.000	0.000	0.000
207	  Q	  1.1	  0.5	0.000	0.000	0.000
208	  D	  1.4	  0.5	0.159	0.000	0.000
209	  F	  1.9	  0.5	0.159	0.000	0.000
210	  K	  1.5	  0.1	0.159	0.000	0.000
211	  E	  1.1	  0.1	0.159	0.000	0.000
212	  R	  1.6	  0.1	0.159	0.000	0.000
213	  L	  1.5	  0.1	0.159	0.000	0.000
214	  T	  1.5	  0.2	0.000	0.000	0.000
215	  P	  0.2	  0.2	0.000	0.000	0.000
216	  Y	  0.4	  0.4	0.000	0.000	0.000
217	  A	  0.4	  0.6	0.000	0.000	0.000
218	  E	  0.4	  0.4	0.000	0.000	0.000
219	  G	  0.0	  0.4	3.005	0.000	0.000
220	  L	  0.2	  0.3	3.005	0.000	0.000
221	  K	  0.5	  0.1	3.005	0.000	0.000
222	  T	  1.5	  0.1	3.005	0.000	0.000
223	  R	  1.9	  0.1	3.005	0.000	0.000
224	  F	  2.1	  0.0	3.005	54.497	54.497
225	  L	  3.6	  0.0	1.288	54.497	54.497
226	  T	  3.8	  0.0	2.086	54.497	54.497
227	  L	  3.7	  0.0	2.086	54.497	54.497
228	  L	  1.4	  0.1	2.204	54.497	54.497
229	  D	  0.5	  0.2	2.706	0.000	0.000
230	  N	  0.9	  0.2	3.001	0.000	0.000
231	  L	  1.0	  0.2	3.001	0.000	0.000
232	  R	  1.6	  0.3	3.001	0.000	0.000
233	  K	  1.0	  0.2	2.517	0.000	0.000
234	  N	  0.7	  0.2	1.237	0.000	0.000
235	  M	  0.2	  0.2	0.585	0.000	0.000
236	  A	  0.2	  0.0	0.155	0.000	0.000
237	  Q	  0.3	  0.0	0.155	0.000	0.000
238	  A	  0.2	  0.0	0.000	0.000	0.000
239	  N	  0.1	  0.0	0.000	0.000	0.000
