res	aa	Beta	Turn	Helix	Aggregation	Conc-Stab_Aggregation
01	  A	  0.0	  0.3	0.000	0.000	0.000
02	  P	  0.0	  0.4	0.000	0.000	0.000
03	  S	  0.2	  0.5	0.000	0.000	0.000
04	  Q	  1.3	  0.5	0.000	0.000	0.000
05	  L	  1.9	  0.1	0.000	0.000	0.000
06	  Q	  2.3	  0.1	0.000	0.000	0.000
07	  H	  7.8	  0.0	0.000	0.000	0.000
08	  I	  8.7	  0.0	0.000	0.000	0.000
09	  R	  8.2	  0.0	0.000	0.000	0.000
10	  A	  1.6	  0.0	0.000	0.000	0.000
11	  A	  0.1	  0.3	0.000	0.000	0.000
12	  A	  0.1	  0.3	0.000	0.000	0.000
13	  D	  0.4	  0.3	0.417	0.000	0.000
14	  L	  1.2	  0.3	0.417	3.881	3.881
15	  Y	  1.7	  0.0	1.334	4.647	4.647
16	  L	  1.7	  0.0	1.334	4.647	4.647
17	  T	  1.4	  0.0	2.810	4.647	4.647
18	  Q	  1.0	  0.0	2.810	4.647	4.647
19	  A	  0.9	  0.0	2.810	4.647	4.647
20	  I	  1.8	  0.0	2.810	4.647	4.647
21	  A	  2.4	  0.0	2.810	2.124	2.124
22	  R	  5.0	  0.0	2.810	0.000	0.000
23	  I	  5.1	  0.1	1.325	0.000	0.000
24	  K	  4.7	  0.1	1.325	0.000	0.000
25	  S	  2.1	  0.1	0.301	0.000	0.000
26	  A	  0.6	  0.1	0.000	0.000	0.000
27	  L	  0.4	  0.1	0.000	0.000	0.000
28	  E	  0.2	  0.1	0.000	0.000	0.000
29	  S	  2.6	  0.4	0.143	0.000	0.000
30	  I	  2.6	  0.4	0.143	0.000	0.000
31	  D	  2.6	  0.4	18.693	0.000	0.000
32	  D	  0.1	  0.4	26.048	0.000	0.000
33	  A	  0.1	  0.1	26.149	0.000	0.000
34	  E	  1.2	  0.1	26.280	0.000	0.000
35	  L	  1.2	  0.1	26.280	0.000	0.000
36	  K	  1.2	  0.1	26.280	0.000	0.000
37	  E	  0.3	  0.1	24.111	0.000	0.000
38	  R	  1.2	  0.1	21.074	0.000	0.000
39	  V	  2.7	  0.1	18.060	0.000	0.000
40	  S	  3.2	  0.1	17.463	0.000	0.000
41	  Q	  2.4	  0.1	8.999	0.000	0.000
42	  R	  2.7	  0.3	4.556	0.000	0.000
43	  L	  2.1	  0.6	1.119	0.000	0.000
44	  D	  1.9	  0.5	0.591	0.000	0.000
45	  D	  0.4	  0.5	0.341	0.000	0.000
46	  F	  1.4	  1.6	0.100	0.000	0.000
47	  H	  1.4	  1.3	0.000	0.000	0.000
48	  G	  1.2	  1.4	0.195	0.000	0.000
49	  Q	  1.2	  1.4	0.195	0.000	0.000
50	  L	  1.5	  0.1	0.195	0.000	0.000
51	  K	  1.6	  0.1	0.195	0.000	0.000
52	  A	  0.7	  0.0	0.195	0.000	0.000
53	  L	  0.4	  0.3	0.195	0.000	0.000
54	  Q	  0.3	  0.3	0.195	0.000	0.000
55	  G	  0.1	  0.3	0.000	0.000	0.000
56	  Q	  1.1	  0.3	0.000	0.000	0.000
57	  V	  1.5	  0.0	0.000	0.000	0.000
58	  S	  1.5	  0.0	0.000	0.000	0.000
59	  P	  0.4	  0.0	0.000	0.000	0.000
60	  V	  1.7	  0.0	0.000	0.000	0.000
61	  T	  2.3	  0.1	0.000	0.000	0.000
62	  D	  2.5	  0.1	0.000	0.000	0.000
63	  S	  1.7	  0.1	0.000	0.000	0.000
64	  V	  5.4	  0.1	0.000	1.413	1.413
65	  V	  6.1	  0.0	0.000	1.413	1.413
66	  S	  5.7	  0.0	0.000	1.413	1.413
67	  T	 13.0	  0.0	0.000	1.413	1.413
68	  I	 12.5	  0.1	0.000	1.413	1.413
69	  T	 12.1	  0.0	0.921	0.520	0.520
70	  D	  0.6	  0.3	3.008	0.000	0.000
71	  A	  0.2	  0.3	3.206	0.000	0.000
72	  T	  0.6	  0.3	7.136	0.000	0.000
73	  A	  0.6	  0.3	7.377	0.000	0.000
74	  E	  0.7	  0.0	7.377	0.000	0.000
75	  L	  0.8	  0.1	7.185	0.000	0.000
76	  R	  1.0	  0.3	7.061	0.000	0.000
77	  A	  0.9	  0.2	6.552	0.000	0.000
78	  N	  3.5	  0.2	5.759	0.000	0.000
79	  I	  3.5	  0.4	1.420	0.000	0.000
80	  E	  3.3	  0.7	1.420	0.000	0.000
81	  G	  0.4	  0.7	1.736	0.000	0.000
82	  D	  0.2	  0.7	3.332	0.000	0.000
83	  I	  1.2	  0.5	3.358	0.000	0.000
84	  A	  1.4	  0.0	3.358	0.000	0.000
85	  A	  1.4	  0.0	3.358	0.000	0.000
86	  L	  0.8	  0.1	3.358	0.000	0.000
87	  K	  0.9	  0.1	3.027	0.000	0.000
88	  S	  0.7	  0.2	3.111	0.000	0.000
89	  E	  0.4	  0.2	2.038	0.000	0.000
90	  T	  0.1	  0.2	3.945	0.000	0.000
91	  E	  0.2	  0.2	3.945	0.000	0.000
92	  E	  0.3	  0.1	3.945	0.000	0.000
93	  K	  4.7	  0.1	3.945	0.000	0.000
94	  V	  6.2	  0.1	3.398	0.000	0.000
95	  K	  6.2	  0.1	3.398	0.000	0.000
96	  E	  2.2	  0.1	2.590	0.000	0.000
97	  L	  1.1	  0.1	2.113	3.623	3.623
98	  S	  1.3	  0.0	1.307	3.623	3.623
99	  A	  1.8	  0.0	0.582	3.623	3.623
100	  V	  6.1	  0.0	0.328	3.623	3.623
101	  V	  6.2	  0.0	0.328	3.623	3.623
102	  N	  5.4	  0.1	0.328	0.000	0.000
103	  K	  0.7	  0.1	0.328	0.000	0.000
104	  H	  2.4	  0.1	0.000	0.000	0.000
105	  V	  3.1	  0.1	0.000	0.000	0.000
106	  E	  2.9	  0.1	0.000	0.000	0.000
107	  E	  1.5	  0.1	0.000	0.000	0.000
108	  Y	  3.0	  0.3	0.000	0.000	0.000
109	  R	  3.6	  0.2	0.000	0.000	0.000
110	  S	  3.1	  0.2	0.000	0.000	0.000
111	  M	  1.2	  0.2	0.000	0.000	0.000
112	  L	  0.6	  0.0	0.000	0.000	0.000
113	  E	  0.4	  0.0	0.000	0.000	0.000
114	  P	  0.1	  0.0	0.000	0.000	0.000
115	  I	  1.5	  0.0	0.000	0.000	0.000
116	  L	  1.6	  0.1	0.000	0.000	0.000
117	  S	  1.6	  0.1	2.468	0.000	0.000
118	  E	  1.6	  0.1	2.935	0.000	0.000
119	  Y	  4.3	  0.1	2.935	0.000	0.000
120	  Q	  4.4	  0.0	2.935	0.000	0.000
121	  A	  3.0	  0.1	2.935	0.000	0.000
122	  K	  0.5	  0.2	2.935	0.000	0.000
123	  H	  0.4	  0.2	2.514	0.000	0.000
124	  D	  0.4	  0.3	2.514	0.000	0.000
125	  Q	  0.7	  0.2	1.537	0.000	0.000
126	  E	  2.3	  0.1	1.917	0.000	0.000
127	  V	  3.5	  0.0	2.049	0.000	0.000
128	  A	  3.3	  0.0	2.049	0.000	0.000
129	  A	  1.8	  0.0	2.049	0.000	0.000
130	  L	  2.6	  0.0	2.049	0.000	0.000
131	  R	  3.9	  0.0	1.791	0.000	0.000
132	  V	 11.0	  0.0	0.743	0.000	0.000
133	  K	 10.0	  0.0	0.743	0.000	0.000
134	  L	  8.6	  0.0	0.196	0.000	0.000
135	  D	  1.5	  0.0	2.292	0.000	0.000
136	  P	  0.1	  0.0	2.565	0.000	0.000
137	  V	  7.2	  0.0	2.866	0.000	0.000
138	  M	  7.5	  0.0	3.221	0.000	0.000
139	  V	 12.0	  0.0	3.602	0.000	0.000
140	  E	  5.1	  0.0	4.213	0.000	0.000
141	  L	  5.0	  0.0	4.213	0.000	0.000
142	  R	  0.7	  0.1	4.213	0.000	0.000
143	  K	  0.4	  0.1	3.401	0.000	0.000
144	  K	  2.0	  0.1	2.221	0.000	0.000
145	  M	  2.0	  0.1	1.318	0.000	0.000
146	  E	  2.0	  0.1	0.697	0.000	0.000
147	  T	  1.0	  0.1	0.323	0.000	0.000
148	  N	  5.4	  0.1	0.471	0.000	0.000
149	  V	  5.9	  0.1	0.148	0.000	0.000
150	  E	  5.2	  0.1	0.537	0.000	0.000
151	  E	  1.2	  0.1	0.668	0.000	0.000
152	  T	  1.1	  0.1	1.056	0.000	0.000
153	  K	  1.3	  0.1	1.056	0.000	0.000
154	  A	  0.9	  0.0	1.056	0.000	0.000
155	  A	  0.8	  0.0	1.056	0.000	0.000
156	  L	  0.8	  0.0	1.056	0.000	0.000
157	  S	  0.6	  0.0	2.808	0.000	0.000
158	  P	  0.1	  0.0	2.339	0.000	0.000
159	  I	  3.0	  0.0	2.928	0.000	0.000
160	  V	  4.7	  0.0	5.164	0.000	0.000
161	  E	  4.7	  0.0	6.135	0.000	0.000
162	  A	  2.3	  0.0	6.259	0.000	0.000
163	  V	  1.9	  0.0	6.259	0.000	0.000
164	  R	  2.1	  0.0	6.259	0.000	0.000
165	  R	  2.2	  0.0	6.050	0.000	0.000
166	  K	  2.3	  0.0	5.589	0.000	0.000
167	  I	  2.5	  0.0	2.641	0.000	0.000
168	  A	  1.9	  0.0	2.641	0.000	0.000
169	  E	  0.5	  0.0	2.510	0.000	0.000
170	  R	  2.2	  0.0	1.890	0.000	0.000
171	  V	  3.8	  0.1	0.000	0.342	0.342
172	  E	  3.7	  0.0	0.000	0.342	0.342
173	  A	  2.4	  0.0	0.000	0.342	0.342
174	  V	  8.1	  0.0	0.000	0.342	0.342
175	  K	  9.9	  0.0	0.000	0.342	0.342
176	  L	 11.6	  0.0	0.000	0.342	0.342
177	  T	  9.4	  0.0	0.000	0.342	0.342
178	  L	  7.2	  0.0	0.000	0.342	0.342
179	  T	  4.9	  0.0	0.000	0.000	0.000
180	  P	  0.2	  0.0	0.000	0.000	0.000
181	  W	  1.3	  0.0	0.000	0.000	0.000
182	  V	  1.9	  0.1	0.000	0.000	0.000
183	  E	  2.0	  0.1	0.000	0.000	0.000
184	  E	  4.1	  0.1	0.000	0.000	0.000
185	  Y	  4.2	  0.1	0.000	0.000	0.000
186	  K	  4.3	  0.1	0.000	0.000	0.000
187	  E	  1.1	  0.1	0.000	0.000	0.000
188	  Q	  2.5	  0.1	0.000	0.000	0.000
189	  F	  3.9	  0.2	0.000	0.000	0.000
190	  R	  3.8	  0.2	0.000	0.000	0.000
191	  G	  1.6	  0.2	0.149	0.000	0.000
192	  A	  0.2	  0.2	0.149	0.000	0.000
193	  Y	  0.8	  0.1	0.149	0.000	0.000
194	  A	  0.9	  0.0	0.149	0.000	0.000
195	  Q	  0.9	  0.0	0.149	0.000	0.000
196	  A	  0.4	  0.1	0.149	0.000	0.000
197	  Q	  0.4	  0.1	0.149	0.000	0.000
198	  S	  4.0	  0.0	0.000	0.000	0.000
199	  I	  4.6	  0.0	0.000	0.000	0.000
200	  T	  4.5	  0.1	27.483	0.000	0.000
201	  P	  0.6	  0.2	27.678	0.000	0.000
202	  E	  0.0	  0.2	28.308	0.000	0.000
203	  E	  0.1	  0.2	29.022	0.000	0.000
204	  L	  0.2	  0.1	29.139	0.000	0.000
205	  A	  0.3	  0.0	29.139	0.000	0.000
206	  A	  0.3	  0.0	28.629	0.000	0.000
207	  L	  0.4	  0.2	26.974	0.000	0.000
208	  K	  0.3	  0.2	24.245	0.000	0.000
209	  D	  0.2	  0.2	9.045	0.000	0.000
210	  K	  7.1	  0.2	4.720	0.000	0.000
211	  I	  7.8	  0.0	1.137	0.000	0.000
212	  T	  7.8	  0.1	1.034	0.000	0.000
213	  P	  0.8	  0.1	0.000	0.000	0.000
214	  L	  0.0	  0.1	0.000	0.000	0.000
215	  A	  0.0	  0.3	0.000	0.000	0.000
216	  E	  0.0	  0.2	0.000	0.000	0.000
217	  D	  1.4	  0.2	9.925	0.000	0.000
218	  V	  3.0	  0.3	9.925	0.000	0.000
219	  K	  3.7	  0.0	9.925	0.000	0.000
220	  T	  3.2	  0.1	9.925	0.000	0.000
221	  K	  2.4	  0.1	9.925	0.000	0.000
222	  L	  1.7	  0.1	9.925	0.000	0.000
223	  N	  0.9	  0.1	8.047	0.000	0.000
224	  E	  0.6	  0.0	5.355	0.000	0.000
225	  I	  1.5	  0.0	2.700	0.000	0.000
226	  F	  3.8	  0.1	2.867	0.000	0.000
227	  E	  3.3	  0.1	1.736	0.000	0.000
228	  A	  2.9	  0.1	1.342	3.605	3.605
229	  V	  1.8	  0.1	1.113	7.948	7.948
230	  A	  1.8	  0.0	1.113	8.227	8.227
231	  A	  1.9	  0.0	0.931	8.227	8.227
232	  T	  1.6	  0.0	0.775	8.227	8.227
233	  L	  1.8	  0.0	0.775	8.227	8.227
234	  M	  1.5	  0.0	0.775	2.663	2.663
235	  K	  0.5	  0.0	0.122	0.000	0.000
236	  Q	  0.2	  0.0	0.000	0.000	0.000
