res	aa	Beta	Turn	Helix	Aggregation	Conc-Stab_Aggregation
01	  D	  0.0	  0.0	0.000	0.000	0.000
02	  D	  0.0	  0.5	0.000	0.000	0.000
03	  P	  0.0	  0.6	0.000	0.000	0.000
04	  Q	  0.2	  0.6	0.000	0.000	0.000
05	  Q	  0.3	  0.6	0.000	0.000	0.000
06	  T	  0.8	  0.1	1.363	0.000	0.000
07	  R	  1.1	  0.1	1.363	0.000	0.000
08	  L	  1.0	  0.1	1.363	0.000	0.000
09	  E	  0.6	  0.1	1.505	0.000	0.000
10	  R	  0.7	  0.1	1.657	0.000	0.000
11	  L	  0.6	  0.1	1.657	0.000	0.000
12	  Q	  0.7	  0.2	1.380	0.000	0.000
13	  E	  0.2	  0.1	0.993	0.000	0.000
14	  L	  0.1	  0.1	0.758	0.000	0.000
15	  G	  0.0	  0.1	0.758	0.000	0.000
16	  Q	  1.3	  0.0	0.598	0.000	0.000
17	  V	  5.2	  0.0	0.000	0.000	0.000
18	  Y	  5.9	  0.0	0.000	0.000	0.000
19	  L	  4.9	  0.1	0.000	0.000	0.000
20	  E	  1.0	  0.1	0.000	0.000	0.000
21	  S	  0.5	  0.1	0.151	0.000	0.000
22	  A	  0.7	  0.1	0.151	0.000	0.000
23	  K	  2.9	  0.0	0.151	0.000	0.000
24	  V	 10.3	  0.0	0.151	0.000	0.000
25	  A	 10.4	  0.0	0.151	0.000	0.000
26	  V	  8.8	  0.0	0.151	0.000	0.000
27	  Q	  1.3	  0.0	0.151	0.000	0.000
28	  E	  0.7	  0.0	0.000	0.000	0.000
29	  A	  0.2	  0.2	0.000	0.000	0.000
30	  V	  0.3	  0.4	0.000	0.000	0.000
31	  G	  0.3	  0.4	0.000	0.000	0.000
32	  Q	  2.1	  0.4	0.000	0.000	0.000
33	  F	  3.0	  0.3	0.000	0.000	0.000
34	  D	  3.0	  1.6	0.151	0.000	0.000
35	  S	  1.2	  1.6	0.291	0.000	0.000
36	  S	  0.5	  1.6	0.663	0.000	0.000
37	  A	  0.8	  1.5	0.663	0.000	0.000
38	  V	  2.4	  0.0	0.663	0.000	0.000
39	  A	  2.2	  0.0	0.663	0.000	0.000
40	  Q	  1.8	  0.1	0.663	0.000	0.000
41	  E	  0.5	  0.1	0.372	0.000	0.000
42	  L	  1.4	  0.1	0.197	0.000	0.000
43	  Q	  1.8	  0.0	0.197	0.000	0.000
44	  V	  6.5	  0.1	0.000	0.000	0.000
45	  S	  5.8	  0.3	0.326	0.000	0.000
46	  L	  5.3	  0.3	0.326	0.000	0.000
47	  G	  0.2	  0.4	0.326	0.000	0.000
48	  Q	  0.4	  0.3	0.326	0.000	0.000
49	  K	  2.0	  0.1	0.326	0.051	0.051
50	  L	  2.1	  0.1	0.326	0.082	0.082
51	  E	  1.8	  0.0	0.483	0.082	0.082
52	  A	  0.6	  0.0	0.304	45.942	45.942
53	  V	  9.6	  0.0	0.157	91.428	91.428
54	  T	 14.2	  0.0	1.183	91.428	91.428
55	  I	 21.5	  0.0	1.183	91.428	91.428
56	  V	 14.4	  0.0	1.322	91.428	91.428
57	  L	  9.8	  0.0	1.322	83.872	83.872
58	  R	  3.2	  0.0	1.322	0.031	0.031
59	  Q	  3.2	  0.0	1.322	0.014	0.014
60	  I	  3.7	  0.0	0.491	0.014	0.014
61	  K	  2.8	  0.1	0.491	0.000	0.000
62	  E	  1.0	  0.1	0.313	0.000	0.000
63	  E	  2.2	  0.1	0.313	0.000	0.000
64	  I	  2.4	  0.0	0.000	0.000	0.000
65	  A	  2.4	  0.2	0.000	0.000	0.000
66	  P	  0.4	  0.2	0.000	0.000	0.000
67	  E	  0.2	  0.2	0.139	0.000	0.000
68	  L	  0.2	  0.3	1.206	0.000	0.000
69	  E	  0.2	  0.1	1.206	0.000	0.000
70	  E	  2.0	  0.0	1.206	0.000	0.000
71	  V	  3.0	  0.1	1.206	0.000	0.000
72	  R	  3.0	  0.1	1.206	0.000	0.000
73	  N	  1.1	  0.2	1.649	0.000	0.000
74	  E	  0.3	  0.2	2.233	0.000	0.000
75	  L	  0.7	  0.1	1.947	0.000	0.000
76	  R	  0.8	  0.1	1.947	0.000	0.000
77	  A	  0.7	  0.0	1.726	0.000	0.000
78	  A	  0.6	  0.0	1.726	0.000	0.000
79	  W	  1.7	  0.1	1.726	0.000	0.000
80	  Q	  2.0	  0.1	1.549	0.000	0.000
81	  K	  2.8	  0.1	0.641	0.000	0.000
82	  L	  1.6	  0.2	0.000	0.000	0.000
83	  K	  1.4	  0.1	0.000	0.000	0.000
84	  E	  0.3	  0.1	0.000	0.000	0.000
85	  E	  0.7	  0.1	0.000	0.000	0.000
86	  V	  7.0	  0.0	0.000	0.000	0.000
87	  I	  7.1	  0.0	0.000	0.000	0.000
88	  N	  6.7	  0.0	0.000	0.000	0.000
89	  D	  1.0	  0.0	0.000	0.000	0.000
90	  V	  2.0	  0.1	0.000	0.000	0.000
91	  Q	  2.4	  0.1	0.000	0.000	0.000
92	  D	  1.6	  0.1	0.000	0.000	0.000
93	  V	  0.9	  0.1	0.000	0.000	0.000
94	  G	  0.5	  0.0	0.000	0.000	0.000
95	  V	  4.9	  0.0	0.000	0.000	0.000
96	  Q	  6.1	  0.0	0.000	0.000	0.000
97	  I	  6.2	  0.0	0.000	0.000	0.000
98	  Q	  2.0	  0.0	0.000	0.000	0.000
99	  P	  0.1	  0.0	0.000	0.000	0.000
100	  F	  1.2	  0.0	0.000	0.000	0.000
101	  L	  1.5	  0.1	0.000	0.000	0.000
102	  R	  2.1	  0.1	0.000	0.000	0.000
103	  K	  1.9	  0.1	0.000	0.000	0.000
104	  F	  2.2	  0.1	0.000	0.000	0.000
105	  R	  1.8	  0.3	0.000	0.000	0.000
106	  E	  0.8	  0.3	0.000	0.000	0.000
107	  N	  1.6	  0.3	0.000	0.000	0.000
108	  V	  3.2	  0.2	0.000	0.000	0.000
109	  Q	  3.3	  0.2	0.000	0.000	0.000
110	  Q	  1.8	  0.2	0.000	0.000	0.000
111	  D	  0.2	  0.2	0.427	0.000	0.000
112	  A	  0.2	  0.2	0.427	6.811	6.811
113	  A	  0.5	  0.0	0.427	7.369	7.369
114	  I	  1.7	  0.0	0.427	7.369	7.369
115	  Y	  3.9	  0.0	0.427	7.369	7.369
116	  F	  5.6	  0.1	0.427	7.369	7.369
117	  Q	  4.8	  0.1	0.154	1.029	1.029
118	  Q	  3.3	  0.1	0.000	0.530	0.530
119	  L	  1.4	  0.2	0.000	0.530	0.530
120	  K	  1.9	  0.1	0.000	0.000	0.000
121	  T	 14.6	  0.0	0.000	0.000	0.000
122	  I	 15.5	  0.1	0.000	0.000	0.000
123	  S	 15.3	  0.9	0.000	0.000	0.000
124	  Q	  2.1	  0.9	0.000	0.000	0.000
125	  D	  1.7	  1.3	0.000	0.000	0.000
126	  I	  2.9	  1.3	0.000	0.000	0.000
127	  N	  2.8	  0.5	1.607	0.000	0.000
128	  Q	  1.9	  0.4	1.607	0.000	0.000
129	  A	  0.2	  0.1	1.607	0.000	0.000
130	  A	  0.2	  0.1	1.607	0.000	0.000
131	  Q	  0.3	  0.1	1.607	0.000	0.000
132	  E	  0.2	  0.1	1.607	0.000	0.000
133	  K	  1.9	  0.1	1.289	0.000	0.000
134	  L	  1.9	  0.1	0.662	0.000	0.000
135	  R	  1.9	  0.0	0.382	0.000	0.000
136	  P	  0.2	  0.0	0.000	0.000	0.000
137	  V	  0.8	  0.0	0.000	0.000	0.000
138	  A	  0.9	  0.0	0.000	0.000	0.000
139	  E	  1.0	  0.0	0.000	0.000	0.000
140	  A	  0.6	  0.0	0.000	0.000	0.000
141	  F	  1.4	  0.3	0.000	0.000	0.000
142	  R	  1.3	  0.2	0.000	0.000	0.000
143	  D	  0.9	  0.2	0.000	0.000	0.000
144	  K	  2.0	  0.2	0.000	0.000	0.000
145	  V	  4.3	  0.1	0.000	0.000	0.000
146	  R	  4.7	  0.1	0.000	0.000	0.000
147	  S	  3.3	  0.1	0.166	0.000	0.000
148	  H	  2.4	  0.1	0.166	0.000	0.000
149	  V	  2.6	  0.1	0.166	0.000	0.000
150	  D	  2.3	  0.0	0.552	0.000	0.000
151	  A	  1.3	  0.0	0.552	0.000	0.000
152	  F	  2.2	  0.1	0.552	0.000	0.000
153	  R	  2.6	  0.5	0.387	0.000	0.000
154	  K	  2.2	  0.6	0.387	0.000	0.000
155	  D	  0.6	  0.6	0.387	0.000	0.000
156	  A	  0.1	  0.5	0.140	0.000	0.000
157	  A	  0.0	  0.0	0.140	0.000	0.000
158	  P	  0.0	  0.0	0.000	0.000	0.000
159	  Y	  4.6	  0.0	0.000	0.000	0.000
160	  T	  5.7	  0.1	1.144	0.000	0.000
161	  K	  5.7	  0.1	1.144	0.000	0.000
162	  K	  2.9	  0.1	2.451	0.000	0.000
163	  L	  1.8	  0.1	2.451	0.000	0.000
164	  E	  1.7	  0.1	2.451	0.000	0.000
165	  Q	  0.7	  0.1	2.451	0.000	0.000
166	  L	  0.9	  0.1	2.369	0.000	0.000
167	  L	  0.9	  0.1	2.544	0.000	0.000
168	  Q	  0.4	  0.1	2.544	0.000	0.000
169	  E	  0.3	  0.1	1.978	0.000	0.000
170	  K	  0.6	  0.1	1.588	0.000	0.000
171	  A	  0.5	  0.1	0.912	0.000	0.000
172	  K	  0.7	  0.1	0.912	0.000	0.000
173	  T	  1.6	  0.1	0.000	0.000	0.000
174	  L	  1.5	  0.1	0.000	0.000	0.000
175	  E	  1.4	  0.1	0.000	0.000	0.000
176	  Q	  0.2	  0.1	0.000	0.000	0.000
177	  S	  0.3	  0.1	0.429	0.000	0.000
178	  A	  0.4	  0.1	0.429	0.000	0.000
179	  L	  0.4	  0.0	0.429	0.000	0.000
180	  T	  0.4	  0.1	0.429	0.000	0.000
181	  E	  0.9	  0.1	0.429	0.000	0.000
182	  L	  0.9	  0.1	0.429	0.000	0.000
183	  T	  0.9	  0.1	0.000	0.000	0.000
184	  E	  0.6	  0.1	0.000	0.000	0.000
185	  L	  0.6	  0.1	0.000	0.000	0.000
186	  Q	  0.6	  0.1	0.000	0.000	0.000
187	  T	  0.3	  0.1	0.000	0.000	0.000
188	  E	  0.6	  0.1	0.000	0.000	0.000
189	  L	  0.7	  0.1	0.000	0.000	0.000
190	  Q	  0.9	  0.1	0.000	0.000	0.000
191	  Q	  0.9	  0.1	0.000	0.000	0.000
192	  Q	  1.6	  0.1	0.000	0.000	0.000
193	  L	  1.3	  0.1	0.000	0.000	0.000
194	  S	  0.9	  0.1	1.299	0.000	0.000
195	  E	  0.1	  0.1	1.487	0.000	0.000
196	  A	  0.1	  0.1	1.487	0.000	0.000
197	  R	  0.2	  0.2	1.487	0.000	0.000
198	  E	  0.3	  0.1	1.487	0.000	0.000
199	  K	  0.5	  0.1	1.487	0.000	0.000
200	  Y	  0.5	  0.5	1.075	0.000	0.000
201	  G	  0.3	  0.6	0.535	0.000	0.000
202	  P	  0.0	  0.6	0.242	0.000	0.000
203	  L	  0.1	  0.6	0.242	0.000	0.000
204	  L	  0.2	  0.2	0.862	0.000	0.000
205	  E	  0.4	  0.1	1.063	0.000	0.000
206	  K	  0.5	  0.1	1.063	0.000	0.000
207	  A	  0.3	  0.1	0.821	0.000	0.000
208	  R	  0.2	  0.1	0.821	0.000	0.000
209	  E	  0.1	  0.1	0.821	0.000	0.000
210	  E	  0.1	  0.1	0.620	0.000	0.000
211	  L	  0.3	  0.1	0.171	9.251	9.251
212	  L	  2.9	  0.0	0.171	9.988	9.988
213	  T	  4.2	  0.0	0.171	9.988	9.988
214	  L	  4.2	  0.0	0.171	9.988	9.988
215	  V	  1.8	  0.4	0.171	9.988	9.988
216	  G	  0.5	  0.4	0.171	2.286	2.286
217	  S	  0.6	  0.4	0.000	1.265	1.265
218	  A	  0.6	  0.5	0.000	0.540	0.540
219	  K	  0.9	  0.2	0.000	0.000	0.000
220	  S	  1.9	  0.1	0.000	12.515	12.515
221	  F	  3.4	  0.1	0.000	12.515	12.515
222	  F	  3.9	  0.0	0.000	12.515	12.515
223	  V	  4.3	  0.0	0.000	12.515	12.515
224	  T	  3.3	  0.3	0.000	12.515	12.515
225	  D	  2.3	  1.1	0.000	0.000	0.000
226	  S	  1.0	  1.7	0.000	0.000	0.000
227	  G	  0.3	  1.7	0.000	0.000	0.000
228	  S	  0.3	  1.5	0.178	0.000	0.000
229	  E	  0.1	  0.7	0.178	0.000	0.000
230	  Q	  0.4	  0.2	0.178	0.000	0.000
231	  E	  3.5	  0.1	0.178	0.000	0.000
232	  V	  5.1	  0.0	0.178	0.000	0.000
233	  Q	  5.0	  0.1	0.178	0.000	0.000
234	  Q	  2.4	  0.1	0.000	0.000	0.000
235	  Q	  0.8	  0.2	0.000	0.000	0.000
236	  E	  0.6	  0.2	0.000	0.000	0.000
237	  S	  0.2	  0.1	0.000	0.000	0.000
238	  S	  0.1	  0.1	0.000	0.000	0.000
