res	aa	Beta	Turn	Helix	Aggregation	Conc-Stab_Aggregation
01	  D	  0.1	  0.0	0.000	0.000	0.000
02	  V	  0.1	  0.0	0.000	0.000	0.000
03	  P	  0.1	  0.0	0.000	0.000	0.000
04	  Q	  0.0	  0.0	0.000	0.000	0.000
05	  T	  0.0	  0.2	0.000	0.000	0.000
06	  P	  0.0	  0.2	0.000	0.000	0.000
07	  W	  0.3	  0.2	0.000	0.000	0.000
08	  N	  0.4	  0.2	0.000	0.000	0.000
09	  R	  1.9	  0.0	0.000	0.000	0.000
10	  V	  2.9	  0.1	0.000	2.120	2.120
11	  K	  2.9	  0.1	0.000	2.308	2.308
12	  D	  1.5	  0.1	10.768	2.308	2.308
13	  L	  0.6	  0.1	10.768	77.581	77.581
14	  V	  9.5	  0.0	10.768	79.697	79.697
15	  T	 11.8	  0.0	10.768	79.697	79.697
16	  I	 12.6	  0.0	10.768	79.697	79.697
17	  Y	  4.7	  0.1	10.886	79.697	79.697
18	  L	  2.3	  0.1	9.796	67.006	67.006
19	  D	  1.1	  0.1	9.713	0.555	0.555
20	  A	  0.7	  0.1	8.842	0.555	0.555
21	  I	  0.8	  0.1	7.985	0.555	0.555
22	  K	  0.8	  0.3	7.985	0.555	0.555
23	  D	  0.3	  1.0	2.896	0.000	0.000
24	  S	  0.1	  1.4	1.779	0.000	0.000
25	  G	  0.1	  1.6	0.511	0.000	0.000
26	  R	  0.4	  1.4	0.245	0.000	0.000
27	  D	  0.7	  0.7	0.000	0.000	0.000
28	  Y	  2.4	  0.3	0.000	0.000	0.000
29	  V	  4.1	  0.1	0.000	0.000	0.000
30	  S	  4.2	  0.1	0.000	0.000	0.000
31	  Q	  9.6	  0.1	0.000	0.000	0.000
32	  F	  8.1	  0.1	0.000	0.000	0.000
33	  E	  7.7	  0.1	0.138	0.000	0.000
34	  T	  1.1	  0.1	0.497	0.000	0.000
35	  S	  0.7	  0.4	1.188	0.000	0.000
36	  A	  0.7	  0.4	1.188	0.000	0.000
37	  L	  0.2	  0.5	1.188	0.000	0.000
38	  G	  0.1	  0.5	1.188	0.000	0.000
39	  K	  0.2	  0.3	1.188	0.000	0.000
40	  Q	  1.1	  0.2	0.691	0.000	0.000
41	  L	  2.8	  0.1	0.449	0.000	0.000
42	  N	  3.0	  0.0	2.400	0.000	0.000
43	  L	  3.5	  0.0	2.247	0.000	0.000
44	  K	  2.2	  0.0	2.109	0.000	0.000
45	  L	  1.9	  0.0	1.952	0.000	0.000
46	  L	  0.5	  0.4	1.952	0.000	0.000
47	  E	  0.2	  0.4	1.952	0.000	0.000
48	  N	  0.7	  0.8	1.180	0.000	0.000
49	  W	  0.9	  0.9	0.256	0.000	0.000
50	  D	  1.3	  0.5	0.123	0.000	0.000
51	  T	 17.7	  0.5	0.123	0.000	0.000
52	  V	 18.6	  0.1	0.123	0.000	0.000
53	  S	 18.9	  0.7	0.123	0.000	0.000
54	  S	  2.5	  0.7	0.108	0.000	0.000
55	  S	  7.8	  0.7	0.108	0.000	0.000
56	  F	 10.2	  0.7	0.108	0.000	0.000
57	  T	 10.3	  0.1	0.108	0.000	0.000
58	  R	  4.2	  0.1	0.108	0.000	0.000
59	  L	  1.0	  0.1	0.108	0.000	0.000
60	  Q	  0.6	  0.1	0.000	0.000	0.000
61	  E	  0.1	  0.1	0.000	0.000	0.000
62	  E	  0.2	  0.1	0.000	0.000	0.000
63	  I	  0.1	  0.1	0.000	0.000	0.000
64	  G	  0.1	  0.0	0.285	0.000	0.000
65	  P	  0.0	  0.0	0.285	0.000	0.000
66	  V	  4.0	  0.0	0.285	0.000	0.000
67	  T	  5.8	  0.1	0.285	0.000	0.000
68	  Q	  7.1	  0.1	0.285	0.000	0.000
69	  Q	  6.0	  0.1	0.285	0.000	0.000
70	  F	  5.3	  0.1	0.000	0.000	0.000
71	  W	  4.2	  0.4	0.000	0.000	0.000
72	  D	  1.5	  0.4	0.000	0.000	0.000
73	  N	  0.7	  0.4	0.000	0.000	0.000
74	  L	  0.6	  0.4	0.000	0.000	0.000
75	  E	  0.9	  0.2	0.000	0.000	0.000
76	  K	  0.7	  0.2	0.000	0.000	0.000
77	  D	  1.1	  0.2	0.000	0.000	0.000
78	  T	  7.3	  0.1	0.686	0.000	0.000
79	  V	 11.6	  0.0	0.686	0.000	0.000
80	  H	 11.9	  0.0	1.470	0.000	0.000
81	  L	  5.8	  0.0	1.470	0.000	0.000
82	  R	  1.0	  0.1	1.470	0.000	0.000
83	  E	  0.2	  0.1	1.470	0.000	0.000
84	  L	  0.7	  0.1	1.290	0.000	0.000
85	  M	  0.8	  0.0	1.290	0.000	0.000
86	  N	  0.8	  0.9	1.248	0.000	0.000
87	  K	  0.2	  0.9	0.755	0.000	0.000
88	  D	  0.3	  0.9	4.734	0.000	0.000
89	  L	  0.3	  0.9	5.008	0.000	0.000
90	  E	  0.3	  0.1	5.308	0.000	0.000
91	  E	 13.5	  0.0	5.454	0.000	0.000
92	  V	 15.4	  0.1	5.334	0.000	0.000
93	  K	 15.6	  0.0	5.334	0.000	0.000
94	  Q	  3.0	  0.0	4.267	0.000	0.000
95	  K	  3.6	  0.0	3.418	0.000	0.000
96	  V	  3.7	  0.0	1.379	0.000	0.000
97	  Q	  3.2	  0.0	1.379	0.000	0.000
98	  P	  0.4	  0.0	0.000	0.000	0.000
99	  F	  0.9	  0.1	0.000	0.000	0.000
100	  L	  0.9	  0.4	0.000	0.000	0.000
101	  D	  1.0	  0.4	4.687	0.000	0.000
102	  D	  0.7	  0.4	16.299	0.000	0.000
103	  F	  2.4	  0.3	16.299	0.000	0.000
104	  Q	  2.5	  0.0	16.299	0.000	0.000
105	  K	  2.0	  0.0	16.299	0.000	0.000
106	  K	  0.8	  0.0	16.299	0.000	0.000
107	  W	  1.2	  0.0	15.685	0.000	0.000
108	  Q	  1.3	  0.1	14.568	0.000	0.000
109	  E	  0.7	  0.1	10.780	0.000	0.000
110	  E	  1.6	  0.1	8.797	0.000	0.000
111	  V	  4.8	  0.0	6.357	0.182	0.182
112	  A	  5.0	  0.0	6.216	0.182	0.182
113	  L	  4.1	  0.0	5.250	0.182	0.182
114	  Y	  3.0	  0.1	4.288	0.182	0.182
115	  S	  3.0	  0.1	0.970	0.182	0.182
116	  Q	  2.5	  0.1	0.373	0.000	0.000
117	  M	  0.4	  0.2	0.127	0.000	0.000
118	  G	  0.2	  0.6	0.127	0.000	0.000
119	  P	  0.0	  0.6	0.000	0.000	0.000
120	  L	  0.0	  0.7	0.000	0.000	0.000
121	  G	  0.0	  0.7	0.935	0.000	0.000
122	  E	  0.0	  0.2	0.935	0.000	0.000
123	  E	  0.3	  0.2	0.935	0.000	0.000
124	  L	  0.5	  0.3	0.935	0.000	0.000
125	  R	  0.5	  0.3	1.385	0.000	0.000
126	  D	  0.3	  0.3	1.580	0.000	0.000
127	  S	  0.9	  0.3	2.710	0.000	0.000
128	  A	  1.1	  0.2	2.501	0.000	0.000
129	  R	  1.4	  0.2	2.501	0.000	0.000
130	  Q	  0.9	  0.1	2.355	0.000	0.000
131	  K	  1.3	  0.1	1.923	0.000	0.000
132	  L	  1.0	  0.1	1.510	0.000	0.000
133	  Q	  0.8	  0.1	1.277	0.000	0.000
134	  E	  0.5	  0.1	0.966	0.000	0.000
135	  L	  0.5	  0.1	0.743	0.000	0.000
136	  Q	  0.6	  0.1	0.743	0.000	0.000
137	  E	  0.3	  0.1	0.493	0.000	0.000
138	  K	  1.2	  0.1	0.352	0.000	0.000
139	  L	  1.2	  0.1	0.174	0.000	0.000
140	  S	  1.1	  0.0	0.969	0.000	0.000
141	  P	  0.1	  0.0	0.947	0.000	0.000
142	  V	  1.7	  0.0	1.339	0.000	0.000
143	  A	  1.7	  0.0	2.197	0.000	0.000
144	  Q	  1.8	  0.1	2.197	0.000	0.000
145	  E	  0.4	  0.1	2.309	0.000	0.000
146	  L	  0.6	  0.2	2.309	0.000	0.000
147	  R	  0.5	  0.2	2.309	0.000	0.000
148	  D	  0.2	  0.2	2.309	0.000	0.000
149	  R	  1.6	  0.2	1.959	0.000	0.000
150	  V	  9.8	  0.0	1.833	0.000	0.000
151	  R	 11.3	  0.0	1.833	0.000	0.000
152	  V	 18.7	  0.0	0.537	0.000	0.000
153	  R	 15.3	  0.0	0.537	0.000	0.000
154	  V	 13.8	  0.0	0.000	0.000	0.000
155	  D	  5.7	  0.1	0.282	0.000	0.000
156	  E	  0.4	  0.1	0.282	0.000	0.000
157	  L	  0.4	  0.2	0.282	0.000	0.000
158	  R	  0.7	  0.2	0.282	0.000	0.000
159	  T	  1.6	  0.1	0.282	0.000	0.000
160	  Q	  3.0	  0.1	0.282	0.000	0.000
161	  L	  2.9	  0.0	0.000	0.000	0.000
162	  T	  1.8	  0.1	1.038	0.000	0.000
163	  P	  0.1	  0.1	1.198	0.000	0.000
164	  Y	  0.4	  0.1	2.164	0.000	0.000
165	  S	  0.4	  0.2	38.205	0.000	0.000
166	  E	  0.4	  0.1	41.481	0.000	0.000
167	  E	  0.2	  0.1	44.656	0.000	0.000
168	  L	  0.4	  0.1	44.754	0.000	0.000
169	  R	  0.6	  0.1	44.842	0.000	0.000
170	  Q	  0.7	  0.1	44.842	0.000	0.000
171	  R	  0.6	  0.1	42.667	0.000	0.000
172	  L	  0.3	  0.0	41.293	0.000	0.000
173	  A	  0.2	  0.0	39.427	0.000	0.000
174	  R	  0.4	  0.0	34.524	0.000	0.000
175	  R	  0.6	  0.0	18.232	0.000	0.000
176	  L	  0.6	  0.1	11.450	0.000	0.000
177	  E	  0.3	  0.1	9.677	0.000	0.000
178	  T	  2.9	  0.0	6.208	0.000	0.000
179	  L	  3.0	  0.1	6.031	0.000	0.000
180	  K	  3.0	  0.2	5.307	0.000	0.000
181	  E	  0.2	  0.3	1.741	0.000	0.000
182	  S	  0.1	  0.3	0.831	0.000	0.000
183	  N	  0.1	  0.3	0.506	0.000	0.000
184	  L	  0.1	  0.8	0.395	0.000	0.000
185	  A	  0.2	  0.6	0.395	0.000	0.000
186	  N	  0.5	  0.6	0.703	0.000	0.000
187	  Y	  1.4	  0.6	0.703	0.000	0.000
188	  H	  2.4	  0.1	0.506	0.000	0.000
189	  T	  2.6	  0.1	0.723	0.000	0.000
190	  K	  1.8	  0.1	0.723	0.000	0.000
191	  A	  0.8	  0.1	0.723	0.000	0.000
192	  M	  0.3	  0.1	0.563	0.000	0.000
193	  E	  0.2	  0.1	0.414	0.000	0.000
194	  Q	  1.0	  0.1	0.414	0.000	0.000
195	  L	  1.6	  0.1	0.177	0.000	0.000
196	  S	  1.8	  0.3	0.000	0.000	0.000
197	  A	  1.0	  0.3	0.000	0.000	0.000
198	  L	  0.2	  0.3	0.000	0.000	0.000
199	  G	  0.1	  0.4	0.000	0.000	0.000
200	  E	  0.4	  0.2	0.000	0.000	0.000
201	  K	  2.1	  0.2	0.000	0.000	0.000
202	  T	  2.3	  0.1	0.000	0.000	0.000
203	  K	  1.9	  0.0	0.000	0.000	0.000
204	  P	  0.2	  0.0	0.000	0.000	0.000
205	  V	  1.6	  0.0	0.000	0.000	0.000
206	  L	  1.6	  0.6	0.000	0.000	0.000
207	  E	  1.7	  0.6	0.000	0.000	0.000
208	  D	  1.4	  0.6	0.000	0.000	0.000
209	  F	  3.8	  0.8	0.000	0.000	0.000
210	  R	  3.8	  0.3	0.000	0.000	0.000
211	  Q	  2.5	  0.3	0.000	0.000	0.000
212	  G	  0.1	  0.3	0.000	0.000	0.000
213	  L	  0.1	  0.1	0.000	0.000	0.000
214	  L	  0.1	  0.0	0.000	0.000	0.000
215	  P	  0.1	  0.0	0.000	0.000	0.000
216	  V	  1.6	  0.0	0.000	0.000	0.000
217	  L	  1.8	  0.1	0.000	0.000	0.000
218	  E	  1.8	  0.1	0.000	0.000	0.000
219	  S	  0.8	  0.1	0.000	0.000	0.000
220	  L	  2.4	  0.1	0.000	0.000	0.000
221	  K	  3.7	  0.0	0.000	0.000	0.000
222	  V	  7.6	  0.0	0.000	0.102	0.102
223	  S	  9.1	  0.0	0.505	0.102	0.102
224	  F	  8.3	  0.0	0.505	0.102	0.102
225	  Q	  4.0	  0.0	0.505	0.102	0.102
226	  T	  0.8	  0.0	0.505	0.102	0.102
227	  A	  0.5	  0.0	0.505	0.102	0.102
228	  I	  0.6	  0.0	0.505	0.102	0.102
229	  D	  0.3	  0.1	37.691	0.000	0.000
230	  E	  0.3	  0.1	37.801	0.000	0.000
231	  A	  0.4	  0.1	37.690	0.000	0.000
232	  T	  1.1	  0.1	37.783	0.000	0.000
233	  K	  1.0	  0.1	37.783	0.000	0.000
234	  K	  1.5	  0.1	37.783	0.000	0.000
235	  L	  1.0	  0.1	25.143	0.000	0.000
236	  K	  1.1	  0.0	19.829	0.000	0.000
237	  A	  0.4	  0.1	10.412	0.000	0.000
238	  S	  0.1	  0.1	6.571	0.000	0.000
239	  E	  0.0	  0.2	2.048	0.000	0.000
240	  G	  0.0	  0.2	1.288	0.000	0.000
241	  P	  0.0	  0.1	0.312	0.000	0.000
242	  A	  0.0	  0.1	0.312	0.000	0.000
243	  A	  0.2	  0.0	0.312	0.000	0.000
244	  A	  0.2	  0.0	0.312	0.000	0.000
245	  A	  0.1	  0.4	0.312	0.000	0.000
246	  P	  0.0	  0.4	0.000	0.000	0.000
247	  S	  0.0	  0.4	0.000	0.000	0.000
248	  A	  0.0	  0.4	0.000	0.000	0.000
