res	aa	Beta	Turn	Helix	Aggregation	Conc-Stab_Aggregation
01	  D	  0.0	  0.0	0.000	0.000	0.000
02	  E	  0.0	  0.0	0.000	0.000	0.000
03	  P	  0.0	  0.1	0.000	0.000	0.000
04	  Q	  0.1	  0.1	0.000	0.000	0.000
05	  S	  0.4	  0.1	0.000	0.000	0.000
06	  S	  6.1	  0.6	0.140	0.000	0.000
07	  W	  6.2	  0.5	0.140	0.000	0.000
08	  D	  6.0	  0.5	1.175	0.000	0.000
09	  R	  2.0	  0.5	1.175	0.000	0.000
10	  V	  2.6	  0.1	1.175	0.000	0.000
11	  R	  2.7	  0.1	1.175	0.000	0.000
12	  D	  1.0	  0.1	1.483	0.000	0.000
13	  L	  0.1	  0.3	1.483	4.236	4.236
14	  A	  0.2	  0.2	1.328	4.236	4.236
15	  N	  4.6	  0.2	1.181	4.236	4.236
16	  V	 10.8	  0.2	0.471	4.236	4.236
17	  Y	 12.0	  0.0	0.471	4.236	4.236
18	  V	  8.4	  0.1	0.000	3.892	3.892
19	  D	  2.2	  0.1	0.364	0.000	0.000
20	  A	  1.4	  0.1	0.364	0.000	0.000
21	  V	  2.6	  0.0	0.364	0.000	0.000
22	  K	  2.6	  0.4	0.364	0.000	0.000
23	  E	  1.9	  0.5	0.364	0.000	0.000
24	  S	  0.2	  0.8	0.364	0.000	0.000
25	  G	  0.1	  0.8	0.000	0.000	0.000
26	  R	  0.3	  0.5	0.000	0.000	0.000
27	  E	  0.3	  0.3	0.000	0.000	0.000
28	  Y	  2.1	  0.1	0.000	0.000	0.000
29	  V	  4.0	  0.0	0.000	0.000	0.000
30	  S	  4.0	  0.1	1.876	0.000	0.000
31	  Q	  3.8	  0.1	1.876	0.000	0.000
32	  L	  2.0	  0.1	2.019	0.000	0.000
33	  E	  1.9	  0.1	2.336	0.000	0.000
34	  A	  0.6	  0.0	2.336	0.000	0.000
35	  S	  0.5	  0.3	3.068	0.000	0.000
36	  A	  0.4	  0.4	2.255	0.000	0.000
37	  L	  0.2	  0.5	2.255	0.000	0.000
38	  G	  0.1	  0.5	2.074	0.000	0.000
39	  K	  0.2	  0.3	1.332	0.000	0.000
40	  Q	  1.1	  0.2	0.732	0.000	0.000
41	  L	  2.8	  0.1	0.474	0.000	0.000
42	  N	  3.0	  0.0	0.636	0.000	0.000
43	  L	  3.6	  0.0	0.473	0.000	0.000
44	  K	  2.5	  0.0	0.328	0.000	0.000
45	  L	  2.8	  0.0	0.162	0.000	0.000
46	  V	  1.8	  0.2	0.162	0.000	0.000
47	  D	  1.2	  0.2	0.162	0.000	0.000
48	  N	  1.2	  0.7	0.123	0.000	0.000
49	  W	  1.1	  0.8	0.123	0.000	0.000
50	  D	  1.1	  0.7	0.123	0.000	0.000
51	  T	  0.6	  0.8	0.123	0.000	0.000
52	  L	  0.2	  0.9	0.123	0.000	0.000
53	  G	  0.2	  0.9	0.123	0.000	0.000
54	  S	  0.7	  0.8	0.000	0.000	0.000
55	  T	 20.7	  0.7	0.000	0.000	0.000
56	  F	 22.4	  0.1	0.000	0.000	0.000
57	  Q	 22.3	  0.1	0.000	0.000	0.000
58	  K	  4.4	  0.1	0.000	0.000	0.000
59	  V	  3.5	  0.1	0.000	0.000	0.000
60	  H	  3.3	  0.2	0.000	0.000	0.000
61	  E	  1.7	  0.2	0.000	0.000	0.000
62	  H	  0.6	  0.2	0.000	0.000	0.000
63	  L	  0.2	  0.2	0.000	0.000	0.000
64	  G	  0.2	  0.0	0.000	0.000	0.000
65	  P	  0.0	  0.0	0.000	0.000	0.000
66	  V	  1.7	  0.0	0.000	0.000	0.000
67	  A	  1.8	  0.0	0.000	0.000	0.000
68	  Q	  2.1	  0.0	0.000	0.000	0.000
69	  E	  0.9	  0.0	0.000	0.000	0.000
70	  F	  2.7	  0.0	0.000	0.000	0.000
71	  W	  3.7	  0.1	0.000	0.000	0.000
72	  E	  3.2	  0.1	0.000	0.000	0.000
73	  K	  3.1	  0.1	0.000	0.000	0.000
74	  L	  1.9	  0.2	0.000	0.000	0.000
75	  E	  1.9	  0.1	0.000	0.000	0.000
76	  K	  0.4	  0.1	0.847	0.000	0.000
77	  E	  0.3	  0.1	1.492	0.000	0.000
78	  T	  0.2	  0.1	20.880	0.000	0.000
79	  E	  0.1	  0.1	21.496	0.000	0.000
80	  E	  0.3	  0.1	21.928	0.000	0.000
81	  L	  0.4	  0.1	21.928	0.000	0.000
82	  R	  0.5	  0.1	21.928	0.000	0.000
83	  R	  0.4	  0.0	21.928	0.000	0.000
84	  E	  3.4	  0.0	19.169	0.000	0.000
85	  I	  3.7	  0.0	12.219	0.000	0.000
86	  N	  3.5	  0.8	12.192	0.000	0.000
87	  K	  0.4	  0.8	6.833	0.000	0.000
88	  D	  0.3	  0.8	3.256	0.000	0.000
89	  L	  0.3	  1.0	2.258	0.000	0.000
90	  E	  0.3	  0.2	2.258	0.000	0.000
91	  D	  2.1	  0.2	2.258	0.000	0.000
92	  V	  4.6	  0.2	2.258	0.000	0.000
93	  R	  4.9	  0.0	2.258	0.000	0.000
94	  Q	  3.3	  0.1	1.907	0.000	0.000
95	  K	  1.5	  0.1	1.247	0.000	0.000
96	  T	  1.3	  0.1	0.127	0.000	0.000
97	  Q	  1.1	  0.0	0.127	0.000	0.000
98	  P	  0.2	  0.0	0.000	0.000	0.000
99	  F	  0.9	  0.1	0.238	0.000	0.000
100	  L	  0.9	  0.1	0.238	0.000	0.000
101	  D	  0.9	  0.1	12.591	0.000	0.000
102	  E	  0.7	  0.1	13.232	0.000	0.000
103	  I	  0.9	  0.0	13.599	0.000	0.000
104	  Q	  1.0	  0.0	13.826	0.000	0.000
105	  K	  0.4	  0.0	14.042	0.000	0.000
106	  K	  0.8	  0.0	14.297	0.000	0.000
107	  W	  1.1	  0.0	12.737	0.000	0.000
108	  Q	  1.1	  0.2	12.118	0.000	0.000
109	  E	  0.6	  0.2	12.261	0.000	0.000
110	  D	  0.2	  0.2	20.325	0.000	0.000
111	  L	  0.3	  0.3	20.620	0.000	0.000
112	  E	  0.5	  0.1	20.620	0.000	0.000
113	  R	  1.1	  0.1	20.511	0.000	0.000
114	  Y	  2.7	  0.1	20.068	0.000	0.000
115	  R	  2.7	  0.1	16.864	0.000	0.000
116	  Q	  2.4	  0.1	14.402	0.000	0.000
117	  K	 14.3	  0.1	6.336	0.000	0.000
118	  V	 14.7	  0.0	2.076	0.000	0.000
119	  E	 14.3	  0.0	1.851	0.000	0.000
120	  P	  0.6	  0.0	0.000	0.000	0.000
121	  L	  0.6	  0.0	0.000	0.000	0.000
122	  S	  0.9	  0.0	1.894	0.000	0.000
123	  A	  1.2	  0.0	1.894	0.000	0.000
124	  Q	  1.5	  0.0	1.894	0.000	0.000
125	  L	  1.3	  0.1	1.894	0.000	0.000
126	  R	  0.9	  0.5	2.388	0.000	0.000
127	  E	  0.1	  0.7	2.388	0.000	0.000
128	  G	  0.0	  0.7	3.541	0.000	0.000
129	  A	  0.2	  0.6	2.927	0.000	0.000
130	  R	  0.5	  0.3	2.669	0.000	0.000
131	  Q	  0.9	  0.1	2.437	0.000	0.000
132	  K	  1.0	  0.1	2.437	0.000	0.000
133	  L	  0.8	  0.1	2.118	0.000	0.000
134	  M	  1.4	  0.1	1.843	0.000	0.000
135	  E	  1.4	  0.0	1.532	0.000	0.000
136	  L	  1.4	  0.1	1.299	0.000	0.000
137	  Q	  0.5	  0.1	1.134	0.000	0.000
138	  E	  0.2	  0.1	0.224	0.000	0.000
139	  Q	  1.5	  0.1	0.000	0.000	0.000
140	  V	  2.0	  0.0	0.000	0.000	0.000
141	  T	  2.0	  0.4	0.000	0.000	0.000
142	  P	  0.7	  0.4	0.000	0.000	0.000
143	  L	  0.0	  0.6	0.000	0.000	0.000
144	  G	  0.0	  1.0	0.202	0.000	0.000
145	  E	  0.0	  0.5	0.202	0.000	0.000
146	  D	  0.4	  0.5	0.347	0.000	0.000
147	  L	  0.6	  0.6	0.347	0.000	0.000
148	  R	  0.7	  0.2	0.347	0.000	0.000
149	  D	  0.4	  0.2	0.492	0.000	0.000
150	  S	  4.2	  0.2	0.290	0.000	0.000
151	  V	  5.5	  0.1	0.290	0.000	0.000
152	  R	  5.7	  0.0	0.290	0.000	0.000
153	  A	  2.0	  0.0	0.290	0.000	0.000
154	  Y	  0.8	  0.3	0.290	0.000	0.000
155	  A	  0.5	  0.3	0.000	0.000	0.000
156	  D	  0.3	  0.3	0.165	0.000	0.000
157	  T	  2.7	  0.3	0.165	0.000	0.000
158	  L	  2.9	  0.1	0.165	0.000	0.000
159	  R	  3.1	  0.1	0.165	0.000	0.000
160	  T	  1.6	  0.1	0.165	0.000	0.000
161	  Q	  1.7	  0.1	0.165	0.000	0.000
162	  L	  1.5	  0.1	0.000	0.000	0.000
163	  A	  0.4	  0.2	0.000	0.000	0.000
164	  P	  0.0	  0.1	0.000	0.000	0.000
165	  Y	  0.7	  0.2	0.000	0.000	0.000
166	  S	  0.7	  0.3	4.215	0.000	0.000
167	  E	  0.8	  0.1	4.215	0.000	0.000
168	  Q	  1.1	  0.1	4.215	0.000	0.000
169	  M	  1.4	  0.1	4.215	0.000	0.000
170	  R	  1.6	  0.1	4.215	0.000	0.000
171	  K	  0.9	  0.1	4.215	0.000	0.000
172	  T	  0.7	  0.1	3.500	0.000	0.000
173	  L	  0.4	  0.2	3.500	0.000	0.000
174	  G	  0.2	  0.1	3.380	0.000	0.000
175	  A	  0.3	  0.1	2.107	0.000	0.000
176	  R	  0.7	  0.1	1.582	0.000	0.000
177	  L	  0.9	  0.0	1.275	0.000	0.000
178	  E	  0.7	  0.0	1.275	0.000	0.000
179	  A	  0.8	  0.0	1.116	0.000	0.000
180	  I	  1.4	  0.1	0.977	0.000	0.000
181	  K	  1.4	  0.3	0.977	0.000	0.000
182	  E	  0.9	  0.6	0.156	0.000	0.000
183	  G	  0.0	  0.8	0.156	0.000	0.000
184	  G	  0.1	  0.8	0.000	0.000	0.000
185	  S	  3.6	  1.5	0.308	0.000	0.000
186	  A	  4.1	  1.3	0.308	0.000	0.000
187	  S	  4.1	  1.0	1.078	0.000	0.000
188	  L	  0.7	  1.1	1.078	0.000	0.000
189	  A	  0.3	  0.2	1.078	0.000	0.000
190	  E	  4.1	  0.1	1.078	0.000	0.000
191	  Y	  5.9	  0.2	0.946	0.000	0.000
192	  H	  6.1	  0.2	0.770	0.000	0.000
193	  A	  2.3	  0.2	0.477	0.000	0.000
194	  K	  0.5	  0.2	0.477	0.000	0.000
195	  A	  0.3	  0.2	0.163	0.000	0.000
196	  S	  0.2	  0.2	0.163	0.000	0.000
197	  E	  0.1	  0.2	0.000	0.000	0.000
198	  Q	  0.9	  0.2	0.000	0.000	0.000
199	  L	  1.7	  0.2	0.000	0.000	0.000
200	  S	  1.8	  0.3	0.000	0.000	0.000
201	  A	  1.0	  0.3	0.000	0.000	0.000
202	  L	  0.2	  0.4	0.000	0.000	0.000
203	  G	  0.1	  0.4	0.000	0.000	0.000
204	  E	  0.1	  0.2	0.000	0.000	0.000
205	  K	  0.8	  0.2	0.000	0.000	0.000
206	  A	  0.8	  0.1	0.000	0.000	0.000
207	  K	  0.7	  0.0	0.000	0.000	0.000
208	  P	  0.0	  0.0	0.000	0.000	0.000
209	  V	  1.6	  0.0	0.000	0.000	0.000
210	  L	  1.7	  0.2	0.000	0.000	0.000
211	  E	  1.7	  0.2	0.000	0.000	0.000
212	  D	  0.4	  0.2	0.000	0.000	0.000
213	  I	  1.5	  0.2	0.000	0.000	0.000
214	  H	  1.6	  0.3	0.000	0.000	0.000
215	  Q	  1.3	  0.3	0.000	0.000	0.000
216	  G	  0.1	  0.3	0.000	0.000	0.000
217	  L	  0.1	  0.3	0.000	0.000	0.000
218	  M	  0.2	  0.2	0.000	0.000	0.000
219	  P	  0.1	  0.2	0.000	0.000	0.000
220	  M	  0.2	  0.2	0.000	0.000	0.000
221	  W	  1.0	  0.3	0.000	0.000	0.000
222	  E	  1.2	  0.2	0.000	0.000	0.000
223	  S	  2.9	  0.2	0.000	0.000	0.000
224	  F	  2.5	  0.4	0.000	0.000	0.000
225	  K	  2.3	  0.3	0.000	0.000	0.000
226	  T	  0.6	  0.3	0.000	0.819	0.819
227	  G	  0.1	  0.3	0.000	2.223	2.223
228	  V	  3.6	  0.1	0.000	4.394	4.394
229	  L	  6.6	  0.0	0.000	4.394	4.394
230	  N	  9.7	  0.0	0.138	4.394	4.394
231	  V	 11.0	  0.0	0.138	4.394	4.394
232	  I	  8.0	  0.0	0.811	3.967	3.967
233	  D	  4.8	  0.1	7.517	0.000	0.000
234	  E	  0.2	  0.1	7.776	0.000	0.000
235	  A	  0.1	  0.1	7.776	0.000	0.000
236	  A	  0.2	  0.1	7.776	0.000	0.000
237	  K	  0.2	  0.1	7.776	0.000	0.000
238	  K	  2.2	  0.1	7.596	0.000	0.000
239	  L	  2.9	  0.1	2.910	0.000	0.000
240	  T	  2.9	  0.0	0.178	0.000	0.000
241	  A	  0.8	  0.0	0.178	0.000	0.000
