res	aa	Beta	Turn	Helix	Aggregation	Conc-Stab_Aggregation
01	  D	  0.0	  0.0	0.000	0.000	0.000
02	  E	  0.0	  0.0	0.000	0.000	0.000
03	  P	  0.0	  0.0	0.000	0.000	0.000
04	  Q	  0.0	  0.0	0.000	0.000	0.000
05	  S	  0.0	  0.3	0.172	0.000	0.000
06	  P	  0.0	  0.3	0.172	0.000	0.000
07	  W	  0.2	  0.3	0.172	0.000	0.000
08	  D	  0.3	  0.3	0.172	0.000	0.000
09	  R	  1.9	  0.1	0.172	0.000	0.000
10	  V	  3.3	  0.2	0.172	0.427	0.427
11	  K	  3.3	  0.1	0.172	0.518	0.518
12	  D	  1.7	  0.1	2.623	0.518	0.518
13	  L	  0.1	  0.1	2.623	40.401	40.401
14	  A	  0.8	  0.0	2.623	41.634	41.634
15	  T	  6.8	  0.0	2.623	41.634	41.634
16	  V	 12.7	  0.0	2.623	41.634	41.634
17	  Y	 13.4	  0.0	2.623	41.634	41.634
18	  V	  8.2	  0.1	0.885	38.422	38.422
19	  D	  2.1	  0.1	1.319	0.356	0.356
20	  A	  1.4	  0.1	1.045	0.356	0.356
21	  V	  2.5	  0.1	1.045	0.356	0.356
22	  K	  2.5	  0.3	1.045	0.356	0.356
23	  E	  1.8	  1.6	0.607	0.000	0.000
24	  G	  0.0	  1.8	0.607	0.000	0.000
25	  G	  0.0	  2.0	0.140	0.000	0.000
26	  R	  0.3	  1.8	0.000	0.000	0.000
27	  D	  0.7	  0.5	0.000	0.000	0.000
28	  Y	  3.3	  0.3	0.000	0.769	0.769
29	  V	  4.6	  0.0	0.000	0.769	0.769
30	  A	  4.5	  0.0	0.000	0.769	0.769
31	  Q	  9.0	  0.0	0.000	0.769	0.769
32	  F	  9.8	  0.0	0.134	0.769	0.769
33	  E	  9.6	  0.0	0.382	0.000	0.000
34	  A	  2.8	  0.1	0.382	0.000	0.000
35	  S	  0.5	  0.3	1.069	0.000	0.000
36	  A	  0.4	  0.4	1.069	0.000	0.000
37	  L	  0.2	  0.5	1.069	0.000	0.000
38	  G	  0.1	  0.5	1.069	0.000	0.000
39	  K	  0.2	  0.3	0.935	0.000	0.000
40	  Q	  1.1	  0.2	0.686	0.000	0.000
41	  L	  2.8	  0.1	0.446	0.000	0.000
42	  N	  3.0	  0.0	1.267	0.000	0.000
43	  L	  3.6	  0.0	1.114	0.000	0.000
44	  K	  2.2	  0.0	0.977	0.000	0.000
45	  L	  2.2	  0.0	0.821	0.000	0.000
46	  L	  0.8	  0.3	0.821	0.000	0.000
47	  D	  0.6	  0.3	0.821	0.000	0.000
48	  N	  0.8	  0.9	0.357	0.000	0.000
49	  W	  1.3	  1.1	0.000	0.000	0.000
50	  D	  1.2	  0.9	0.000	0.000	0.000
51	  S	  2.3	  0.9	0.000	0.000	0.000
52	  L	  2.2	  0.3	0.000	0.522	0.522
53	  T	  3.0	  0.2	0.000	0.522	0.522
54	  S	  1.8	  0.1	0.669	0.522	0.522
55	  T	 12.5	  0.1	0.669	0.522	0.522
56	  V	 13.5	  0.1	0.669	0.522	0.522
57	  T	 13.9	  0.0	1.076	0.193	0.193
58	  K	  3.6	  0.0	1.076	0.000	0.000
59	  L	  1.7	  0.1	1.076	0.000	0.000
60	  R	  0.8	  0.1	0.866	0.000	0.000
61	  E	  0.1	  0.1	0.735	0.000	0.000
62	  Q	  0.2	  0.1	0.605	0.000	0.000
63	  I	  0.1	  0.1	0.120	0.000	0.000
64	  G	  0.1	  0.0	0.120	0.000	0.000
65	  P	  0.0	  0.0	0.000	0.000	0.000
66	  V	  4.1	  0.0	0.000	0.000	0.000
67	  T	  4.6	  0.1	0.000	0.000	0.000
68	  Q	  5.0	  0.1	0.000	0.000	0.000
69	  E	  1.4	  0.1	0.000	0.000	0.000
70	  F	  2.1	  0.1	0.000	0.000	0.000
71	  W	  2.0	  0.4	0.000	0.000	0.000
72	  D	  1.5	  0.5	0.163	0.000	0.000
73	  N	  0.8	  0.5	0.334	0.000	0.000
74	  L	  0.7	  0.4	0.334	0.000	0.000
75	  E	  0.8	  0.1	0.334	0.000	0.000
76	  K	  0.5	  0.1	0.567	0.000	0.000
77	  E	  0.4	  0.1	0.713	0.000	0.000
78	  T	  0.7	  0.1	4.491	0.000	0.000
79	  E	  1.0	  0.1	4.491	0.000	0.000
80	  V	  3.0	  0.0	4.491	0.000	0.000
81	  L	  3.0	  0.0	4.491	0.000	0.000
82	  R	  2.7	  0.1	4.491	0.000	0.000
83	  Q	  0.7	  0.1	4.491	0.000	0.000
84	  E	  0.8	  0.1	1.507	0.000	0.000
85	  M	  0.9	  0.1	0.793	0.000	0.000
86	  S	  1.4	  1.4	0.844	0.000	0.000
87	  K	  1.0	  1.4	0.614	0.000	0.000
88	  D	  0.8	  1.4	4.742	0.000	0.000
89	  L	  0.3	  1.4	5.014	0.000	0.000
90	  E	  0.3	  0.1	5.310	0.000	0.000
91	  E	 13.4	  0.0	5.455	0.000	0.000
92	  V	 15.3	  0.1	5.324	0.000	0.000
93	  K	 15.5	  0.0	5.324	0.000	0.000
94	  Q	  3.0	  0.0	4.252	0.000	0.000
95	  K	  3.6	  0.0	3.408	0.000	0.000
96	  V	  3.7	  0.0	1.369	0.000	0.000
97	  Q	  3.2	  0.0	1.369	0.000	0.000
98	  P	  0.4	  0.0	0.000	0.000	0.000
99	  Y	  1.0	  0.1	0.000	0.000	0.000
100	  L	  1.0	  0.2	0.000	0.000	0.000
101	  D	  1.0	  0.2	3.861	0.000	0.000
102	  E	  1.6	  0.2	3.861	0.000	0.000
103	  F	  3.6	  0.1	3.861	0.000	0.000
104	  Q	  3.7	  0.2	3.861	0.000	0.000
105	  K	  2.3	  0.2	3.861	0.000	0.000
106	  N	  0.5	  0.2	3.861	0.000	0.000
107	  W	  1.0	  0.2	2.214	0.000	0.000
108	  H	  1.0	  0.1	1.510	0.000	0.000
109	  E	  0.8	  0.1	0.307	0.000	0.000
110	  E	  2.4	  0.1	0.000	0.000	0.000
111	  V	  7.4	  0.1	0.763	0.000	0.000
112	  E	  8.1	  0.0	0.763	0.000	0.000
113	  L	  5.9	  0.0	0.763	0.000	0.000
114	  D	  1.1	  0.2	1.055	0.000	0.000
115	  R	  0.4	  0.2	1.055	0.000	0.000
116	  Q	  1.0	  0.2	1.055	0.000	0.000
117	  K	  6.4	  0.2	0.498	0.000	0.000
118	  V	  6.6	  0.0	0.291	0.000	0.000
119	  A	  5.9	  0.4	0.291	0.000	0.000
120	  P	  0.5	  0.4	0.000	0.000	0.000
121	  L	  0.0	  0.5	0.000	0.000	0.000
122	  G	  0.0	  0.5	0.674	0.000	0.000
123	  A	  0.1	  0.1	0.674	0.000	0.000
124	  E	  0.4	  0.1	0.674	0.000	0.000
125	  L	  0.4	  0.2	0.674	0.000	0.000
126	  R	  0.3	  0.4	0.674	0.000	0.000
127	  E	  0.1	  0.4	0.674	0.000	0.000
128	  G	  0.1	  0.4	0.263	0.000	0.000
129	  V	  2.1	  0.3	0.000	0.000	0.000
130	  S	  2.4	  0.1	0.000	0.000	0.000
131	  Q	  2.6	  0.1	0.000	0.000	0.000
132	  K	  0.8	  0.1	0.000	0.000	0.000
133	  I	  0.5	  2.6	0.000	0.000	0.000
134	  G	  0.3	  2.8	0.000	0.000	0.000
135	  D	  0.0	  2.8	1.355	0.000	0.000
136	  N	  0.8	  2.8	4.181	0.000	0.000
137	  M	  0.9	  0.2	4.181	0.000	0.000
138	  R	  0.9	  0.1	4.181	0.000	0.000
139	  E	  0.5	  0.1	4.181	0.000	0.000
140	  L	  0.6	  0.1	4.181	0.000	0.000
141	  Q	  0.8	  0.1	4.181	0.000	0.000
142	  Q	  1.3	  0.1	3.543	0.000	0.000
143	  R	  1.5	  0.1	2.480	0.000	0.000
144	  F	  1.3	  0.3	1.960	0.000	0.000
145	  G	  0.3	  0.5	0.680	0.000	0.000
146	  P	  0.0	  0.5	0.000	0.000	0.000
147	  Y	  0.3	  0.8	0.000	0.000	0.000
148	  A	  0.3	  0.6	0.000	0.000	0.000
149	  D	  0.3	  0.5	0.559	0.000	0.000
150	  E	  0.3	  0.5	0.559	0.000	0.000
151	  L	  0.5	  0.2	0.559	0.000	0.000
152	  R	  0.8	  0.2	0.559	0.000	0.000
153	  T	  1.4	  0.1	0.559	0.000	0.000
154	  Q	  1.8	  0.1	0.559	0.000	0.000
155	  V	  2.9	  0.0	0.147	0.000	0.000
156	  N	  2.2	  0.1	0.147	0.000	0.000
157	  T	  2.4	  0.1	1.250	0.000	0.000
158	  H	  1.2	  0.1	2.909	0.000	0.000
159	  A	  1.0	  0.1	4.188	0.000	0.000
160	  E	  0.2	  0.1	4.335	0.000	0.000
161	  Q	  0.9	  0.1	4.335	0.000	0.000
162	  L	  1.2	  0.2	4.335	0.000	0.000
163	  R	  1.3	  0.2	4.335	0.000	0.000
164	  N	  0.4	  0.2	4.335	0.000	0.000
165	  Q	  0.3	  0.2	2.950	0.000	0.000
166	  L	  0.3	  0.1	1.479	0.000	0.000
167	  A	  0.7	  0.1	1.330	0.000	0.000
168	  S	  0.8	  0.1	0.774	0.000	0.000
169	  H	  0.9	  0.3	0.000	0.000	0.000
170	  A	  0.6	  0.3	0.000	0.000	0.000
171	  Q	  0.8	  0.2	0.000	0.000	0.000
172	  R	  1.1	  0.2	0.000	0.000	0.000
173	  M	  1.1	  0.1	0.000	0.000	0.000
174	  Q	  0.8	  0.1	0.000	0.000	0.000
175	  T	  0.7	  0.1	0.211	0.000	0.000
176	  A	  0.9	  0.1	0.211	0.000	0.000
177	  L	  1.2	  0.1	0.211	0.000	0.000
178	  R	  2.3	  0.2	0.211	0.000	0.000
179	  Q	  2.6	  0.2	0.211	0.000	0.000
180	  N	  3.7	  0.7	0.211	0.000	0.000
181	  V	  2.5	  0.8	0.000	0.000	0.000
182	  D	  1.8	  0.7	0.331	0.000	0.000
183	  D	  0.5	  0.7	0.478	0.000	0.000
184	  L	  0.5	  0.2	0.478	0.000	0.000
185	  Q	  0.7	  0.1	0.478	0.000	0.000
186	  A	  1.1	  0.0	0.478	0.000	0.000
187	  S	  3.8	  0.0	0.478	0.000	0.000
188	  L	  3.8	  0.0	0.147	0.000	0.000
189	  T	  3.3	  0.2	0.184	0.000	0.000
190	  P	  0.2	  0.2	0.184	0.000	0.000
191	  Y	  0.3	  0.4	0.184	0.000	0.000
192	  A	  0.3	  0.5	0.730	0.000	0.000
193	  D	  0.3	  0.4	5.170	0.000	0.000
194	  E	  1.4	  0.4	6.131	0.000	0.000
195	  L	  1.7	  0.2	6.131	0.000	0.000
196	  K	  2.0	  0.2	6.131	0.000	0.000
197	  A	  1.0	  0.0	6.131	0.000	0.000
198	  K	  1.9	  0.0	6.131	0.000	0.000
199	  I	  2.7	  0.0	4.060	0.000	0.000
200	  D	  2.4	  0.7	4.060	0.000	0.000
201	  Q	  1.8	  0.7	2.998	0.000	0.000
202	  N	  4.9	  0.7	3.309	0.000	0.000
203	  V	  5.4	  0.7	1.868	0.000	0.000
204	  E	  4.9	  0.1	2.020	0.000	0.000
205	  E	  2.0	  0.1	2.020	0.000	0.000
206	  L	  1.4	  0.7	2.020	0.000	0.000
207	  K	  1.4	  0.7	2.020	0.000	0.000
208	  G	  0.1	  0.7	1.573	0.000	0.000
209	  R	  1.3	  0.7	0.724	0.000	0.000
210	  L	  1.5	  0.1	0.182	0.000	0.000
211	  T	  1.5	  0.2	0.000	0.000	0.000
212	  P	  0.2	  0.2	0.000	0.000	0.000
213	  Y	  0.3	  0.4	0.000	0.000	0.000
214	  A	  0.3	  0.5	0.000	0.000	0.000
215	  D	  0.3	  0.4	1.830	0.000	0.000
216	  E	  1.3	  0.4	1.965	0.000	0.000
217	  L	  3.0	  0.2	1.965	0.000	0.000
218	  K	  7.2	  0.1	1.965	0.000	0.000
219	  V	 13.2	  0.0	1.965	0.000	0.000
220	  K	 12.7	  0.0	1.965	0.000	0.000
221	  I	  9.6	  0.0	1.271	0.000	0.000
222	  D	  2.5	  0.7	1.271	0.000	0.000
223	  Q	  1.7	  0.7	0.620	0.000	0.000
224	  N	  5.1	  0.7	0.462	0.000	0.000
225	  V	  5.7	  0.7	0.162	0.000	0.000
226	  E	  5.1	  0.1	0.162	0.000	0.000
227	  E	  1.5	  0.1	0.162	0.000	0.000
228	  L	  0.9	  0.1	0.162	0.000	0.000
229	  D	  0.9	  0.1	0.162	0.000	0.000
230	  R	  0.3	  0.0	0.162	0.000	0.000
231	  V	  0.3	  0.0	0.162	0.000	0.000
232	  P	  0.3	  0.0	0.000	0.000	0.000
233	  A	  0.3	  0.0	0.000	0.000	0.000
234	  F	  1.1	  0.2	0.000	0.000	0.000
235	  E	  1.1	  0.2	0.218	0.000	0.000
236	  E	  1.5	  0.2	0.218	0.000	0.000
237	  L	  1.6	  0.2	0.218	0.000	0.000
238	  T	  2.9	  0.0	0.218	0.000	0.000
239	  A	  2.5	  0.0	0.218	0.000	0.000
240	  Q	  1.8	  0.1	0.218	0.000	0.000
241	  W	  0.6	  0.4	0.000	0.000	0.000
242	  G	  0.3	  0.5	0.000	0.000	0.000
243	  R	  0.6	  0.5	0.000	0.000	0.000
244	  L	  3.1	  0.3	0.000	0.000	0.000
245	  S	  4.3	  0.0	0.000	0.000	0.000
246	  F	  4.0	  0.0	0.000	0.000	0.000
247	  L	  1.5	  0.0	0.000	0.000	0.000
248	  P	  0.2	  0.0	0.000	0.000	0.000
