res	aa	Beta	Turn	Helix	Aggregation	Conc-Stab_Aggregation
01	  D	  0.0	  0.0	0.000	0.000	0.000
02	  E	  0.0	  0.0	0.000	0.000	0.000
03	  P	  0.0	  0.0	0.000	0.000	0.000
04	  Q	  0.0	  0.0	0.000	0.000	0.000
05	  S	  0.0	  0.3	0.172	0.000	0.000
06	  P	  0.0	  0.3	0.172	0.000	0.000
07	  W	  0.2	  0.3	0.172	0.000	0.000
08	  D	  0.3	  0.3	0.172	0.000	0.000
09	  R	  1.9	  0.1	0.172	0.000	0.000
10	  V	  3.3	  0.2	0.172	0.431	0.431
11	  K	  3.3	  0.1	0.172	0.522	0.522
12	  D	  1.7	  0.1	2.623	0.522	0.522
13	  L	  0.1	  0.1	2.623	40.757	40.757
14	  A	  0.8	  0.0	2.623	42.001	42.001
15	  T	  6.8	  0.0	2.623	42.001	42.001
16	  V	 12.7	  0.0	2.623	42.001	42.001
17	  Y	 13.4	  0.0	2.623	42.001	42.001
18	  V	  8.2	  0.1	0.885	38.760	38.760
19	  D	  2.1	  0.1	1.319	0.360	0.360
20	  A	  1.4	  0.1	1.045	0.360	0.360
21	  V	  2.5	  0.1	1.045	0.360	0.360
22	  K	  2.5	  0.3	1.045	0.360	0.360
23	  E	  1.8	  1.6	0.607	0.000	0.000
24	  G	  0.0	  1.8	0.607	0.000	0.000
25	  G	  0.0	  2.0	0.140	0.000	0.000
26	  R	  0.3	  1.8	0.000	0.000	0.000
27	  D	  0.7	  0.5	0.000	0.000	0.000
28	  Y	  3.3	  0.3	0.000	0.781	0.781
29	  V	  4.6	  0.0	0.000	0.781	0.781
30	  A	  4.5	  0.0	0.000	0.781	0.781
31	  Q	  9.0	  0.0	0.000	0.781	0.781
32	  F	  9.8	  0.0	0.134	0.781	0.781
33	  E	  9.6	  0.0	0.382	0.000	0.000
34	  A	  2.8	  0.1	0.382	0.000	0.000
35	  S	  0.5	  0.3	1.069	0.000	0.000
36	  A	  0.4	  0.4	1.069	0.000	0.000
37	  L	  0.2	  0.5	1.069	0.000	0.000
38	  G	  0.1	  0.5	1.069	0.000	0.000
39	  K	  0.2	  0.3	0.935	0.000	0.000
40	  Q	  1.1	  0.2	0.686	0.000	0.000
41	  L	  2.8	  0.1	0.446	0.000	0.000
42	  N	  3.0	  0.0	1.267	0.000	0.000
43	  L	  3.6	  0.0	1.114	0.000	0.000
44	  K	  2.2	  0.0	0.977	0.000	0.000
45	  L	  2.2	  0.0	0.821	0.000	0.000
46	  L	  0.8	  0.3	0.821	0.000	0.000
47	  D	  0.6	  0.3	0.821	0.000	0.000
48	  N	  0.8	  0.9	0.357	0.000	0.000
49	  W	  1.3	  1.1	0.000	0.000	0.000
50	  D	  1.2	  0.9	0.000	0.000	0.000
51	  S	  2.3	  0.9	0.000	0.000	0.000
52	  L	  2.2	  0.3	0.000	0.530	0.530
53	  T	  3.0	  0.2	0.000	0.530	0.530
54	  S	  1.8	  0.1	0.669	0.530	0.530
55	  T	 12.5	  0.1	0.669	0.530	0.530
56	  V	 13.5	  0.1	0.669	0.530	0.530
57	  T	 13.9	  0.0	1.076	0.195	0.195
58	  K	  3.6	  0.0	1.076	0.000	0.000
59	  L	  1.7	  0.1	1.076	0.000	0.000
60	  R	  0.8	  0.1	0.866	0.000	0.000
61	  E	  0.1	  0.1	0.735	0.000	0.000
62	  Q	  0.2	  0.1	0.605	0.000	0.000
63	  I	  0.1	  0.1	0.120	0.000	0.000
64	  G	  0.1	  0.0	0.120	0.000	0.000
65	  P	  0.0	  0.0	0.000	0.000	0.000
66	  V	  4.1	  0.0	0.000	0.000	0.000
67	  T	  4.6	  0.1	0.000	0.000	0.000
68	  Q	  5.0	  0.1	0.000	0.000	0.000
69	  E	  1.4	  0.1	0.000	0.000	0.000
70	  F	  2.1	  0.1	0.000	0.000	0.000
71	  W	  2.0	  0.4	0.000	0.000	0.000
72	  D	  1.5	  0.5	0.163	0.000	0.000
73	  N	  0.8	  0.5	0.334	0.000	0.000
74	  L	  0.7	  0.4	0.334	0.000	0.000
75	  E	  0.8	  0.1	0.334	0.000	0.000
76	  K	  0.5	  0.1	0.567	0.000	0.000
77	  E	  0.4	  0.1	0.713	0.000	0.000
78	  T	  0.7	  0.1	4.491	0.000	0.000
79	  E	  1.0	  0.1	4.491	0.000	0.000
80	  V	  3.0	  0.0	4.491	0.000	0.000
81	  L	  3.0	  0.0	4.491	0.000	0.000
82	  R	  2.7	  0.1	4.491	0.000	0.000
83	  Q	  0.7	  0.1	4.491	0.000	0.000
84	  E	  0.8	  0.1	1.507	0.000	0.000
85	  M	  0.9	  0.1	0.793	0.000	0.000
86	  S	  1.4	  1.4	0.844	0.000	0.000
87	  K	  1.0	  1.4	0.614	0.000	0.000
88	  D	  0.8	  1.4	4.742	0.000	0.000
89	  L	  0.3	  1.4	5.014	0.000	0.000
90	  E	  0.3	  0.1	5.310	0.000	0.000
91	  E	 13.4	  0.0	5.455	0.000	0.000
92	  V	 15.3	  0.1	5.324	0.000	0.000
93	  K	 15.5	  0.0	5.324	0.000	0.000
94	  Q	  3.0	  0.0	4.252	0.000	0.000
95	  K	  3.6	  0.0	3.408	0.000	0.000
96	  V	  3.7	  0.0	1.369	0.000	0.000
97	  Q	  3.2	  0.0	1.369	0.000	0.000
98	  P	  0.4	  0.0	0.000	0.000	0.000
99	  Y	  1.0	  0.1	0.000	0.000	0.000
100	  L	  1.0	  0.2	0.000	0.000	0.000
101	  D	  1.0	  0.2	3.860	0.000	0.000
102	  E	  1.6	  0.2	3.860	0.000	0.000
103	  F	  3.6	  0.1	3.860	0.000	0.000
104	  Q	  3.7	  0.2	3.860	0.000	0.000
105	  K	  2.3	  0.2	3.860	0.000	0.000
106	  N	  0.5	  0.2	3.860	0.000	0.000
107	  W	  1.0	  0.2	2.213	0.000	0.000
108	  H	  1.0	  0.1	1.508	0.000	0.000
109	  E	  0.8	  0.1	0.308	0.000	0.000
110	  E	  2.4	  0.1	0.181	0.000	0.000
111	  V	  7.1	  0.2	0.708	0.000	0.000
112	  E	  7.2	  0.1	0.708	0.000	0.000
113	  L	  5.1	  0.1	0.708	0.000	0.000
114	  Y	  2.6	  0.1	0.708	0.000	0.000
115	  R	  2.7	  0.1	0.708	0.000	0.000
116	  Q	  3.2	  0.1	0.708	0.000	0.000
117	  K	  6.3	  0.1	0.125	0.000	0.000
118	  V	  6.4	  0.0	0.000	0.000	0.000
119	  A	  5.8	  0.4	0.000	0.000	0.000
120	  P	  0.5	  0.4	0.000	0.000	0.000
121	  L	  0.0	  0.5	0.000	0.000	0.000
122	  G	  0.0	  0.5	1.003	0.000	0.000
123	  A	  0.1	  0.1	1.003	0.000	0.000
124	  E	  0.4	  0.1	1.003	0.000	0.000
125	  L	  0.4	  0.2	1.003	0.000	0.000
126	  R	  0.3	  0.5	1.394	0.000	0.000
127	  E	  0.1	  0.7	1.394	0.000	0.000
128	  G	  0.0	  0.7	3.688	0.000	0.000
129	  A	  0.2	  0.6	3.377	0.000	0.000
130	  R	  0.5	  0.3	3.232	0.000	0.000
131	  Q	  0.9	  0.1	3.089	0.000	0.000
132	  K	  1.3	  0.1	3.089	0.000	0.000
133	  L	  1.0	  0.1	2.697	0.000	0.000
134	  Q	  0.8	  0.1	2.419	0.000	0.000
135	  E	  0.5	  0.1	2.048	0.000	0.000
136	  L	  0.5	  0.1	1.783	0.000	0.000
137	  Q	  0.6	  0.1	1.577	0.000	0.000
138	  E	  0.3	  0.1	1.113	0.000	0.000
139	  K	  1.2	  0.1	0.852	0.000	0.000
140	  L	  1.2	  0.1	0.521	0.000	0.000
141	  S	  1.1	  0.6	0.332	0.000	0.000
142	  P	  0.1	  0.6	0.000	0.000	0.000
143	  L	  0.0	  0.7	0.000	0.000	0.000
144	  G	  0.0	  0.8	2.945	0.000	0.000
145	  E	  0.0	  0.2	3.199	0.000	0.000
146	  E	  0.3	  0.2	3.617	0.000	0.000
147	  L	  0.5	  0.3	3.617	0.000	0.000
148	  R	  0.5	  0.2	3.617	0.000	0.000
149	  D	  0.2	  0.3	3.617	0.000	0.000
150	  R	  0.2	  0.3	3.167	0.000	0.000
151	  A	  0.2	  0.1	2.822	0.000	0.000
152	  R	  0.6	  0.1	2.081	0.000	0.000
153	  T	  2.3	  0.1	0.398	0.000	0.000
154	  H	  3.7	  0.1	0.537	0.000	0.000
155	  V	  4.0	  0.0	0.730	0.000	0.000
156	  D	  2.1	  0.1	5.010	0.000	0.000
157	  A	  0.9	  0.1	5.010	0.000	0.000
158	  L	  0.8	  0.2	5.010	0.000	0.000
159	  R	  0.9	  0.2	5.010	0.000	0.000
160	  A	  0.9	  0.0	5.010	0.000	0.000
161	  Q	  0.8	  0.0	5.010	0.000	0.000
162	  L	  0.7	  0.0	1.760	0.000	0.000
163	  A	  0.4	  0.1	1.251	0.000	0.000
164	  P	  0.0	  0.1	0.000	0.000	0.000
165	  Y	  0.2	  0.3	0.000	0.000	0.000
166	  S	  0.2	  0.3	14.135	0.000	0.000
167	  D	  0.2	  0.3	24.383	0.000	0.000
168	  Q	  0.7	  0.3	27.085	0.000	0.000
169	  L	  0.7	  0.1	27.551	0.000	0.000
170	  R	  0.7	  0.1	28.143	0.000	0.000
171	  E	  0.1	  0.1	28.572	0.000	0.000
172	  R	  0.2	  0.1	28.817	0.000	0.000
173	  L	  0.2	  0.1	28.160	0.000	0.000
174	  A	  0.3	  0.0	27.703	0.000	0.000
175	  A	  0.3	  0.0	26.542	0.000	0.000
176	  R	  0.6	  0.0	24.293	0.000	0.000
177	  L	  0.9	  0.0	20.275	0.000	0.000
178	  Q	  0.8	  0.0	19.003	0.000	0.000
179	  A	  0.6	  0.0	14.280	0.000	0.000
180	  L	  0.4	  0.1	12.282	0.000	0.000
181	  K	  0.3	  1.3	9.656	0.000	0.000
182	  E	  0.1	  1.3	3.954	0.000	0.000
183	  D	  0.1	  1.9	1.867	0.000	0.000
184	  G	  0.0	  2.0	0.115	0.000	0.000
185	  G	  0.0	  1.0	0.142	0.000	0.000
186	  A	  0.5	  1.0	0.142	0.000	0.000
187	  S	  0.6	  0.4	0.950	0.000	0.000
188	  L	  0.6	  0.4	0.950	0.000	0.000
189	  A	  0.3	  0.2	0.950	0.000	0.000
190	  E	  4.1	  0.2	0.950	0.000	0.000
191	  Y	  6.0	  0.2	0.950	0.000	0.000
192	  H	  6.1	  0.2	0.808	0.000	0.000
193	  A	  2.3	  0.2	0.503	0.000	0.000
194	  K	  0.5	  0.2	0.503	0.000	0.000
195	  A	  0.3	  0.2	0.176	0.000	0.000
196	  S	  0.3	  0.2	0.176	0.000	0.000
197	  E	  0.2	  0.2	0.000	0.000	0.000
198	  H	  1.0	  0.2	0.000	0.000	0.000
199	  L	  1.7	  0.1	0.000	0.000	0.000
200	  S	  1.8	  0.0	0.193	0.000	0.000
201	  A	  1.2	  0.0	0.193	0.000	0.000
202	  L	  0.5	  0.1	0.193	0.000	0.000
203	  S	  0.4	  0.2	0.193	0.000	0.000
204	  E	  0.2	  0.2	0.193	0.000	0.000
205	  K	  0.8	  0.2	0.193	0.000	0.000
206	  A	  0.8	  0.1	0.000	0.000	0.000
207	  K	  0.7	  0.0	0.000	0.000	0.000
208	  P	  0.0	  0.0	0.000	0.000	0.000
209	  A	  0.1	  0.0	0.000	0.000	0.000
210	  L	  0.2	  0.3	0.000	0.000	0.000
211	  E	  0.2	  0.3	0.000	0.000	0.000
212	  D	  0.5	  0.3	0.000	0.000	0.000
213	  L	  0.8	  0.4	0.000	0.000	0.000
214	  R	  0.8	  0.3	0.000	0.000	0.000
215	  Q	  0.4	  0.3	0.000	0.000	0.000
216	  G	  0.1	  0.3	0.000	0.000	0.000
217	  L	  0.1	  0.1	0.000	0.000	0.000
218	  L	  0.1	  0.0	0.000	0.000	0.000
219	  P	  0.1	  0.0	0.000	0.000	0.000
220	  V	  1.6	  0.0	0.000	0.598	0.598
221	  L	  1.7	  0.3	0.000	0.598	0.598
222	  E	  1.9	  0.3	0.000	0.598	0.598
223	  S	  2.0	  0.3	0.000	0.598	0.598
224	  F	  4.6	  0.3	0.000	0.598	0.598
225	  K	  5.7	  0.0	0.000	0.598	0.598
226	  V	  9.0	  0.0	0.000	13.888	13.888
227	  S	  6.5	  0.0	0.122	15.014	15.014
228	  L	  5.4	  0.0	0.122	16.319	16.319
229	  L	  0.6	  0.0	0.122	16.319	16.319
230	  A	  0.5	  0.0	0.122	16.114	16.114
231	  A	  0.5	  0.0	0.122	15.358	15.358
232	  V	  0.5	  0.0	0.122	12.926	12.926
233	  D	  0.4	  0.1	25.554	0.000	0.000
234	  E	  0.3	  0.1	25.545	0.000	0.000
235	  A	  0.4	  0.1	25.545	0.000	0.000
236	  T	  1.3	  0.1	25.545	0.000	0.000
237	  K	  1.2	  0.1	25.545	0.000	0.000
238	  K	  1.6	  0.1	25.545	0.000	0.000
239	  L	  1.0	  0.1	14.825	0.000	0.000
240	  N	  1.0	  0.0	11.247	0.000	0.000
241	  A	  0.3	  0.0	6.650	0.000	0.000
242	  Q	  0.0	  0.0	1.674	0.000	0.000
