res	aa	Beta	Turn	Helix	Aggregation	Conc-Stab_Aggregation
01	  D	  0.0	  0.0	0.000	0.000	0.000
02	  E	  0.0	  0.0	0.000	0.000	0.000
03	  P	  0.0	  0.0	0.000	0.000	0.000
04	  Q	  0.0	  0.0	0.000	0.000	0.000
05	  T	  0.0	  0.0	0.159	0.000	0.000
06	  P	  0.0	  0.0	0.159	0.000	0.000
07	  L	  0.1	  0.0	0.159	0.000	0.000
08	  E	  0.1	  0.1	0.159	0.000	0.000
09	  Q	  1.2	  0.1	0.159	0.000	0.000
10	  V	  2.7	  0.2	0.159	0.000	0.000
11	  K	  2.8	  0.1	0.159	0.000	0.000
12	  D	  1.6	  0.1	2.264	0.000	0.000
13	  A	  0.2	  0.1	2.264	47.985	47.985
14	  L	  3.8	  0.0	2.264	57.371	57.371
15	  T	  9.7	  0.0	2.264	58.963	58.963
16	  V	 12.8	  0.0	2.264	61.528	61.528
17	  Y	 10.3	  0.1	2.264	61.755	61.755
18	  L	  4.8	  0.1	0.940	56.580	56.580
19	  N	  2.3	  0.1	0.940	24.979	24.979
20	  T	  9.0	  0.1	0.114	23.716	23.716
21	  V	  9.6	  0.1	0.114	22.810	22.810
22	  R	  8.8	  0.2	0.114	0.000	0.000
23	  D	  1.0	  0.6	0.000	0.000	0.000
24	  T	  0.2	  0.7	0.000	0.000	0.000
25	  G	  0.1	  0.7	0.000	0.000	0.000
26	  K	  0.3	  0.6	0.000	0.000	0.000
27	  E	  0.3	  0.2	0.000	0.000	0.000
28	  Y	  1.5	  0.1	0.000	0.000	0.000
29	  M	  1.6	  0.1	0.000	0.000	0.000
30	  S	  2.0	  0.1	0.000	0.000	0.000
31	  Q	  8.1	  0.1	0.000	0.000	0.000
32	  F	  9.2	  0.3	0.000	0.000	0.000
33	  E	  8.7	  0.2	0.000	0.000	0.000
34	  S	  2.5	  0.9	0.000	0.000	0.000
35	  S	  1.2	  0.9	0.000	0.000	0.000
36	  S	  1.4	  1.0	0.000	0.000	0.000
37	  M	  0.5	  1.0	0.000	0.000	0.000
38	  G	  0.4	  0.4	0.000	0.000	0.000
39	  K	  0.2	  0.5	0.000	0.000	0.000
40	  E	  1.0	  0.2	0.000	0.000	0.000
41	  L	  2.1	  0.1	0.000	0.000	0.000
42	  D	  2.1	  0.1	0.000	0.000	0.000
43	  L	  3.1	  0.0	0.000	0.000	0.000
44	  Q	  4.1	  0.0	0.000	0.000	0.000
45	  I	  4.5	  0.0	0.000	0.000	0.000
46	  T	  3.2	  0.1	0.000	0.000	0.000
47	  D	  1.1	  0.2	0.000	0.000	0.000
48	  T	  0.7	  0.3	0.000	0.000	0.000
49	  L	  0.2	  0.6	0.000	0.000	0.000
50	  G	  0.2	  0.8	0.000	0.000	0.000
51	  S	  0.2	  0.9	0.150	0.000	0.000
52	  L	  0.2	  1.0	0.150	0.000	0.000
53	  G	  0.3	  0.6	0.150	0.000	0.000
54	  S	  0.5	  0.5	1.463	0.192	0.192
55	  A	  0.9	  0.3	1.463	2.863	2.863
56	  I	  5.4	  0.0	1.463	4.736	4.736
57	  T	  6.0	  0.0	1.463	4.736	4.736
58	  A	  5.9	  0.0	1.463	4.736	4.736
59	  F	  3.0	  0.1	1.463	4.736	4.736
60	  Y	  2.3	  0.1	0.170	3.641	3.641
61	  D	  2.0	  0.2	0.000	0.000	0.000
62	  E	  0.9	  0.2	0.000	0.000	0.000
63	  L	  0.7	  0.2	0.000	0.000	0.000
64	  S	  0.8	  0.5	0.000	0.000	0.000
65	  P	  0.1	  0.4	0.000	0.000	0.000
66	  T	 20.5	  0.4	0.162	0.000	0.000
67	  Y	 21.4	  0.4	0.162	0.000	0.000
68	  Q	 21.5	  0.1	0.162	0.000	0.000
69	  E	  2.6	  0.1	0.162	0.000	0.000
70	  L	  1.4	  0.3	0.162	0.000	0.000
71	  K	  1.3	  0.3	0.162	0.000	0.000
72	  D	  0.8	  0.2	0.162	0.000	0.000
73	  S	  1.7	  0.2	0.000	0.000	0.000
74	  F	  4.1	  0.1	0.000	0.000	0.000
75	  V	  5.2	  0.0	0.000	0.000	0.000
76	  K	  4.4	  0.1	0.000	0.000	0.000
77	  E	  2.1	  0.1	0.000	0.000	0.000
78	  T	  0.3	  0.3	0.000	0.000	0.000
79	  E	  0.0	  0.4	0.000	0.000	0.000
80	  G	  0.0	  0.3	0.000	0.000	0.000
81	  L	  0.2	  0.3	0.000	0.000	0.000
82	  H	  0.5	  0.2	0.000	0.000	0.000
83	  Q	  0.6	  0.1	0.000	0.000	0.000
84	  E	  1.1	  0.1	0.122	0.000	0.000
85	  M	  1.5	  0.1	0.122	0.000	0.000
86	  T	  1.5	  0.2	1.001	0.000	0.000
87	  K	  0.7	  0.2	1.001	0.000	0.000
88	  G	  0.1	  0.2	5.526	0.000	0.000
89	  L	  0.0	  0.2	6.114	0.000	0.000
90	  E	  0.1	  0.1	7.672	0.000	0.000
91	  E	 13.6	  0.0	7.672	0.000	0.000
92	  V	 14.2	  0.1	7.672	0.000	0.000
93	  K	 14.3	  0.1	7.672	0.000	0.000
94	  K	  1.1	  0.1	7.074	0.000	0.000
95	  N	  1.5	  0.1	6.624	0.000	0.000
96	  I	  1.6	  0.1	1.602	0.000	0.000
97	  Q	  1.2	  0.2	1.602	0.000	0.000
98	  P	  0.1	  0.2	0.000	0.000	0.000
99	  H	  0.8	  0.4	0.000	0.000	0.000
100	  L	  1.0	  0.5	0.000	0.000	0.000
101	  D	  1.1	  0.3	2.530	0.000	0.000
102	  A	  0.6	  0.3	2.530	0.000	0.000
103	  F	  0.9	  0.1	2.530	0.000	0.000
104	  D	  0.8	  0.0	2.530	0.000	0.000
105	  K	  0.6	  0.0	2.530	0.000	0.000
106	  K	  0.8	  0.0	2.530	0.000	0.000
107	  W	  1.7	  0.1	1.597	0.000	0.000
108	  Q	  1.6	  0.2	1.259	0.000	0.000
109	  S	  1.0	  0.2	2.320	0.000	0.000
110	  D	  1.8	  0.2	3.838	0.000	0.000
111	  I	  4.6	  0.2	4.167	0.000	0.000
112	  E	  4.8	  0.1	4.167	0.000	0.000
113	  L	  3.2	  0.1	4.167	0.000	0.000
114	  Y	  2.5	  0.1	4.167	0.000	0.000
115	  R	  2.6	  0.1	3.833	0.000	0.000
116	  Q	  3.1	  0.1	3.164	0.000	0.000
117	  K	  6.1	  0.1	1.073	0.000	0.000
118	  V	  6.2	  0.0	0.258	0.000	0.000
119	  A	  5.6	  0.0	0.258	0.000	0.000
120	  P	  0.5	  0.0	0.000	0.000	0.000
121	  L	  0.4	  0.0	0.000	0.000	0.000
122	  T	  2.2	  0.1	1.937	0.000	0.000
123	  Q	  2.6	  0.1	1.937	0.000	0.000
124	  Q	  3.3	  0.1	1.937	0.000	0.000
125	  L	  1.7	  0.3	1.937	0.000	0.000
126	  K	  1.3	  0.3	1.937	0.000	0.000
127	  D	  0.3	  0.4	2.081	0.000	0.000
128	  S	  0.4	  0.4	1.482	0.000	0.000
129	  A	  0.4	  0.2	0.957	0.000	0.000
130	  K	  0.7	  0.2	0.957	0.000	0.000
131	  Q	  1.2	  0.1	0.616	0.000	0.000
132	  K	  1.9	  0.1	0.412	0.000	0.000
133	  F	  1.8	  0.1	0.268	0.000	0.000
134	  D	  1.1	  0.2	0.328	0.000	0.000
135	  E	  0.6	  0.2	0.473	0.000	0.000
136	  L	  0.4	  0.2	0.473	0.000	0.000
137	  Q	  0.6	  0.2	0.473	0.000	0.000
138	  E	  0.3	  0.1	0.473	0.000	0.000
139	  K	  1.2	  0.1	0.473	0.000	0.000
140	  L	  1.2	  0.1	0.322	0.000	0.000
141	  S	  1.1	  0.6	0.322	0.000	0.000
142	  P	  0.1	  0.8	0.142	0.000	0.000
143	  L	  0.0	  0.8	0.142	0.000	0.000
144	  G	  0.0	  0.9	4.226	0.000	0.000
145	  Q	  0.1	  0.3	4.226	0.000	0.000
146	  E	  0.4	  0.1	4.483	0.000	0.000
147	  L	  0.4	  0.1	4.638	0.000	0.000
148	  R	  0.4	  0.1	4.638	0.000	0.000
149	  E	  0.2	  0.1	4.638	0.000	0.000
150	  R	  0.3	  0.3	4.269	0.000	0.000
151	  A	  0.3	  0.6	3.659	0.000	0.000
152	  Q	  0.2	  0.5	3.047	0.000	0.000
153	  G	  0.1	  0.5	0.721	0.000	0.000
154	  H	  4.9	  0.3	0.265	0.000	0.000
155	  I	  5.4	  0.1	0.000	0.000	0.000
156	  E	  5.5	  0.1	0.000	0.000	0.000
157	  T	 13.1	  0.1	0.000	0.000	0.000
158	  F	 13.1	  0.1	0.000	0.000	0.000
159	  R	 13.1	  0.0	0.000	0.000	0.000
160	  E	  1.0	  0.0	0.000	0.000	0.000
161	  Y	  3.2	  0.0	0.000	0.000	0.000
162	  V	  3.4	  0.0	0.000	0.000	0.000
163	  S	  3.3	  0.2	0.000	0.000	0.000
164	  P	  0.4	  0.2	0.000	0.000	0.000
165	  Y	  1.2	  0.3	0.000	0.000	0.000
166	  H	  1.5	  0.4	0.000	0.000	0.000
167	  E	  1.6	  0.2	0.000	0.000	0.000
168	  K	  1.6	  0.2	0.000	0.000	0.000
169	  L	  1.4	  0.2	0.000	0.000	0.000
170	  K	  1.6	  0.2	0.000	0.000	0.000
171	  T	  0.5	  0.2	0.140	0.000	0.000
172	  D	  0.5	  0.7	1.035	0.000	0.000
173	  L	  0.6	  0.7	1.035	0.000	0.000
174	  S	  0.7	  0.7	3.011	0.000	0.000
175	  Q	  0.9	  0.7	3.011	0.000	0.000
176	  K	  1.3	  0.1	3.203	0.000	0.000
177	  L	  1.0	  0.1	3.203	0.000	0.000
178	  Q	  0.8	  0.1	3.203	0.000	0.000
179	  E	  0.4	  0.1	3.203	0.000	0.000
180	  L	  0.4	  0.1	3.026	0.000	0.000
181	  R	  0.4	  0.2	2.820	0.000	0.000
182	  E	  0.1	  0.4	2.237	0.000	0.000
183	  K	  0.1	  0.4	1.841	0.000	0.000
184	  G	  0.0	  0.4	1.245	0.000	0.000
185	  L	  0.0	  0.5	0.155	0.000	0.000
186	  P	  0.0	  0.4	0.000	0.000	0.000
187	  S	  3.3	  1.2	0.188	0.000	0.000
188	  A	  3.4	  1.3	0.188	0.000	0.000
189	  S	  3.4	  0.9	0.188	0.000	0.000
190	  E	  1.5	  0.9	0.188	0.000	0.000
191	  Y	  3.9	  0.1	0.188	0.000	0.000
192	  Q	  4.1	  0.0	0.188	0.000	0.000
193	  A	  3.0	  0.0	0.188	0.000	0.000
194	  K	  6.1	  0.0	0.188	0.000	0.000
195	  V	  9.6	  0.0	0.000	0.000	0.000
196	  T	 11.0	  0.1	1.410	0.000	0.000
197	  Q	  5.9	  0.1	1.410	0.000	0.000
198	  Q	  3.1	  0.1	1.410	0.000	0.000
199	  L	  1.7	  0.1	1.410	0.000	0.000
200	  K	  1.6	  0.0	1.410	0.000	0.000
201	  A	  1.1	  0.0	1.410	0.000	0.000
202	  I	  1.6	  0.0	1.147	0.000	0.000
203	  K	  1.6	  0.1	1.147	0.000	0.000
204	  E	  1.2	  0.1	0.708	0.000	0.000
205	  K	  9.9	  0.1	0.534	0.000	0.000
206	  V	 10.2	  0.0	0.000	0.000	0.000
207	  T	 10.1	  0.0	0.000	0.000	0.000
208	  P	  0.6	  0.0	0.000	0.000	0.000
209	  L	  0.1	  0.0	0.000	0.000	0.000
210	  L	  0.2	  0.3	0.000	0.000	0.000
211	  E	  0.2	  0.3	0.000	0.000	0.000
212	  D	  0.3	  0.5	0.000	0.000	0.000
213	  L	  0.3	  0.9	0.000	0.000	0.000
214	  K	  0.3	  0.7	0.000	0.000	0.000
215	  G	  0.1	  0.7	0.000	0.000	0.000
216	  S	  8.6	  0.5	0.000	0.000	0.000
217	  V	  8.8	  0.1	0.000	0.000	0.000
218	  D	  8.8	  0.0	0.361	0.000	0.000
219	  P	  0.2	  0.0	0.361	0.000	0.000
220	  I	  0.2	  0.0	0.361	0.000	0.000
221	  S	  0.2	  0.1	13.173	0.000	0.000
222	  E	  0.4	  0.1	13.925	0.000	0.000
223	  K	  1.2	  0.1	13.925	0.000	0.000
224	  F	  2.3	  0.1	14.505	0.447	0.447
225	  K	  2.4	  0.0	15.798	0.447	0.447
226	  A	  1.5	  0.1	15.798	0.447	0.447
227	  E	  0.4	  0.1	17.307	0.447	0.447
228	  L	  0.3	  0.0	16.940	4.011	4.011
229	  L	  0.6	  0.0	16.707	4.011	4.011
230	  A	  1.1	  0.0	16.128	4.011	4.011
231	  I	  1.6	  0.0	15.983	4.011	4.011
232	  L	  1.2	  0.0	17.435	3.866	3.866
233	  E	  0.7	  0.1	17.957	0.000	0.000
234	  E	  0.1	  0.1	16.141	0.000	0.000
235	  A	  0.2	  0.1	13.413	0.000	0.000
236	  R	  0.4	  0.1	13.025	0.000	0.000
237	  K	  0.5	  0.2	11.682	0.000	0.000
238	  S	  0.5	  0.2	7.009	0.000	0.000
239	  L	  0.5	  0.1	3.212	0.000	0.000
240	  A	  0.5	  0.0	1.936	0.000	0.000
241	  S	  0.4	  0.0	1.628	0.000	0.000
242	  Q	  0.2	  0.0	0.000	0.000	0.000
