res	aa	Beta	Turn	Helix	Aggregation	Conc-Stab_Aggregation
01	  D	  0.0	  0.0	0.000	0.000	0.000
02	  E	  0.0	  0.0	0.000	0.000	0.000
03	  P	  0.0	  0.1	0.000	0.000	0.000
04	  K	  1.0	  0.1	0.000	0.000	0.000
05	  R	  0.9	  0.1	0.000	0.000	0.000
06	  E	  0.9	  0.7	0.000	0.000	0.000
07	  P	  0.0	  0.7	0.000	0.000	0.000
08	  G	  0.3	  0.7	0.167	0.000	0.000
09	  V	  1.1	  0.7	0.167	0.359	0.359
10	  A	  1.2	  0.0	0.167	0.359	0.359
11	  E	  0.9	  0.0	0.167	0.359	0.359
12	  A	  0.4	  0.0	0.167	2.016	2.016
13	  L	  0.8	  0.0	0.167	3.808	3.808
14	  V	  2.7	  0.0	0.000	3.808	3.808
15	  T	  2.8	  0.0	0.165	3.808	3.808
16	  N	  4.5	  0.0	0.476	3.808	3.808
17	  I	  8.1	  0.0	0.476	3.659	3.659
18	  K	  8.3	  0.0	0.476	0.359	0.359
19	  I	  7.1	  0.0	0.476	0.359	0.359
20	  L	  1.6	  0.0	0.476	0.359	0.359
21	  A	  1.0	  0.1	0.476	0.164	0.164
22	  E	  0.6	  0.1	0.476	0.000	0.000
23	  H	  3.1	  0.1	0.000	0.000	0.000
24	  Y	  4.8	  0.1	0.000	0.000	0.000
25	  V	  6.8	  0.0	0.000	0.000	0.000
26	  R	  5.0	  0.0	0.000	0.000	0.000
27	  Y	  3.9	  0.0	0.000	0.000	0.000
28	  L	  1.5	  0.2	0.000	0.000	0.000
29	  E	  1.0	  0.2	0.000	0.000	0.000
30	  N	  0.5	  0.2	0.000	0.000	0.000
31	  T	  0.6	  0.2	0.328	0.000	0.000
32	  E	  0.5	  0.0	0.557	0.000	0.000
33	  I	  0.3	  0.2	0.557	0.000	0.000
34	  G	  0.1	  0.2	0.557	0.000	0.000
35	  K	  0.2	  0.3	0.557	0.000	0.000
36	  E	  0.1	  0.3	0.557	0.000	0.000
37	  L	  0.3	  0.2	0.557	0.000	0.000
38	  G	  0.3	  0.1	0.557	0.000	0.000
39	  I	  1.2	  0.1	0.000	0.000	0.000
40	  K	  1.1	  0.4	0.000	0.000	0.000
41	  E	  1.0	  0.4	0.000	0.000	0.000
42	  D	  0.3	  0.4	0.395	0.000	0.000
43	  I	  1.5	  0.4	0.395	0.000	0.000
44	  A	  2.0	  0.0	0.395	0.000	0.000
45	  S	  2.5	  0.0	0.395	0.000	0.000
46	  M	  1.3	  0.0	0.395	0.000	0.000
47	  K	  0.8	  0.1	0.395	0.000	0.000
48	  E	  0.2	  0.1	0.163	0.000	0.000
49	  S	  3.9	  0.4	0.843	0.000	0.000
50	  I	  4.1	  0.3	0.680	0.000	0.000
51	  N	  4.1	  0.3	4.155	0.000	0.000
52	  E	  1.6	  0.3	5.154	0.000	0.000
53	  L	  1.5	  0.1	5.154	0.000	0.000
54	  K	  1.7	  0.2	5.336	0.000	0.000
55	  K	  0.8	  0.1	5.115	0.000	0.000
56	  E	  0.9	  0.1	4.971	0.000	0.000
57	  I	  1.5	  0.0	4.465	0.000	0.000
58	  L	  2.7	  0.0	4.465	0.000	0.000
59	  K	  4.8	  0.0	3.919	0.000	0.000
60	  M	  4.5	  0.0	2.311	0.000	0.000
61	  T	  3.5	  0.3	0.000	0.000	0.000
62	  K	  1.2	  0.3	0.000	0.000	0.000
63	  D	  0.6	  0.3	0.360	0.000	0.000
64	  A	  0.3	  0.3	0.360	0.000	0.000
65	  W	  0.7	  0.1	0.360	0.000	0.000
66	  E	  0.6	  0.1	0.360	0.000	0.000
67	  E	  5.8	  0.1	0.497	0.000	0.000
68	  V	  5.6	  0.1	0.651	0.000	0.000
69	  D	  5.6	  0.1	2.582	0.000	0.000
70	  K	  0.4	  0.1	2.582	0.000	0.000
71	  E	  1.1	  0.1	2.756	0.000	0.000
72	  L	  1.3	  0.1	2.756	0.000	0.000
73	  N	  1.4	  0.1	2.756	0.000	0.000
74	  Q	  1.7	  0.1	2.756	0.000	0.000
75	  K	  1.5	  0.1	1.910	0.000	0.000
76	  Y	  1.3	  0.0	1.446	0.000	0.000
77	  P	  0.1	  0.0	0.000	0.000	0.000
78	  I	  1.6	  0.0	0.000	0.000	0.000
79	  F	  3.4	  0.0	0.000	0.000	0.000
80	  T	  6.4	  0.0	0.000	0.000	0.000
81	  T	  6.8	  0.0	0.000	0.000	0.000
82	  K	  7.0	  0.0	0.000	0.000	0.000
83	  V	  4.6	  0.0	0.000	0.000	0.000
84	  L	  2.6	  0.0	0.000	0.000	0.000
85	  P	  0.5	  0.0	0.000	0.000	0.000
86	  A	  0.2	  0.0	0.000	0.000	0.000
87	  L	  0.4	  0.6	0.000	0.000	0.000
88	  K	  0.5	  0.6	0.000	0.000	0.000
89	  D	  0.8	  0.6	0.000	0.000	0.000
90	  F	  1.4	  0.6	0.000	0.000	0.000
91	  K	  1.4	  0.1	0.000	0.000	0.000
92	  Q	  1.7	  0.1	0.000	0.000	0.000
93	  R	  3.9	  0.2	0.000	0.000	0.000
94	  W	  4.0	  0.2	0.000	0.000	0.000
95	  D	  3.2	  0.3	0.000	0.000	0.000
96	  K	  0.4	  0.3	0.000	0.000	0.000
97	  H	  0.9	  0.1	0.228	0.000	0.000
98	  M	  2.0	  0.1	0.228	0.000	0.000
99	  T	  2.4	  0.0	2.644	0.000	0.000
100	  A	  1.7	  0.0	2.644	0.000	0.000
101	  L	  0.7	  0.0	2.644	0.000	0.000
102	  A	  0.2	  0.1	2.644	0.000	0.000
103	  K	  0.2	  0.1	2.644	0.000	0.000
104	  E	  0.3	  0.1	2.416	0.000	0.000
105	  L	  1.8	  0.1	1.809	0.000	0.000
106	  E	  2.0	  0.0	1.579	0.000	0.000
107	  I	  3.6	  0.0	1.107	0.000	0.000
108	  M	  3.0	  0.1	1.107	0.000	0.000
109	  S	  3.2	  0.1	0.720	0.000	0.000
110	  H	  2.1	  0.2	0.360	0.000	0.000
111	  K	  1.4	  0.2	0.160	0.000	0.000
112	  L	  1.7	  0.1	0.000	0.000	0.000
113	  F	  1.3	  0.5	0.000	0.000	0.000
114	  S	  1.1	  0.5	0.000	0.000	0.000
115	  N	  3.1	  0.5	0.000	0.000	0.000
116	  V	  3.5	  0.5	0.000	0.000	0.000
117	  K	  3.5	  0.2	0.000	0.000	0.000
118	  K	  0.9	  0.2	0.000	0.000	0.000
119	  N	  0.4	  1.1	0.000	0.000	0.000
120	  L	  0.7	  1.3	0.000	0.000	0.000
121	  D	  1.3	  1.1	0.000	0.000	0.000
122	  S	  2.2	  1.1	0.000	0.000	0.000
123	  F	  3.6	  0.2	0.000	0.000	0.000
124	  F	  3.6	  0.1	0.000	0.000	0.000
125	  D	  2.4	  0.2	0.000	0.000	0.000
126	  T	  6.3	  0.2	0.000	0.000	0.000
127	  L	  6.0	  0.2	0.000	0.000	0.000
128	  S	  6.9	  0.9	0.000	0.000	0.000
129	  S	  1.4	  0.9	0.000	0.000	0.000
130	  S	  4.3	  1.8	0.000	0.000	0.000
131	  A	  3.5	  1.9	0.000	0.000	0.000
132	  S	  3.5	  1.4	0.000	0.000	0.000
133	  R	  0.4	  1.4	0.000	0.000	0.000
134	  G	  0.2	  0.8	0.000	0.000	0.000
135	  R	  0.1	  0.7	0.000	0.000	0.000
136	  D	  0.1	  0.5	0.195	0.000	0.000
137	  K	  0.9	  0.4	0.195	0.000	0.000
138	  L	  1.0	  0.3	0.195	0.000	0.000
139	  R	  1.0	  0.3	0.195	0.000	0.000
140	  D	  0.3	  0.2	0.412	0.000	0.000
141	  E	  2.4	  0.2	0.412	0.000	0.000
142	  V	  5.6	  0.1	0.217	0.000	0.000
143	  E	  5.6	  0.0	0.217	0.000	0.000
144	  H	  4.1	  0.0	0.217	0.000	0.000
145	  L	  1.1	  0.1	0.217	0.000	0.000
146	  R	  1.4	  0.1	0.217	0.000	0.000
147	  T	  1.5	  0.1	0.000	0.000	0.000
148	  T	  3.2	  0.1	0.000	0.000	0.000
149	  L	  2.9	  0.0	0.000	0.000	0.000
150	  L	  2.0	  0.0	0.000	0.000	0.000
151	  P	  0.1	  0.0	0.000	0.000	0.000
152	  Y	  0.4	  0.0	0.147	0.000	0.000
153	  A	  0.4	  0.3	0.646	0.000	0.000
154	  E	  0.4	  0.3	1.057	0.000	0.000
155	  D	  1.2	  0.3	11.206	0.000	0.000
156	  F	  2.6	  0.3	11.716	0.000	0.000
157	  R	  2.7	  0.1	11.716	0.000	0.000
158	  K	  1.7	  0.1	11.863	0.000	0.000
159	  E	  0.4	  0.1	11.863	0.000	0.000
160	  L	  0.4	  0.1	11.863	0.000	0.000
161	  E	  0.4	  0.1	11.718	0.000	0.000
162	  K	  0.5	  0.1	11.330	0.000	0.000
163	  A	  0.5	  0.1	8.297	0.000	0.000
164	  K	  0.6	  0.1	6.371	0.000	0.000
165	  S	  0.5	  0.1	2.504	0.000	0.000
166	  E	  6.1	  0.1	1.010	0.000	0.000
167	  V	  6.4	  0.1	0.141	0.000	0.000
168	  N	  6.3	  0.6	0.141	0.000	0.000
169	  D	  0.6	  0.6	0.761	0.000	0.000
170	  D	  2.4	  0.6	2.886	0.000	0.000
171	  V	  3.0	  0.6	4.281	0.000	0.000
172	  E	  3.0	  0.0	5.035	0.000	0.000
173	  E	  2.4	  0.0	5.035	0.000	0.000
174	  V	  2.6	  0.1	5.035	0.000	0.000
175	  R	  3.1	  0.0	5.035	0.000	0.000
176	  K	  1.8	  0.0	5.035	0.000	0.000
177	  Y	  1.8	  0.0	4.279	1.456	1.456
178	  I	  2.6	  0.0	1.194	1.456	1.456
179	  Y	  2.6	  0.4	1.194	1.456	1.456
180	  Q	  1.9	  0.4	0.562	1.456	1.456
181	  G	  0.6	  0.4	0.193	1.456	1.456
182	  V	  0.3	  0.4	0.000	1.456	1.456
183	  D	  0.3	  0.0	1.160	0.000	0.000
184	  E	  1.4	  0.0	1.160	0.000	0.000
185	  I	  1.6	  0.0	1.160	0.000	0.000
186	  R	  1.6	  0.1	1.160	0.000	0.000
187	  E	  0.4	  0.1	1.160	0.000	0.000
188	  Q	  4.0	  0.1	1.160	0.000	0.000
189	  I	  4.5	  0.1	0.397	0.000	0.000
190	  K	  4.4	  0.0	0.397	0.000	0.000
191	  P	  0.5	  0.0	0.000	0.000	0.000
192	  Y	  1.8	  0.0	0.000	0.000	0.000
193	  F	  2.3	  0.1	0.000	0.000	0.000
194	  D	  2.3	  0.2	0.629	0.000	0.000
195	  K	  1.7	  0.2	0.629	0.000	0.000
196	  L	  1.6	  0.3	0.629	0.000	0.000
197	  K	  1.9	  0.3	0.629	0.000	0.000
198	  S	  0.7	  0.2	0.629	0.000	0.000
199	  E	  0.5	  0.2	0.629	0.000	0.000
200	  A	  0.2	  0.1	0.372	0.000	0.000
201	  N	  0.2	  0.6	0.521	0.000	0.000
202	  P	  0.0	  0.5	0.149	0.000	0.000
203	  H	  0.2	  0.5	1.137	0.000	0.000
204	  A	  0.2	  0.6	1.545	0.000	0.000
205	  E	  0.2	  0.1	2.325	0.000	0.000
206	  E	  0.4	  0.1	3.024	0.000	0.000
207	  L	  0.6	  0.1	3.024	0.000	0.000
208	  Q	  0.8	  0.1	3.024	0.000	0.000
209	  K	  0.5	  0.1	3.024	0.000	0.000
210	  H	  0.9	  0.1	3.016	0.000	0.000
211	  L	  1.0	  0.1	2.665	0.000	0.000
212	  L	  2.4	  0.0	2.665	0.000	0.000
213	  K	  2.1	  0.0	2.517	0.000	0.000
214	  L	  2.2	  0.0	1.011	0.000	0.000
215	  L	  0.8	  0.1	1.011	0.000	0.000
216	  D	  0.6	  0.1	1.180	0.000	0.000
217	  D	  1.4	  0.1	1.180	0.000	0.000
218	  I	  2.2	  0.2	1.180	0.000	0.000
219	  K	  2.3	  0.1	1.180	0.000	0.000
220	  E	  1.3	  0.2	0.169	0.000	0.000
221	  A	  0.5	  0.3	0.169	0.000	0.000
222	  T	  0.4	  0.3	0.000	0.000	0.000
223	  G	  0.2	  0.3	0.000	0.000	0.000
224	  I	  2.0	  0.1	0.000	0.000	0.000
225	  K	  1.9	  0.0	0.000	0.000	0.000
226	  A	  1.8	  0.0	0.000	0.000	0.000
