res	aa	Beta	Turn	Helix	Aggregation	Conc-Stab_Aggregation
01	  E	  0.0	  0.0	0.000	0.000	0.000
02	  E	  0.1	  0.0	0.000	0.000	0.000
03	  P	  0.1	  0.0	0.000	0.000	0.000
04	  H	  0.2	  0.0	0.000	0.000	0.000
05	  T	  0.2	  0.0	0.000	0.000	0.000
06	  P	  0.2	  0.0	0.000	0.000	0.000
07	  A	  0.1	  0.0	0.000	0.000	0.000
08	  Q	  0.1	  0.0	0.000	0.000	0.000
09	  Q	  0.1	  0.0	0.000	0.000	0.000
10	  V	  0.0	  0.0	0.000	0.000	0.000
11	  R	  0.0	  0.0	0.000	0.000	0.000
12	  E	  0.0	  0.0	 -nan	0.000	0.000
13	  V	  0.0	  0.0	 -nan	0.000	0.000
14	  L	  0.0	  0.0	 -nan	0.000	0.000
15	  E	  0.0	  0.0	 -nan	0.000	0.000
16	  S	  0.0	  0.0	 -nan	0.000	0.000
17	  Y	  0.0	  0.0	 -nan	0.000	0.000
18	  V	  0.0	  0.0	 -nan	0.000	0.000
19	  H	  0.0	  0.0	 -nan	0.000	0.000
20	  K	  0.0	  0.0	 -nan	0.000	0.000
21	  V	  0.0	  0.0	 -nan	0.000	0.000
22	  R	  0.0	  0.0	 -nan	0.000	0.000
23	  D	  0.0	  0.0	 -nan	0.000	0.000
24	  L	  0.0	  0.0	 -nan	0.000	0.000
25	  G	  0.0	  0.0	0.000	0.000	0.000
26	  R	  0.0	  0.0	0.000	0.000	0.000
27	  E	  0.0	  0.0	0.000	0.000	0.000
28	  A	  0.7	  0.0	0.000	0.000	0.000
29	  V	  2.8	  0.0	0.000	0.000	0.000
30	  S	  3.0	  0.1	0.000	0.000	0.000
31	  Q	  3.9	  0.1	0.000	0.000	0.000
32	  L	  1.9	  0.1	0.000	0.000	0.000
33	  E	  1.8	  0.1	0.000	0.000	0.000
34	  T	  0.2	  0.4	0.151	0.000	0.000
35	  S	  0.2	  0.5	0.514	0.000	0.000
36	  D	  0.1	  0.9	1.596	0.000	0.000
37	  L	  0.0	  0.9	1.596	0.000	0.000
38	  G	  0.0	  0.7	1.732	0.000	0.000
39	  K	  0.2	  0.6	1.732	0.000	0.000
40	  Q	  0.9	  0.2	1.581	0.000	0.000
41	  L	  2.0	  0.1	1.387	0.000	0.000
42	  D	  2.0	  0.1	1.541	0.000	0.000
43	  L	  3.2	  0.0	1.274	0.000	0.000
44	  K	  7.8	  0.0	1.032	0.000	0.000
45	  I	  8.4	  0.0	0.154	0.000	0.000
46	  T	  6.9	  0.1	0.154	0.000	0.000
47	  E	  1.1	  0.1	0.154	0.000	0.000
48	  K	  1.0	  0.2	0.154	0.000	0.000
49	  L	  1.0	  0.3	0.000	0.000	0.000
50	  D	  2.9	  0.3	0.000	0.000	0.000
51	  T	  3.4	  0.2	0.000	0.000	0.000
52	  F	  3.2	  0.7	0.000	0.000	0.000
53	  G	  1.3	  0.7	0.000	0.000	0.000
54	  T	  0.2	  0.7	0.000	0.000	0.000
55	  N	  0.2	  0.7	0.681	0.000	0.000
56	  A	  0.3	  0.1	0.681	0.000	0.000
57	  M	  2.4	  0.0	0.681	0.000	0.000
58	  N	  3.1	  0.0	1.123	0.000	0.000
59	  L	  3.1	  0.0	1.123	0.000	0.000
60	  R	  1.3	  0.1	1.123	0.000	0.000
61	  K	  0.8	  0.1	0.724	0.000	0.000
62	  Q	  2.8	  0.1	0.441	0.000	0.000
63	  I	  2.9	  0.0	0.441	0.000	0.000
64	  N	  2.6	  0.0	0.441	0.000	0.000
65	  P	  0.3	  0.0	0.000	0.000	0.000
66	  Y	  2.2	  0.0	0.000	0.000	0.000
67	  V	  3.4	  0.1	0.000	0.000	0.000
68	  E	  3.4	  0.1	0.000	0.000	0.000
69	  N	  5.0	  0.1	0.000	0.000	0.000
70	  I	  4.2	  0.1	0.000	0.000	0.000
71	  R	  4.2	  0.1	0.000	0.000	0.000
72	  E	  0.4	  0.1	0.000	0.000	0.000
73	  Q	  0.6	  0.1	0.000	0.000	0.000
74	  V	  1.7	  0.1	0.000	0.000	0.000
75	  S	  2.2	  0.1	0.503	0.000	0.000
76	  K	  1.8	  0.1	0.503	0.000	0.000
77	  E	  0.9	  0.1	0.503	0.000	0.000
78	  L	  0.5	  0.2	0.503	0.000	0.000
79	  E	  0.5	  0.1	0.503	0.000	0.000
80	  K	  0.5	  0.1	0.503	0.000	0.000
81	  E	  0.4	  0.1	0.187	0.000	0.000
82	  L	  0.3	  0.0	0.187	0.000	0.000
83	  P	  0.1	  0.0	0.000	0.000	0.000
84	  V	  2.9	  0.0	0.000	0.000	0.000
85	  I	  3.7	  0.0	0.000	0.000	0.000
86	  K	  4.1	  0.1	0.000	0.000	0.000
87	  E	  1.2	  0.1	0.000	0.000	0.000
88	  K	  3.5	  0.1	0.000	0.000	0.000
89	  I	  3.8	  0.0	0.000	0.000	0.000
90	  R	  3.7	  0.0	0.000	0.000	0.000
91	  P	  0.6	  0.0	0.000	0.000	0.000
92	  I	  0.8	  0.0	0.000	0.000	0.000
93	  L	  1.0	  0.1	0.000	0.000	0.000
94	  E	  1.1	  0.1	0.675	0.000	0.000
95	  A	  0.9	  0.1	0.675	0.000	0.000
96	  F	  2.8	  0.1	0.675	0.000	0.000
97	  Q	  3.0	  0.0	0.675	0.000	0.000
98	  K	  2.6	  0.0	0.675	0.000	0.000
99	  R	  0.8	  0.0	0.675	0.000	0.000
100	  W	  0.6	  0.4	0.523	0.000	0.000
101	  A	  0.4	  0.6	0.523	0.000	0.000
102	  D	  0.2	  0.6	3.204	0.000	0.000
103	  D	  0.0	  0.8	4.750	0.000	0.000
104	  A	  0.1	  0.5	4.605	0.000	0.000
105	  K	  0.2	  0.3	4.605	0.000	0.000
106	  A	  0.7	  0.2	4.397	0.000	0.000
107	  Y	  1.9	  0.1	4.397	0.000	0.000
108	  Q	  1.9	  0.1	3.118	0.000	0.000
109	  E	  1.4	  0.1	1.937	0.000	0.000
110	  K	  1.7	  0.1	1.281	0.000	0.000
111	  I	  1.9	  0.0	0.370	0.000	0.000
112	  S	  1.8	  0.2	2.314	0.000	0.000
113	  P	  0.3	  0.2	2.090	0.000	0.000
114	  L	  1.0	  0.2	2.090	0.000	0.000
115	  V	  1.9	  0.2	2.090	0.000	0.000
116	  A	  2.0	  0.0	2.433	0.000	0.000
117	  E	  1.3	  0.0	2.433	0.000	0.000
118	  L	  0.7	  0.1	2.294	0.000	0.000
119	  Q	  0.9	  0.1	2.294	0.000	0.000
120	  K	  0.8	  0.1	1.770	0.000	0.000
121	  Q	  0.8	  0.1	0.923	0.000	0.000
122	  T	  1.1	  0.4	0.000	0.000	0.000
123	  K	  0.9	  0.4	0.000	0.000	0.000
124	  N	  0.7	  0.4	0.000	0.000	0.000
125	  N	  0.4	  1.3	0.478	0.000	0.000
126	  L	  0.6	  1.1	0.478	0.000	0.000
127	  D	  0.7	  1.1	0.966	0.000	0.000
128	  S	  0.7	  1.1	1.975	0.000	0.000
129	  L	  0.6	  0.1	1.975	0.000	0.000
130	  Y	  1.0	  0.1	1.975	0.000	0.000
131	  K	  0.9	  0.1	1.833	0.000	0.000
132	  K	  9.9	  0.1	1.637	0.000	0.000
133	  I	 10.3	  0.1	1.009	0.000	0.000
134	  T	 10.1	  0.0	1.144	0.000	0.000
135	  P	  0.9	  0.0	0.135	0.000	0.000
136	  I	  0.4	  0.0	0.135	0.000	0.000
137	  A	  0.4	  0.1	0.135	0.000	0.000
138	  E	  0.4	  0.1	0.135	0.000	0.000
139	  E	  1.2	  0.1	0.135	0.000	0.000
140	  I	  1.4	  0.1	0.000	0.000	0.000
141	  R	  1.4	  0.1	0.000	0.000	0.000
142	  D	  0.3	  0.1	0.000	0.000	0.000
143	  K	  1.7	  0.1	0.000	0.000	0.000
144	  V	 10.6	  0.0	0.000	0.000	0.000
145	  R	 15.7	  0.0	0.000	0.000	0.000
146	  V	 21.8	  0.0	0.000	0.000	0.000
147	  D	 14.2	  0.4	1.281	0.000	0.000
148	  V	  9.6	  0.5	1.281	0.000	0.000
149	  D	  1.7	  0.6	1.552	0.000	0.000
150	  S	  2.8	  0.6	2.175	0.000	0.000
151	  L	  2.5	  0.2	2.175	0.000	0.000
152	  R	  2.8	  0.2	2.175	0.000	0.000
153	  S	  1.0	  0.2	1.892	0.000	0.000
154	  R	  1.6	  0.2	1.285	0.000	0.000
155	  L	  1.5	  0.1	0.736	0.000	0.000
156	  T	  1.4	  0.2	0.270	0.000	0.000
157	  P	  0.2	  0.1	0.000	0.000	0.000
158	  Y	  0.6	  0.2	0.000	0.000	0.000
159	  S	  0.6	  0.3	5.986	0.000	0.000
160	  E	  0.7	  0.1	6.388	0.000	0.000
161	  E	  1.6	  0.1	6.835	0.000	0.000
162	  V	  9.9	  0.1	6.835	0.000	0.000
163	  R	 11.2	  0.0	6.835	0.000	0.000
164	  V	 16.0	  0.0	6.835	0.000	0.000
165	  K	  8.4	  0.0	7.492	0.000	0.000
166	  L	  7.0	  0.0	6.361	0.000	0.000
167	  V	  1.8	  0.0	5.996	0.000	0.000
168	  E	  1.2	  0.0	6.270	0.000	0.000
169	  K	  2.6	  0.0	8.107	0.000	0.000
170	  L	  1.6	  0.1	8.376	0.000	0.000
171	  E	  1.5	  0.1	10.508	0.000	0.000
172	  E	  1.3	  0.1	10.571	0.000	0.000
173	  L	  1.6	  0.1	10.561	0.000	0.000
174	  K	  1.7	  0.3	10.561	0.000	0.000
175	  A	  0.4	  0.3	9.740	0.000	0.000
176	  N	  0.1	  0.3	9.372	0.000	0.000
177	  A	  0.0	  0.3	4.466	0.000	0.000
178	  G	  0.0	  0.3	3.977	0.000	0.000
179	  P	  0.0	  0.3	0.283	0.000	0.000
180	  R	  0.1	  0.3	0.620	0.000	0.000
181	  A	  0.1	  0.3	0.620	0.000	0.000
182	  E	  0.2	  0.1	0.920	0.000	0.000
183	  E	  0.9	  0.1	1.242	0.000	0.000
184	  Y	  2.9	  0.1	1.242	0.000	0.000
185	  R	  3.0	  0.0	1.090	0.000	0.000
186	  A	  2.5	  0.0	1.090	0.000	0.000
187	  Q	  1.3	  0.0	1.090	0.000	0.000
188	  L	  1.3	  0.1	0.627	0.000	0.000
189	  S	  1.4	  0.1	0.627	0.000	0.000
190	  Q	  1.2	  0.1	0.481	0.000	0.000
191	  H	  6.4	  0.1	0.000	0.000	0.000
192	  I	  6.2	  0.2	0.000	0.000	0.000
193	  E	  5.6	  0.1	0.000	0.000	0.000
194	  N	  0.5	  0.1	1.540	0.000	0.000
195	  L	  0.4	  0.2	1.540	0.000	0.000
196	  K	  0.7	  0.1	1.540	0.000	0.000
197	  E	  0.6	  0.1	1.540	0.000	0.000
198	  K	  0.8	  0.1	1.540	0.000	0.000
199	  Y	  0.5	  0.5	1.540	0.000	0.000
200	  G	  0.3	  0.6	0.858	0.000	0.000
201	  P	  0.0	  0.6	0.140	0.000	0.000
202	  L	  0.0	  0.6	0.140	0.000	0.000
203	  A	  0.1	  0.3	0.140	0.000	0.000
204	  Q	  0.3	  0.1	0.140	0.000	0.000
205	  S	  3.0	  0.1	1.198	0.000	0.000
206	  I	  3.3	  0.1	1.058	0.000	0.000
207	  R	  3.2	  0.1	1.058	0.000	0.000
208	  E	  0.5	  0.1	1.058	0.000	0.000
209	  R	  1.1	  0.1	1.058	0.000	0.000
210	  L	  1.2	  0.1	1.058	0.000	0.000
211	  V	  1.2	  0.0	0.566	0.000	0.000
212	  P	  0.2	  0.0	0.000	0.000	0.000
213	  H	  0.2	  0.0	4.044	0.000	0.000
214	  A	  0.2	  0.1	8.098	0.000	0.000
215	  E	  0.2	  0.1	9.337	0.000	0.000
216	  E	  0.1	  0.1	9.337	0.000	0.000
217	  A	  0.1	  0.3	9.337	0.000	0.000
218	  R	  0.3	  0.3	9.337	0.000	0.000
219	  N	  0.2	  0.3	9.205	0.000	0.000
220	  N	  0.2	  0.3	10.943	0.000	0.000
221	  L	  0.1	  0.1	8.026	0.000	0.000
222	  A	  0.5	  0.0	6.640	0.000	0.000
223	  K	  0.7	  0.0	5.825	0.000	0.000
224	  I	  1.2	  0.0	3.595	0.000	0.000
225	  W	  1.4	  0.5	4.760	0.000	0.000
226	  E	  1.1	  0.5	5.030	0.000	0.000
227	  N	  1.1	  0.5	16.329	0.000	0.000
228	  L	  1.0	  0.5	15.695	0.000	0.000
229	  R	  1.1	  0.0	15.695	0.000	0.000
230	  A	  0.7	  0.0	15.464	0.000	0.000
231	  K	  0.9	  0.0	14.947	0.000	0.000
232	  L	  0.9	  0.1	13.796	0.000	0.000
233	  Q	  1.2	  0.1	12.811	0.000	0.000
234	  R	  0.7	  0.3	7.728	0.000	0.000
235	  Q	  0.6	  0.3	5.660	0.000	0.000
236	  G	  0.1	  0.3	2.248	0.000	0.000
237	  A	  0.0	  0.2	0.000	0.000	0.000
