res1letter	pdb_id	resname	Structurally_corrected_score	intrinsic_score	chain	overall_id	ok	exposure_weight	solvent_exposure	SASA	contacts
D	1	ASP	2.6833429750273199	2.7072651456856507	A	0	True	1.0	0.6549836313906041	142.9022	40;233;234;235;
E	2	GLU	1.2784431815172963	2.2630568933898574	A	1	True	0.5903148551166992	0.3746731703141845	73.5407	5;10;13;14;17;231;232;233;234;235;236;
P	3	PRO	0.54836017748038546	2.022116013624502	A	2	True	0.2838152507374032	0.20609838790557172	34.072	10;13;233;234;
P	4	PRO	1.9962886491786005	1.9520909729100502	A	3	True	1.0	0.8610862265763608	142.35400000000004	233;
Q	5	GLN	0.63783409640792676	0.84217788071978639	A	4	True	0.6817529842866753	0.42496414135767135	88.55730000000001	9;10;71;74;
S	6	SER	0.2593926694851536	0.75660075984014352	A	5	True	0.27114800190446214	0.19913140104745417	26.988	1;9;10;11;70;71;73;74;77;233;
P	7	PRO	0.0	0.99040914301630389	A	6	True	0.0	0.0	0.0	10;11;67;68;69;70;71;72;73;74;75;76;77;
W	8	TRP	0.0060277230853250201	0.18264397603921717	A	7	True	0.008594580669936517	0.05472701936846509	14.7591	11;12;13;69;70;71;72;73;74;75;76;77;82;85;230;233;
D	9	ASP	0.0	0.63216618822648096	A	8	True	0.0	0.004122422364335752	0.6891	12;13;62;67;68;69;70;71;72;73;74;76;77;85;192;197;
R	10	ARG	0.08388317515062306	0.99097075712104299	A	9	True	0.07774767003931349	0.09276121852162242	25.325	4;5;13;14;15;59;62;63;66;67;68;69;70;71;73;74;192;
V	11	VAL	0.0	0.43394540165320256	A	10	True	0.0	0.0	0.0	1;2;4;5;6;14;15;16;17;62;70;73;89;230;232;233;234;
K	12	LYS	0.015471446260850466	0.95249418523314722	A	11	True	0.015584085893992352	0.058571247241695795	14.397	5;6;7;15;16;62;70;85;86;88;89;192;193;194;195;196;197;230;232;233;
D	13	ASP	0.0	0.3622322938897356	A	12	True	0.0	0.004980886461393046	0.8326	7;8;16;17;18;58;59;61;62;63;89;182;191;192;193;194;195;196;197;233;
L	14	LEU	-0.0	-0.73804839629126695	A	13	True	0.0	0.031217968790208113	6.4903	1;2;7;8;9;17;18;58;59;62;63;192;193;232;233;234;
A	15	ALA	-0.0	-0.60091222523656873	A	14	True	0.0	0.0	0.0	1;9;10;18;19;20;89;93;182;193;194;230;231;232;233;234;235;236;238;
T	16	THR	-0.0	-1.5455532616373278	A	15	True	0.0	0.0012495348782946888	0.2035	9;10;11;19;20;55;58;59;89;92;93;96;180;181;182;183;192;193;194;195;232;233;234;238;
V	17	VAL	-0.0	-1.5289567283805372	A	16	True	0.0	0.006298918744452514	1.1241	10;11;12;20;21;55;56;57;58;59;62;180;181;182;193;194;234;238;
Y	18	TYR	-0.33864903831333443	-1.7300307948452016	A	17	True	0.19932918218201306	0.15963105020010718	39.284099999999995	1;10;12;13;21;22;23;24;43;55;59;180;182;232;233;234;235;236;237;238;239;
V	19	VAL	-0.0	-1.9916473839210325	A	18	True	0.0	0.0	0.0	12;13;14;22;23;93;96;97;100;179;180;181;182;232;234;235;236;237;238;239;240;
D	20	ASP	-0.0	-1.445775689284281	A	19	True	0.0	0.0045298189149253106	0.7572	14;15;23;24;52;55;56;96;100;176;177;178;179;180;181;182;183;194;238;
V	21	VAL	-0.0	-0.4251615010986412	A	20	True	0.0	0.024136049024090656	4.3073	14;15;16;24;25;26;27;43;52;55;56;176;179;180;181;182;238;
L	22	LEU	-0.0033844295749823174	0.1114020008142456	A	21	True	0.04366784864440736	0.07401731675442405	15.388399999999999	16;17;25;26;27;28;43;179;180;234;235;238;239;240;
K	23	LYS	0.0	0.76112541436191261	A	22	True	0.0	0.0	0.0	17;18;26;27;28;100;103;104;107;172;173;175;176;177;178;179;180;181;238;239;240;
D	24	ASP	0.0	0.75297891576723552	A	23	True	0.0	0.0	0.0	17;18;19;27;28;49;50;51;52;55;169;172;173;176;177;179;180;181;
S	25	SER	0.0	1.7520423816642059	A	24	True	0.0	0.011784966420371787	1.5972	17;19;20;28;29;30;31;36;39;40;42;43;169;172;
G	26	GLY	0.0	1.6556545480954361	A	25	True	0.0	0.03867764236291118	3.8721	20;21;29;30;31;107;111;117;169;172;173;176;
R	27	ARG	0.0	0.69193988392194594	A	26	True	0.0	0.02976197453013192	8.1254	20;21;22;30;31;51;107;165;166;167;168;169;170;171;172;173;174;175;176;
D	28	ASP	0.0019955965159580333	0.2901577251758416	A	27	True	0.03466215345324459	0.06906418439928452	11.5447	20;21;22;23;31;32;33;34;36;39;50;51;165;166;168;169;170;172;173;
Y	29	TYR	0.0026857631334824164	0.25710617923317036	A	28	True	0.3328300254142548	0.23305651397784014	57.35360000000001	21;22;23;24;32;33;34;35;36;39;165;169;
V	30	VAL	-0.0	-0.43766820467844775	A	29	True	0.0	0.0011134197620520543	0.1987	24;25;33;34;35;36;111;114;132;133;138;139;161;162;164;165;166;167;168;169;
S	31	SER	0.012188007729626939	-0.37527983083075722	A	30	True	0.28194344219596457	0.2050688932077805	27.7927	24;25;26;34;35;36;39;139;161;162;163;164;165;166;167;168;169;
Q	32	GLN	-0.012550122667343117	-0.70938575190703745	A	31	True	0.15351556039754052	0.13443355821864728	28.014300000000002	24;25;26;27;35;36;37;38;39;40;139;165;
F	33	PHE	0.079795896466590605	-0.17170755746197869	A	32	True	0.12527165913222346	0.1188994125227229	27.3206	27;28;36;37;38;39;132;138;139;140;161;162;165;
E	34	GLU	0.32858711345801156	0.29754739854575724	A	33	True	0.6215717504287485	0.3918644627358116	76.915	27;28;29;138;139;140;141;158;161;162;165;166;
G	35	GLY	-0.012689902464594076	-0.13259603700880543	A	34	True	0.5525241658646113	0.35388829122553617	35.4285	27;28;29;30;38;39;139;140;
S	36	SER	-0.0049013447619595408	-0.066176012442066612	A	35	True	0.5302385689005192	0.34163121289528553	46.300799999999995	28;29;30;31;39;40;41;42;139;
A	37	ALA	0.15954625157320687	0.8898275089058747	A	36	True	0.28079884389526916	0.20443936414239802	26.487900000000003	24;27;28;29;30;31;32;40;41;42;139;
L	38	LEU	0.098829692217737075	0.49562464892455027	A	37	True	1.0	0.7055757332636853	146.69109999999998	31;32;41;42;
G	39	GLY	-0.091151128883023194	0.073480213162100502	A	38	True	0.16536725966555132	0.14095199281605322	14.111	31;32;34;42;43;
K	40	LYS	-0.028075551569478312	-0.12324178756918371	A	39	True	0.17081691961107692	0.1439493057860923	35.3832	24;27;28;30;31;32;34;35;43;44;
Q	41	GLN	-0.17504486087566315	-0.36157368819518765	A	40	True	0.9588099925806999	0.5773454959193849	120.3117	0;24;31;35;36;44;
L	42	LEU	0.30580404987849663	0.43500310438200029	A	41	True	0.9250801631549934	0.5587940897352464	116.1748	35;36;37;45;
N	43	ASN	0.012951777982035567	-0.031481323215759222	A	42	True	0.5632300144560619	0.359776507950834	63.78009999999999	24;35;36;37;38;46;47;
L	44	LEU	-0.16646570737557642	-0.8501042569848053	A	43	True	0.2492526552084221	0.18708896036463213	38.896300000000004	17;20;21;24;38;39;56;
K	45	LYS	-0.086738762824273674	-0.49354673899970275	A	44	True	1.0	0.7058528936970716	173.50090000000003	39;40;56;59;60;
L	46	LEU	0.65508261845210858	-0.00724411439669606	A	45	True	0.9497551673757176	0.5723653420566447	118.99629999999999	41;56;59;60;
L	47	LEU	0.066665184509764955	-0.40284887848942363	A	46	True	0.11914721296417637	0.115530967130297	24.019199999999998	42;53;56;57;59;60;
D	48	ASP	0.62770204220493409	0.46462302211496953	A	47	True	1.0	0.7785324152453654	130.13870000000003	42;56;
N	49	ASN	0.2776018283278836	0.19269082087542019	A	48	True	1.0	0.7203585349481321	127.703	53;56;
W	50	TRP	0.11088334612932672	-0.011975032637359002	A	49	True	0.11553923457998498	0.11354657901899173	30.621899999999997	23;53;56;
D	51	ASP	0.3683510737772876	0.14992622690666366	A	50	True	1.0	0.7192068629269138	120.22189999999999	23;27;170;173;
S	52	SER	0.057008157154754387	-0.26845246509623349	A	51	True	0.14563138836982145	0.1300972636034018	17.6319	23;26;27;55;56;169;170;173;174;
V	53	VAL	0.0018516641938169187	-0.65701057811804153	A	52	True	0.27900790361453637	0.20345434698799497	36.308299999999996	19;20;23;56;57;173;174;176;177;181;
T	54	THR	0.10415985450498384	-0.73822748170967967	A	53	True	0.7046189976413737	0.4375404487027555	71.25809999999998	46;48;49;57;58;
S	55	SER	-0.59214529717316655	-1.1786523149044328	A	54	True	0.9151516224753903	0.5533333923614646	74.99249999999999	58;59;182;
T	56	THR	-0.0	-0.75549349346680406	A	55	True	0.0	0.030963904099579637	5.0428	15;16;17;19;20;23;51;59;60;181;182;183;193;
F	57	PHE	0.0	-0.48629932781381313	A	56	True	0.0	0.02447219960388042	5.6232	16;19;20;43;44;45;46;47;48;49;51;52;60;61;
S	58	SER	0.21099800152711765	0.21186794300666248	A	57	True	0.6177907031498081	0.3897848867323944	52.827	16;46;52;53;61;62;
K	59	LYS	0.16228322632499809	0.61760695833221857	A	58	True	0.31587087852099865	0.22372898318654924	54.9933	12;13;15;16;53;54;62;63;182;191;192;193;
L	60	LEU	0.039573037702849298	0.77650307730916934	A	59	True	0.0490952126775038	0.07700236697262709	16.009	9;12;13;15;16;17;44;45;46;54;55;63;64;191;192;193;
R	61	ARG	0.86582864673883375	1.0284492862502448	A	60	True	0.8433361499400894	0.5138348824670491	140.2835	44;45;46;55;56;64;65;
E	62	GLU	0.58238150001889477	1.0389046406018776	A	61	True	0.5756919303798349	0.3666305617089091	71.96209999999999	12;56;57;65;66;67;191;192;
Q	63	GLN	0.0	0.76256834993083866	A	62	True	0.0	0.0	0.0	8;9;10;11;12;13;16;57;58;66;67;70;191;192;193;
L	64	LEU	0.39633736260292524	0.53573250050040566	A	63	True	0.6452289722766732	0.4048759347521702	84.17480000000002	9;12;13;58;59;67;68;70;
G	65	GLY	0.068133210328558264	-0.073878641375252588	A	64	True	0.6382698631198064	0.40104842471589347	40.1498	59;60;68;
P	66	PRO	-0.28540347571172547	-0.55713304920458528	A	65	True	0.9263258422375548	0.5594792132306551	92.49259999999998	60;61;69;191;
V	67	VAL	0.073068751650627622	-0.033997419668634038	A	66	True	0.657865062307086	0.4118257842688972	73.49409999999999	9;61;62;70;71;191;
T	68	THR	0.08042506547391301	-0.26897553117552775	A	67	True	0.28252237580092204	0.2053873066905071	33.4495	6;8;9;61;62;63;71;72;
Q	69	GLN	-0.3888790254919815	-0.94867143507107798	A	68	True	1.0	0.6737398608459136	140.3991	6;8;9;63;64;72;73;
E	70	GLU	-0.19106916505171992	-0.65259203812697408	A	69	True	0.6584014010440398	0.4121207705742218	80.89090000000002	6;7;8;9;65;73;74;75;
F	71	PHE	0.0	0.14439608527100062	A	70	True	0.0	0.0	0.0	5;6;7;8;9;10;11;62;63;66;74;75;76;
W	72	TRP	0.25377610829705138	-0.026794278707791049	A	71	True	0.5448104963088697	0.34964577296987825	94.29449999999999	4;5;6;7;8;9;66;67;75;76;
D	73	ASP	0.30914156225661327	0.45955649726646536	A	72	True	0.4860766749567234	0.31734217122619784	53.046600000000005	6;7;8;67;68;76;77;
N	74	ASN	0.011654579132047956	0.34544258458217619	A	73	True	0.02758138649991514	0.06516976257495333	11.5531	5;6;7;8;9;10;68;69;77;78;81;82;
L	75	LEU	0.73686641421738153	1.4647303447557964	A	74	True	0.46380231976522945	0.30509127587087614	63.429300000000005	4;5;6;7;8;9;69;70;78;82;
E	76	GLU	1.9112902496755604	1.886536312223059	A	75	True	1.0	0.7269262827109899	142.6808	6;7;69;70;71;
K	77	LYS	1.2649900223575681	1.9324799208476766	A	76	True	0.5615818597228116	0.3588700228475463	88.2114	6;7;8;70;71;72;80;81;82;85;
E	78	GLU	0.99453790862364544	1.8415691112349792	A	77	True	0.4558239646633958	0.30070318056486767	59.021899999999995	5;6;7;8;72;73;81;82;83;85;
T	79	THR	1.8057166263788493	1.8065182238344428	A	78	True	0.9559214779667118	0.5757568128816914	93.7681	73;74;82;83;
E	80	GLU	1.7276715005467278	1.7357077286325611	A	79	True	1.0	0.8096964738057343	158.9269	83;84;
G	81	GLY	0.77343783463614613	1.3186354546040975	A	80	True	0.6058462100349146	0.38321541551920296	38.3645	76;84;85;86;
L	82	LEU	1.3881603818220929	1.2975801512186156	A	81	True	0.8747025761220383	0.531086416867121	110.41430000000001	73;76;77;85;86;87;
R	83	ARG	1.0713077067489316	1.1770160477103024	A	82	True	0.5449598633537261	0.34972792484454934	95.4802	7;73;74;76;77;78;86;87;88;229;230;
Q	84	GLN	1.1630276957994377	0.70501475408337821	A	83	True	0.88023267993439	0.5341279739639144	111.30570000000002	77;78;79;87;88;89;229;
E	85	GLU	0.99982102413081075	1.0063728226779123	A	84	True	0.7158333872144174	0.4437083629679295	87.0909	79;80;88;89;90;197;201;
M	86	MET	0.090730447513784673	1.8179862419478816	A	85	True	0.04350114088930428	0.07392562748911735	15.9635	7;8;11;76;77;80;81;89;90;91;197;198;229;230;
S	87	SER	0.0	1.0691392553490455	A	86	True	0.0	0.042315791648404835	5.735	11;80;81;82;90;91;227;228;229;230;231;
K	88	LYS	1.0545689337410964	1.5973529286426711	A	87	True	0.6215914342708463	0.3918752888489654	96.3242	81;82;83;91;92;93;203;204;205;206;207;227;228;229;230;
D	89	ASP	0.64287455358257639	1.6286881742693005	A	88	True	0.34639474990876956	0.24051711244982324	40.2046	11;82;83;84;92;93;195;196;197;198;199;200;201;203;207;229;230;
L	90	LEU	0.0	1.3485012604008553	A	89	True	0.0	0.01967025921260282	4.0895	10;11;12;14;15;83;84;85;93;94;95;194;195;197;207;227;228;229;230;231;232;
E	91	GLU	0.2706578812472521	1.6583330077342715	A	90	True	0.17879151614700292	0.1483353338808516	29.115199999999998	84;85;86;94;95;205;206;207;208;225;226;227;228;229;230;232;
E	92	GLU	0.27052691371739868	1.1184186152010354	A	91	True	0.15188463062618096	0.13353654684439953	26.2105	85;86;87;95;96;195;199;203;204;205;206;207;208;224;225;226;227;228;
V	93	VAL	0.0	0.99463753925853016	A	92	True	0.0	0.017031343858988496	3.0394	15;87;88;96;97;182;183;194;195;199;205;206;207;224;225;226;227;
K	94	LYS	0.0	0.75430152471623257	A	93	True	0.0	0.009080841909299798	2.2321	14;15;18;87;88;89;97;98;180;182;194;195;206;207;208;224;225;226;227;228;229;230;232;237;238;
A	95	ALA	0.0	0.37694290744329312	A	94	True	0.0	0.0	0.0	89;90;98;99;205;206;207;208;209;223;224;225;226;227;228;237;
K	96	LYS	0.055702200201232815	0.14242580386632558	A	95	True	0.5022172949002219	0.326219512195122	80.18580000000001	89;90;91;99;100;180;194;205;206;207;223;224;225;226;227;
V	97	VAL	-0.0	0.22382734831239565	A	96	True	0.0	0.01491209195154971	2.6612	15;18;19;91;92;100;101;178;179;180;181;182;183;194;206;223;224;225;226;
Q	98	GLN	-0.0	-0.60916273364909601	A	97	True	0.0	0.0	0.0	18;92;93;101;102;104;178;179;180;181;223;224;225;226;227;237;238;240;241;242;
P	99	PRO	-0.030115073592921007	-0.15564873485078387	A	98	True	0.09337693532744196	0.10135731443009308	16.7563	93;94;102;103;104;178;179;180;209;221;222;223;224;225;226;241;
Y	100	TYR	0.065542408289704715	0.0031832284922566297	A	99	True	0.7103131811792883	0.4406722496486085	108.44639999999998	94;95;103;104;176;177;178;179;180;181;223;224;225;
L	101	LEU	0.0	-0.0018626654392803821	A	100	True	0.0	0.0	0.0	18;19;22;95;96;104;105;106;175;176;177;178;179;180;181;225;238;240;241;
D	102	ASP	0.089717005969669306	-0.0085508206323155044	A	101	True	0.26809803839458246	0.19745392111702034	33.0062	96;97;105;106;178;179;180;223;225;240;241;
D	103	ASP	0.29216847784146982	0.15037118998321611	A	102	True	0.9025489612774772	0.5464019287026124	91.33599999999998	97;98;106;107;175;176;178;179;
F	104	PHE	0.0	0.94982549815247441	A	103	True	0.0	0.024680660686720417	5.671099999999999	22;98;99;107;108;109;172;175;176;177;178;179;180;
Q	105	GLN	0.012159101399215702	0.67443894950461369	A	104	True	0.013362462022819608	0.057349354112550786	11.950899999999999	22;97;98;99;100;108;109;117;118;175;176;178;179;240;241;
K	106	LYS	0.49026902092057068	0.30809690818155328	A	105	True	0.9434342743966049	0.5688888509181327	139.83469999999994	100;101;109;110;111;
K	107	LYS	0.21458577570022633	0.34958174667747977	A	106	True	0.5152683861797493	0.3333976123988621	81.95019999999998	100;101;102;110;111;171;172;175;176;
W	108	TRP	0.0	1.3834097460512043	A	107	True	0.0	0.0035752716679929015	0.9642	22;25;26;102;103;111;112;116;117;168;171;172;175;176;
Q	109	GLN	0.83531543089519955	1.180120179931067	A	108	True	0.544258392148167	0.34934211568149176	72.7986	103;104;112;113;114;115;116;117;118;119;
E	110	GLU	1.3306641230285137	1.3779598872540979	A	109	True	0.8114372650962294	0.4962904958029261	97.41170000000001	103;104;105;113;114;116;117;
E	111	GLU	0.0	0.69793039165183968	A	110	True	0.0	0.023660635134777126	4.6441	105;106;114;115;116;117;168;169;171;172;
M	112	MET	0.0	0.83184598654083985	A	111	True	0.0	0.03818236547189034	8.2451	25;29;105;106;107;115;116;117;118;132;133;168;
E	113	GLU	1.059997535966132	1.2187758256541177	A	112	True	0.6670949363699911	0.41690221500349506	81.8294	107;108;116;117;118;119;132;133;134;
L	114	LEU	0.95196616617866825	0.62851093473621866	A	113	True	0.8942405619202026	0.5418323090561113	112.64840000000001	108;109;132;133;134;135;
Y	115	TYR	0.0	0.48182322916733039	A	114	True	0.0	0.021313478516870245	5.245100000000001	29;108;109;110;130;131;132;133;134;135;137;138;165;
R	116	ARG	0.31999481427292459	0.25873334389128083	A	115	True	0.5374990077055328	0.345624454238043	94.3599	108;110;111;119;127;129;130;131;132;133;134;
Q	117	GLN	0.16725559658038433	0.29192641040486428	A	116	True	0.21045662832918033	0.16575114558104917	34.5405	107;108;109;110;111;112;120;130;132;
K	118	LYS	0.3720012783411516	0.83062126645475787	A	117	True	0.333232883424256	0.23327808588334079	57.34049999999999	25;104;107;108;109;110;111;112;239;240;
V	119	VAL	0.32107186389072712	0.93258256268439088	A	118	True	0.3653744741859	0.25095596080224497	44.785399999999996	104;108;111;112;239;240;241;
E	120	GLU	0.38491545272443817	0.91573831997600585	A	119	True	0.5313581423457338	0.3422469782901535	67.1761	108;112;115;
P	121	PRO	0.49524057558051399	0.78174927614950596	A	120	True	1.0	0.6026363559927437	99.62729999999999	116;
L	122	LEU	0.8303057650053568	0.83505051846749145	A	121	True	1.0	0.8895675717535171	184.94349999999994	
R	123	ARG	0.25417305897407022	1.0907445190086156	A	122	True	0.32055480049420265	0.22630514027181142	61.784200000000006	127;
A	124	ALA	0.48324099687431699	0.60773782063087722	A	123	True	1.0	0.7363765749022102	95.4076	
E	125	GLU	0.66567485734698262	0.93861390087787355	A	124	True	1.0	0.9698129606948455	190.35449999999997	
L	126	LEU	0.81687030525082871	1.4306124019898061	A	125	True	0.7409468249067737	0.45752075369872547	95.11980000000001	
Q	127	GLN	0.68774927028645938	0.8795968206813698	A	126	True	1.0	0.8456122890170582	176.2152	130;
E	128	GLU	0.39758401297304991	1.3759924679133497	A	127	True	0.3574198142945991	0.24658089786202947	48.398799999999994	115;122;131;
G	129	GLY	0.48028073362559487	0.81854907933164422	A	128	True	0.8774181415360656	0.532579977844836	53.31770000000001	
A	130	ALA	1.2144341336356737	1.6470803911644447	A	129	True	1.0	0.7005555572707148	90.7665	115;136;
R	131	ARG	0.47441641322380956	1.3485768632869262	A	130	True	0.38541955808399	0.26198075694619444	71.5241	114;115;116;126;134;136;138;
Q	132	GLN	0.484163940085719	0.84660364473194505	A	131	True	0.5422045281245226	0.34821249046848735	72.5632	114;115;127;135;136;137;138;139;
K	133	LYS	0.3534560861915878	1.1804553617105793	A	132	True	0.25203414764331805	0.18861878120382491	46.36310000000002	29;32;111;112;113;114;115;116;136;137;138;139;161;165;
L	134	LEU	0.072094589537477549	0.86285643657452593	A	133	True	0.07653549647809466	0.09209452306295206	19.146700000000003	29;111;112;113;114;115;137;138;139;160;161;164;165;
H	135	HIS	0.63440515629664174	0.32519539616635856	A	134	True	1.0	0.7120192692940405	151.0556	112;113;114;115;130;138;161;164;
E	136	GLU	0.80938907036169394	0.86257431916895766	A	135	True	0.8830373517258961	0.5356705434492428	105.1412	113;114;131;157;160;161;
L	137	LEU	1.065013471686036	0.90629503737528194	A	136	True	1.0	0.7110605105176604	147.8314	129;130;131;132;141;157;160;161;
Q	138	GLN	0.055393277119965688	0.89700593294051079	A	137	True	0.070361114927085	0.08869861320989675	18.4837	114;131;132;133;141;142;154;157;158;159;160;161;162;
E	139	GLU	0.44148594608579833	0.99447868342790535	A	138	True	0.4066816372710619	0.273674900499084	53.7168	29;32;33;114;130;131;132;133;134;142;157;158;161;162;
K	140	LYS	0.33786810569477926	0.66781366385800589	A	139	True	0.6205588269580928	0.391307354826951	96.1846	29;30;31;32;33;34;35;36;131;132;133;158;161;162;
L	141	LEU	0.28977195086854551	0.65914383305221902	A	140	True	0.5472058454617124	0.35096321500394173	72.9662	32;33;34;154;155;157;158;159;161;162;
S	142	SER	0.060809223051768065	0.74723843463342499	A	141	True	0.09343308014289639	0.10138819407859301	13.741000000000001	33;136;137;153;154;155;156;157;158;159;160;161;
P	143	PRO	0.83932146613161396	0.78427099764671415	A	142	True	0.7309802128676657	0.45203911707721606	74.73069999999998	137;138;150;151;153;154;155;157;158;
L	144	LEU	1.4649594948842148	0.95956914487469813	A	143	True	1.0	0.724694773083755	150.666	147;149;150;151;153;154;155;157;
G	145	GLY	0.99361479951241738	1.0722466229694521	A	144	True	0.6458631692055026	0.40522474306302636	40.5679	149;150;151;152;153;154;
E	146	GLU	2.0375408853423882	1.4648914453145041	A	145	True	1.0	0.7339321050175363	144.0559	149;150;151;153;154;
E	147	GLU	1.9866917781472007	1.7075894554401225	A	146	True	1.0	0.611890894417963	120.1017	150;151;152;
M	148	MET	2.7193685777788272	2.4906203463589187	A	147	True	1.0	0.6769630452903583	146.18339999999998	143;151;152;153;
R	149	ARG	2.366974681037465	2.2176324086486656	A	148	True	1.0	0.7200076333417331	196.57129999999995	152;153;154;
D	150	ASP	1.6618047365627093	2.2560617815996951	A	149	True	0.6286921162159709	0.3957806639187839	66.1583	143;144;145;153;154;155;
R	151	ARG	1.6193236731783367	1.7623014915634239	A	150	True	0.5919699802286993	0.37558348912578454	102.5391	142;143;144;145;146;154;155;156;
A	152	ALA	1.7860206123497711	1.9764735264233837	A	151	True	0.6321278787897501	0.39767033333436247	51.52360000000001	142;143;144;145;146;147;155;156;157;
R	153	ARG	1.4763262918861761	0.8976197038052518	A	152	True	0.9718282938981746	0.584505561643996	159.5775	144;146;147;148;156;157;158;
A	154	ALA	0.64783864622296683	0.86058714079196474	A	153	True	0.39772983377205556	0.26875140857463053	34.8204	141;142;143;144;145;147;148;149;157;158;159;
H	155	HIS	0.30363467267649924	0.2160612415068302	A	154	True	0.2966750526318947	0.21317127894754206	45.2245	137;140;141;142;143;144;145;148;149;150;158;159;160;
V	156	VAL	0.33280360738441767	-0.078624559356786222	A	155	True	0.4000256335647283	0.27001409846060054	48.1865	140;141;142;143;149;150;151;159;160;161;
D	157	ASP	0.33215948204305257	-0.082835620033884116	A	156	True	0.48190318526345916	0.3150467518949025	52.66290000000001	141;150;151;152;160;161;
A	158	ALA	0.1411679540316057	-0.15579832879355171	A	157	True	0.25228915304214233	0.18875903417317827	24.456300000000002	135;136;137;138;140;141;142;143;151;152;153;161;162;
L	159	LEU	0.176689703785677	-0.14836704524573346	A	158	True	0.37302908786396016	0.25516599832517806	53.0497	33;137;138;139;140;141;142;152;153;154;162;163;
R	160	ARG	0.054989363887505555	0.098780979215398163	A	159	True	1.0	0.6068788716133455	165.6857	137;140;141;153;154;155;163;164;
T	161	THR	-0.011325423902398565	-0.38061865727447691	A	160	True	0.6796271836717468	0.4237949510194607	69.01949999999998	133;135;136;137;141;154;155;156;164;165;
H	162	HIS	0.0	-0.094251285865641771	A	161	True	0.0	0.006113098689141224	1.2969	29;30;32;33;132;133;134;135;136;137;138;139;140;141;155;156;157;165;166;
L	163	LEU	0.21913736078439733	-0.25070866144593323	A	162	True	0.5824347377184356	0.3703391057451395	76.99450000000002	29;30;32;33;137;138;139;140;157;158;166;167;
A	164	ALA	-0.30590849559991029	-0.70651939394743168	A	163	True	0.6392553015030314	0.40159041582666727	52.031499999999994	30;158;159;167;168;169;
P	165	PRO	0.09013185599196287	-0.023490312982104845	A	164	True	0.3425116528085272	0.23838140904468993	39.409	29;30;133;134;159;160;168;169;170;
Y	166	TYR	0.0	0.60493858061156469	A	165	True	0.0	0.0036356159518491178	0.8947	26;27;28;29;30;31;32;33;114;132;133;160;161;169;170;
S	167	SER	0.17423610478707699	0.62958567104515784	A	166	True	0.18542305662957684	0.15198268114626726	20.598	26;27;29;30;33;161;162;170;171;172;
D	168	ASP	0.80045370067687205	1.1506284087107321	A	167	True	0.6369140105582657	0.4003027058070461	66.91420000000001	26;29;30;162;163;171;172;
E	169	GLU	0.12984652381969333	0.91836378298936205	A	168	True	0.13921254077439438	0.1265668974259169	24.842499999999998	26;27;29;30;107;110;111;163;164;172;173;
L	170	LEU	0.15576443522034483	1.8021174228798202	A	169	True	0.08476836869974619	0.0966226027848604	20.088099999999997	23;24;25;26;27;28;29;30;51;110;163;164;165;173;174;175;
R	171	ARG	1.258672529828589	1.4051670538388399	A	170	True	0.8820935735014489	0.5351514654257968	146.1032	26;27;50;51;164;165;166;174;175;
Q	172	GLN	0.60509722230934526	0.97939651361904578	A	171	True	0.5855668850111421	0.3720617867561281	77.53309999999999	26;106;107;110;166;167;175;176;
R	173	ARG	0.0	0.47089751121293805	A	172	True	0.0	0.0	0.0	22;23;24;25;26;27;103;106;107;110;166;167;168;176;177;179;
L	174	LEU	0.25157001088707726	1.3364156495125028	A	173	True	0.2795640373204301	0.20376022052623657	42.362300000000005	22;23;25;26;27;50;51;52;168;169;177;179;
A	175	ALA	-0.13064903564983588	0.47882421366394284	A	174	True	1.0	0.6015748250280171	77.9422	26;51;52;169;170;178;179;
A	176	ALA	0.13708312782121718	0.87723813432236186	A	175	True	0.38278596205050863	0.2605322791277797	33.7555	22;26;100;102;103;104;106;107;169;170;171;179;
R	177	ARG	0.0	0.22057447190912677	A	176	True	0.0	0.00203909853310907	0.5567	19;20;22;23;25;26;52;99;100;102;103;104;106;107;171;172;180;181;
L	178	LEU	0.15667300252838945	0.19283101333060876	A	177	True	0.7241671224087037	0.448291917324787	93.2011	19;22;23;52;99;100;103;172;173;181;182;
E	179	GLU	0.41113453095564423	0.70549736618851544	A	178	True	0.5660479883149995	0.36132639357324964	70.921	19;22;96;97;98;99;100;101;102;103;104;174;182;
A	180	ALA	0.0	1.2461985973018301	A	179	True	0.0	0.0	0.0	18;19;20;21;22;23;96;97;98;99;100;101;102;103;104;172;173;174;175;
L	181	LEU	0.0	1.011273839158721	A	180	True	0.0	0.0	0.0	15;16;17;18;19;20;21;22;23;93;95;96;97;98;99;100;101;103;176;194;237;238;
K	182	LYS	0.70211081704005207	1.455092851935639	A	181	True	0.47495971647976176	0.31122784406386894	76.5008	15;16;18;19;20;22;23;52;55;96;97;99;100;176;177;193;194;
E	183	GLU	0.0	1.0261207055449446	A	182	True	0.0	0.027383385741564587	5.3748000000000005	12;14;15;16;17;18;19;20;54;55;58;92;93;96;177;178;192;193;194;195;
N	184	ASN	0.43776209549906436	1.0216619354162546	A	183	True	0.463398574495897	0.3048692159727433	54.04630000000001	15;19;55;92;96;192;193;194;195;
G	185	GLY	1.4964517353629962	1.8874277831674147	A	184	True	0.9573866786241716	0.5765626732432944	57.72090000000001	193;194;195;
G	186	GLY	0.75808650629049645	1.131227631200032	A	185	True	1.0	0.8755894642106199	87.6571	189;193;
A	187	ALA	0.47604281543947652	0.58160885982933708	A	186	True	1.0	0.6024763127915554	78.05899999999998	190;
R	188	ARG	0.82259722205438879	0.83507741888801479	A	187	True	1.0	0.9357663816495049	255.47619999999998	
L	189	LEU	0.25775801503633017	0.24235616880442018	A	188	True	1.0	0.7801336875374875	162.1919	196;
A	190	ALA	0.14604462476043031	0.072252991615321616	A	189	True	0.8266101113135312	0.5046355612224421	65.3824	185;193;194;195;196;197;198;199;
E	191	GLU	0.14094897061571698	0.071138299083149642	A	190	True	0.7323756518762014	0.4528066085319107	88.87670000000001	186;195;196;197;198;
Y	192	TYR	-0.031192991738650526	0.0082658349248236115	A	191	True	0.31637357790793225	0.2240054678493627	55.1262	12;58;59;61;62;65;66;195;196;
H	193	HIS	0.0047077970182111085	0.25638225888878641	A	192	True	0.014264711112710883	0.05784559111199099	12.272	8;9;11;12;13;15;58;59;61;62;182;183;196;197;
A	194	ALA	0.0	0.18911686751577747	A	193	True	0.0	0.023295894834660352	3.0183	11;12;13;14;15;16;55;58;59;62;181;182;183;184;185;189;197;
K	195	LYS	0.0	0.18366725958071206	A	194	True	0.0	0.019979398152668477	4.9110000000000005	11;12;14;15;16;19;89;92;93;95;96;180;181;182;183;184;189;199;
A	196	ALA	0.14589859529253982	0.59043192757319851	A	195	True	0.24054904309543734	0.18230197370249052	23.6197	11;12;15;88;89;91;92;93;182;183;184;189;190;191;199;200;
T	197	THR	0.014750682675407219	0.31188575767929788	A	196	True	0.258821124546782	0.19235161850073007	31.3265	11;12;88;188;189;190;191;192;200;
E	198	GLU	0.11278505289673178	0.48970170859280315	A	197	True	0.3733414429768	0.25533779363723996	50.1176	8;11;12;84;85;88;89;189;190;192;193;201;
H	199	HIS	0.13804415670146922	-0.03957345278715866	A	198	True	1.0	0.678021315006764	143.8429	85;88;189;190;202;203;
L	200	LEU	-0.077333581982601707	-0.28632747476735509	A	199	True	0.6324371492486194	0.3978404320867406	82.7121	88;91;92;189;194;195;203;
S	201	SER	0.021925186866074486	-0.069608864688344277	A	200	True	0.6936888061064065	0.43152884335852354	58.4845	88;195;196;204;
T	202	THR	0.033544727714098062	-0.086205397945135986	A	201	True	1.0	0.8603529644370708	140.1176	84;88;197;
L	203	LEU	0.40472980696895272	0.34574619030926901	A	202	True	1.0	0.8078750300020152	167.9594	198;
S	204	SER	0.33723954483566998	0.59386261427323184	A	203	True	0.5239051187183168	0.3381478152950742	45.8287	87;88;91;198;199;
E	205	GLU	1.1235077840495498	1.0088470238082603	A	204	True	1.0	0.6725054463123016	131.99910000000003	87;91;200;
K	206	LYS	1.4116609439520187	1.3993884948775968	A	205	True	0.9956526936257063	0.5976089814941384	146.8942	87;90;91;92;94;95;210;224;
A	207	ALA	0.080544003514647244	1.6617482123082086	A	206	True	0.05023885777122027	0.07763137177417115	10.058200000000001	87;90;91;92;93;94;95;96;210;211;222;223;224;225;226;227;
K	208	LYS	0.44781200599882987	1.2418847189947924	A	207	True	0.36046753145310045	0.2482571422992052	61.0224	87;88;89;90;91;92;93;94;95;211;224;225;226;227;228;229;
P	209	PRO	0.63788479587155911	1.1994025480464376	A	208	True	0.7062995690813046	0.4384647629947175	72.4866	90;91;93;94;222;223;224;225;226;227;228;242;
A	210	ALA	0.18964139826141785	1.2113428065942933	A	209	True	0.22809605054618318	0.17545282780040072	22.732300000000002	94;98;221;222;223;224;225;226;227;242;
L	211	LEU	0.33962908447227846	1.0111581615137506	A	210	True	0.4923313996053311	0.32078226978293206	66.69149999999999	205;206;218;219;221;222;223;224;225;226;
E	212	GLU	0.73179595267885333	1.0963244763155293	A	211	True	0.6345504529808963	0.3990027491394929	78.3161	206;207;222;
D	213	ASP	1.0338585569047543	0.90270252504280912	A	212	True	1.0	0.8165213957968163	136.4889	
L	214	LEU	0.67152364081648952	1.0889921546951955	A	213	True	0.6565874324864469	0.41112308786754576	85.4736	217;218;
R	215	ARG	0.98965893281147088	1.053198138939877	A	214	True	1.0	0.8350348408572783	227.97519999999997	218;
Q	216	GLN	0.16249668150022384	0.15241581174215549	A	215	True	1.0	0.9631465772691957	200.70789999999997	
G	217	GLY	-0.022512842646014344	-0.040616453338885528	A	216	True	0.9030276151343437	0.546665188323889	54.7278	
L	218	LEU	-0.23157469401160258	-0.27661755247829195	A	217	True	1.0	0.9046424120514066	188.0776	213;
L	219	LEU	-0.71564887296705793	-1.1447366400195937	A	218	True	0.7309167833187002	0.45200423082528507	93.9729	210;213;214;222;
P	220	PRO	-0.34597190239577941	-0.61714224035495469	A	219	True	0.5128609953829788	0.3320735474606383	54.8981	210;223;224;
V	221	VAL	-0.59138663924983492	-0.62759759470658649	A	220	True	1.0	0.8910299945309627	159.0125	
L	222	LEU	-0.80919451693657918	-0.90059910703314472	A	221	True	1.0	0.6158602076836905	128.03900000000002	98;209;210;225;
E	223	GLU	-0.15532235329295013	-0.5316625223351813	A	222	True	0.6415052812416574	0.4028279046829115	79.06689999999999	98;206;208;209;210;211;218;226;
S	224	SER	-0.58858891915458544	-1.3297670207001069	A	223	True	0.4761151386631176	0.31186332626471464	42.266400000000004	94;95;96;97;98;99;101;206;208;209;210;219;
F	225	PHE	-0.13859590075886666	-0.69619627889073366	A	224	True	0.6431785611010356	0.4037482086055695	92.7729	91;92;93;94;95;96;97;98;99;205;206;207;208;209;210;219;
K	226	LYS	-0.16638945823810994	-0.93662399833269283	A	225	True	0.2969895502506957	0.21334425263788262	52.44069999999999	90;91;92;93;94;95;96;97;98;99;100;101;206;207;208;209;210;221;237;241;242;
V	227	VAL	-0.0	-1.7233361230714219	A	226	True	0.0	0.0031144373615930136	0.5558	90;91;92;93;94;95;96;97;98;206;207;208;209;210;222;237;241;242;
S	228	SER	-0.17205172453805154	-1.7220975758134522	A	227	True	0.13789199542317332	0.12584059748274531	17.055	86;87;89;90;91;92;93;94;95;97;206;207;208;209;231;232;237;241;242;
F	229	PHE	-0.89405916382564765	-1.2267414224886986	A	228	True	1.0	0.6018811110322915	138.2997	86;87;89;90;91;93;94;207;208;232;
L	230	LEU	-0.72378163660895078	-1.6798992207285881	A	229	True	0.5239362189401798	0.3381649204170989	70.30539999999999	82;83;85;86;87;88;89;90;93;207;233;
S	231	SER	-0.0	-0.542372666036678	A	230	True	0.0	0.039103923452319285	5.2997	7;10;11;14;82;85;86;87;88;89;90;93;234;236;
A	232	ALA	0.018325592136272786	-0.033338809396465725	A	231	True	0.5950074642176436	0.37725410531970394	48.8784	1;14;86;89;227;235;236;237;
L	233	LEU	-0.0	0.14760978476421721	A	232	True	0.0	0.003308278343667494	0.6878	1;10;11;13;14;15;17;18;89;90;93;227;228;236;237;238;239;
E	234	GLU	0.0046026230327851593	0.30938718958244105	A	233	True	0.2186872937659061	0.17027801157124833	33.42209999999999	0;1;2;3;5;7;10;11;12;13;14;15;17;229;237;238;
E	235	GLU	0.050536904567449678	0.59605810319182695	A	234	True	0.07410967916084091	0.0907603235384625	17.814400000000003	0;1;2;10;13;14;15;16;17;18;21;230;238;239;
Y	236	TYR	0.71810180634900733	1.0100122395895654	A	235	True	0.8005938698513989	0.49032662841826935	120.666	0;1;14;17;18;21;231;239;240;
T	237	THR	-0.0019162174546110456	1.0100122395895632	A	236	True	0.5518056546518926	0.3534931100585409	57.570100000000004	1;14;17;18;230;231;232;240;241;242;
K	238	LYS	-0.074005770832124215	0.80199836489836718	A	237	True	0.21932801229897447	0.17063040676443594	41.941500000000005	17;18;93;94;97;180;225;226;227;231;232;233;241;242;
K	239	LYS	-0.0	0.21273380600738478	A	238	True	0.0	0.03491614429755186	8.5825	14;15;16;17;18;19;20;21;22;93;97;100;180;232;233;234;242;
L	240	LEU	0.070916146911228647	0.7126539749294889	A	239	True	0.42561924837479703	0.28409058660613834	59.063199999999995	17;18;21;22;117;118;232;234;235;
N	241	ASN	0.10117874146187684	0.94289277558972151	A	240	True	0.24418642217341432	0.18430253219537787	32.6726	18;21;22;97;100;101;104;117;118;235;236;
T	242	THR	-0.02616834876845955	0.40786797022328769	A	241	True	0.30308988177619384	0.21669943497690658	35.291799999999995	97;98;100;101;104;118;225;226;227;236;237;
Q	243	GLN	-0.36735810743578839	-0.34834757037830538	A	242	True	1.0	0.6279384829603242	163.43110000000001	97;208;209;225;226;227;236;237;238;
